20000	3745722
30020000	22935
60020000	93486
90020000	45044
120020000	24861
150020000	25246
180020000	88689
210020000	83064
240020000	20218
270020000	78774
300020000	17405
330020000	49352
360020000	17979
390020000	20478
420020000	37373
450020000	18078
480020000	35477
510020000	60613
540020000	40462
570020000	75939
600020000	56256
630020000	26860
660020000	19817
690020000	62466
720020000	31491
750020000	79634
780020000	22147
810020000	60562
840020000	18040
870020000	25276
900020000	49673
930020000	20345
960020000	29745
990020000	21581
1020020000	32234
1050020000	52613
1080020000	25660
1110020000	27865
1140020000	17668
1170020000	63513
1200020000	55255
1230020000	30269
1260020000	25647
1290020000	17800
1320020000	61710
1350020000	60090
1380020000	19154
1410020000	44316
1440020000	57906
1470020000	18571
1500020000	22234
1530020000	82643
1560020000	57299
1590020000	39229
1620020000	37016
1650020000	30709
1680020000	55246
1710020000	30564
1740020000	20422
1770020000	19310
1800020000	18978
1830020000	84219
1860020000	82117
1890020000	76062
1920020000	80413
1950020000	76747
1980020000	88380
2010020000	65151
2040020000	19159
2070020000	68751
2100020000	17870
2130020000	37278
2160020000	34412
2190020000	76500
2220020000	21162
2250020000	79375
2280020000	20128
2310020000	22645
2340020000	64159
2370020000	22034
2400020000	75094
2430020000	79366
2460020000	69994
2490020000	71292
2520020000	32984
2550020000	146401
2580020000	87099
2610020000	22194
2640020000	81844
2670020000	41452
2700020000	44487
2730020000	80317
2760020000	25101
2790020000	31065
2820020000	59350
2850020000	29938
2880020000	88299
2910020000	24542
2940020000	62045
2970020000	29957
3000020000	27949
3030020000	82630
3060020000	24343
3090020000	85458
3120020000	15870
3150020000	30267
3180020000	23727
3210020000	61613
3240020000	24690
3270020000	45035
3300020000	25920
3330020000	85635
3360020000	21606
3390020000	21678
3420020000	36963
3450020000	19736
3480020000	24124
3510020000	63687
3540020000	69048
3570020000	16750
3600020000	21326
3630020000	48949
3660020000	27004
3690020000	23502
3720020000	85692
3750020000	18303
3780020000	18458
3810020000	28912
3840020000	33581
3870020000	55789
3900020000	36253
3930020000	45200
3960020000	30547
3990020000	58157
4020020000	23982
4050020000	79617
4080020000	83508
4110020000	81441
4140020000	27873
4170020000	81583
4200020000	44363
4230020000	18097
4260020000	33339
4290020000	20810
4320020000	136340
4350020000	18712
4380020000	90255
4410020000	74689
4440020000	16972
4470020000	87515
4500020000	30213
4530020000	26446
4560020000	230598
4590020000	85026
4620020000	22573
4650020000	26612
4680020000	19115
4710020000	107243
4740020000	22791
4770020000	58399
4800020000	26230
4830020000	20347
4860020000	68275
4890020000	43735
4920020000	50630
4950020000	57881
4980020000	84651
5010020000	32009
5040020000	62213
5070020000	73429
5100020000	80453
5130020000	18698
5160020000	47993
5190020000	23477
5220020000	33764
5250020000	83844
5280020000	181660
5310020000	39511
5340020000	39979
5370020000	626332
5400020000	80319
5430020000	21439
5460020000	76632
5490020000	18870
5520020000	78669
5550020000	32754
5580020000	23718
5610020000	84889
5640020000	44565
5670020000	71377
5700020000	24674
5730020000	77265
5760020000	36078
5790020000	21659
5820020000	19791
5850020000	62529
5880020000	72887
5910020000	73085
5940020000	19055
5970020000	24513
6000020000	23871
6030020000	224198
6060020000	28374
6090020000	29706
6120020000	77461
6150020000	74884
6180020000	78288
6210020000	80017
6240020000	25052
6270020000	37488
6300020000	30983
6330020000	21122
6360020000	30310
6390020000	43261
6420020000	32830
6450020000	26750
6480020000	75116
6510020000	50203
6540020000	85025
6570020000	77358
6600020000	24481
6630020000	80765
6660020000	45461
6690020000	73189
6720020000	73008
6750020000	17671
6780020000	18972
6810020000	19053
6840020000	22649
6870020000	60094
6900020000	17357
6930020000	39707
6960020000	24042
6990020000	34682
7020020000	82652
7050020000	67977
7080020000	25798
7110020000	88515
7140020000	55891
7170020000	16965
7200020000	23666
7230020000	23414
7260020000	19662
7290020000	66016
7320020000	90207
7350020000	56647
7380020000	68928
7410020000	56956
7440020000	44382
7470020000	48622
7500020000	55781
7530020000	39315
7560020000	55541
7590020000	26669
7620020000	23811
7650020000	29516
7680020000	55059
7710020000	27619
7740020000	51071
7770020000	53217
7800020000	79684
7830020000	22006
7860020000	24963
7890020000	46651
7920020000	42445
7950020000	24003
7980020000	85472
8010020000	21217
8040020000	65016
8070020000	28833
8100020000	86182
8130020000	17728
8160020000	51856
8190020000	45654
8220020000	21057
8250020000	22782
8280020000	32053
8310020000	29756
8340020000	30134
8370020000	23030
8400020000	54552
8430020000	35460
8460020000	26554
8490020000	62141
8520020000	84239
8550020000	29723
8580020000	16899
8610020000	24184
8640020000	54820
8670020000	23736
8700020000	85012
8730020000	29705
8760020000	15792
8790020000	58041
8820020000	75979
8850020000	26115
8880020000	22205
8910020000	21120
8940020000	44449
8970020000	41641
9000020000	79833
9030020000	34579
9060020000	24646
9090020000	22168
9120020000	20755
9150020000	41507
9180020000	87445
9210020000	28856
9240020000	61085
9270020000	80126
9300020000	56401
9330020000	34665
9360020000	80136
9390020000	17351
9420020000	83870
9450020000	16970
9480020000	71754
9510020000	18795
9540020000	85433
9570020000	102439
9600020000	19204
9630020000	62794
9660020000	54744
9690020000	77847
9720020000	36838
9750020000	46293
9780020000	63713
9810020000	64229
9840020000	91417
9870020000	39332
9900020000	88316
9930020000	28901
9960020000	79152
9990020000	27261
10020020000	181971462
10050020000	151971462
10080020000	121971462
10110020000	91971462
10140020000	61971462
10170020000	31971462
10200020000	2810782
10230020000	99034
10260020000	83390
10290020000	106044
10320020000	70643
10350020000	129355
10380020000	108677
10410020000	115740
10440020000	91439
10470020000	127342
10500020000	30307
10530020000	122925
10560020000	111003
10590020000	77468
10620020000	65064
10650020000	86311
10680020000	67450
10710020000	123819
10740020000	88717
10770020000	87682
10800020000	86675
10830020000	59561
10860020000	136193
10890020000	65889
10920020000	107453
10950020000	116336
10980020000	94297
11010020000	125766
11040020000	86494
11070020000	105675
11100020000	66884
11130020000	93141
11160020000	108310
11190020000	82254
11220020000	87350
11250020000	114527
11280020000	112314
11310020000	63032
11340020000	92721
11370020000	82739
11400020000	105781
11430020000	74395
11460020000	68034
11490020000	124449
11520020000	56828
11550020000	79870
11580020000	82354
11610020000	106322
11640020000	105124
11670020000	49600
11700020000	89449
11730020000	80068
11760020000	55005
11790020000	137348
11820020000	117132
11850020000	75802
11880020000	92576
11910020000	112716
11940020000	125375
11970020000	66175
12000020000	100168
12030020000	73605
12060020000	71417
12090020000	56504
12120020000	116422
12150020000	66155
12180020000	135586
12210020000	68478
12240020000	35121
12270020000	63117
12300020000	132861
12330020000	83202
12360020000	64811
12390020000	96919
12420020000	136382
12450020000	132381
12480020000	88453
12510020000	98444
12540020000	91112
12570020000	97591
12600020000	115215
12630020000	78754
12660020000	129727
12690020000	133236
12720020000	29203
12750020000	107492
12780020000	106389
12810020000	100486
12840020000	136590
12870020000	80240
12900020000	125126
12930020000	102845
12960020000	85627
12990020000	73549
13020020000	107715
13050020000	108421
13080020000	21948
13110020000	120802
13140020000	85944
13170020000	59091
13200020000	100988
13230020000	93841
13260020000	102230
13290020000	112287
13320020000	65015
13350020000	97581
13380020000	113590
13410020000	83485
13440020000	110079
13470020000	78493
13500020000	119375
13530020000	130100
13560020000	79688
13590020000	63070
13620020000	61722
13650020000	103615
13680020000	85345
13710020000	77795
13740020000	62992
13770020000	54465
13800020000	92045
13830020000	87981
13860020000	111055
13890020000	101363
13920020000	26152
13950020000	129294
13980020000	130101
14010020000	96730
14040020000	61093
14070020000	91126
14100020000	133707
14130020000	46458
14160020000	104084
14190020000	74569
14220020000	77627
14250020000	80276
14280020000	116540
14310020000	108760
14340020000	109973
14370020000	56091
14400020000	123254
14430020000	64081
14460020000	63830
14490020000	140750
14520020000	94515
14550020000	86944
14580020000	117313
14610020000	114964
14640020000	105651
14670020000	104384
14700020000	39506
14730020000	77891
14760020000	105693
14790020000	62296
14820020000	131054
14850020000	80196
14880020000	76154
14910020000	130602
14940020000	117341
14970020000	86318
15000020000	63275
15030020000	78737
15060020000	45360
15090020000	60012
15120020000	79226
15150020000	66980
15180020000	120283
15210020000	80903
15240020000	98686
15270020000	34467
15300020000	111640
15330020000	94887
15360020000	103884
15390020000	115548
15420020000	53884
15450020000	75144
15480020000	98580
15510020000	106773
15540020000	65516
15570020000	64502
15600020000	112844
15630020000	127478
15660020000	65567
15690020000	86094
15720020000	124397
15750020000	96513
15780020000	95142
15810020000	57689
15840020000	55898
15870020000	83633
15900020000	137334
15930020000	123105
15960020000	75498
15990020000	95093
16020020000	129633
16050020000	61699
16080020000	84039
16110020000	118228
16140020000	90007
16170020000	73399
16200020000	93093
16230020000	83026
16260020000	76342
16290020000	137258
16320020000	63231
16350020000	134854
16380020000	133930
16410020000	76000
16440020000	88117
16470020000	124246
16500020000	76790
16530020000	67068
16560020000	65687
16590020000	89342
16620020000	86990
16650020000	68945
16680020000	58426
16710020000	73930
16740020000	79938
16770020000	61041
16800020000	73158
16830020000	84654
16860020000	82758
16890020000	84111
16920020000	105774
16950020000	120105
16980020000	114165
17010020000	78498
17040020000	95921
17070020000	78916
17100020000	138214
17130020000	83408
17160020000	102384
17190020000	132714
17220020000	85007
17250020000	133138
17280020000	111516
17310020000	112628
17340020000	117968
17370020000	79692
17400020000	109457
17430020000	127952
17460020000	64263
17490020000	132775
17520020000	66455
17550020000	68222
17580020000	85310
17610020000	85297
17640020000	106470
17670020000	104836
17700020000	92707
17730020000	40292
17760020000	109630
17790020000	82870
17820020000	92558
17850020000	107931
17880020000	69402
17910020000	80174
17940020000	59333
17970020000	104265
18000020000	112370
18030020000	64286
18060020000	94443
18090020000	87460
18120020000	89224
18150020000	124101
18180020000	80955
18210020000	88387
18240020000	78672
18270020000	86510
18300020000	20938
18330020000	127869
18360020000	108570
18390020000	104471
18420020000	101488
18450020000	57536
18480020000	125134
18510020000	79719
18540020000	75917
18570020000	120301
18600020000	130917
18630020000	134300
18660020000	69255
18690020000	67606
18720020000	108465
18750020000	110762
18780020000	55979
18810020000	68074
18840020000	60305
18870020000	120513
18900020000	93198
18930020000	132785
18960020000	135257
18990020000	115429
19020020000	59977
19050020000	105810
19080020000	133437
19110020000	97833
19140020000	104789
19170020000	58007
19200020000	105514
19230020000	138118
19260020000	88996
19290020000	73003
19320020000	61805
19350020000	109374
19380020000	74376
19410020000	108820
19440020000	135397
19470020000	109861
19500020000	66373
19530020000	61497
19560020000	90134
19590020000	108107
19620020000	93894
19650020000	75320
19680020000	107599
19710020000	64438
19740020000	64013
19770020000	102828
19800020000	103974
19830020000	79843
19860020000	75542
19890020000	115870
19920020000	108595
19950020000	50994
19980020000	73943
20010020000	820208
20040020000	905919
20070020000	212776
20100020000	502347
20130020000	864311
20160020000	25892
20190020000	20107
20220020000	64370
20250020000	24100
20280020000	23871
20310020000	19549
20340020000	24619
20370020000	80551
20400020000	72099
20430020000	77817
20460020000	30075
20490020000	54515
20520020000	24872
20550020000	73368
20580020000	24176
20610020000	30706
20640020000	41179
20670020000	75452
20700020000	23117
20730020000	18491
20760020000	71113
20790020000	40911
20820020000	84784
20850020000	20022
20880020000	80286
20910020000	30990
20940020000	22320
20970020000	75875
21000020000	21980
21030020000	36034
21060020000	21366
21090020000	81859
21120020000	67526
21150020000	86419
21180020000	56954
21210020000	77241
21240020000	22589
21270020000	20722
21300020000	44684
21330020000	61763
21360020000	69859
21390020000	20584
21420020000	83739
21450020000	25565
21480020000	21759
21510020000	54857
21540020000	20207
21570020000	23721
21600020000	16517
21630020000	30175
21660020000	64163
21690020000	57586
21720020000	61710
21750020000	22681
21780020000	41783
21810020000	20135
21840020000	28851
21870020000	22246
21900020000	80380
21930020000	55204
21960020000	19711
21990020000	41302
22020020000	27080
22050020000	21878
22080020000	36665
22110020000	17666
22140020000	25057
22170020000	55420
22200020000	47901
22230020000	25502
22260020000	68185
22290020000	39012
22320020000	74268
22350020000	45068
22380020000	65919
22410020000	22658
22440020000	39044
22470020000	70111
22500020000	23450
22530020000	52647
22560020000	28601
22590020000	81347
22620020000	64161
22650020000	60286
22680020000	41692
22710020000	60828
22740020000	64424
22770020000	53139
22800020000	22460
22830020000	67102
22860020000	75812
22890020000	81842
22920020000	25823
22950020000	30927
22980020000	79373
23010020000	41579
23040020000	87564
23070020000	30235
23100020000	84757
23130020000	23043
23160020000	28790
23190020000	20874
23220020000	22209
23250020000	22294
23280020000	30082
23310020000	61465
23340020000	20199
23370020000	23486
23400020000	73912
23430020000	80152
23460020000	23050
23490020000	82177
23520020000	24125
23550020000	22579
23580020000	20967
23610020000	36342
23640020000	16851
23670020000	40267
23700020000	41360
23730020000	23850
23760020000	63183
23790020000	70131
23820020000	23373
23850020000	73299
23880020000	20562
23910020000	26343
23940020000	29547
23970020000	19935
24000020000	61633
24030020000	74087
24060020000	63085
24090020000	36029
24120020000	81939
24150020000	19172
24180020000	69996
24210020000	20663
24240020000	68203
24270020000	79861
24300020000	29818
24330020000	42168
24360020000	83446
24390020000	30876
24420020000	18225
24450020000	23202
24480020000	45870
24510020000	62676
24540020000	24065
24570020000	33239
24600020000	31691
24630020000	79909
24660020000	62684
24690020000	50959
24720020000	58487
24750020000	56058
24780020000	21083
24810020000	31696
24840020000	24191
24870020000	29839
24900020000	68578
24930020000	64452
24960020000	23863
24990020000	21616
25020020000	29450
25050020000	79128
25080020000	58006
25110020000	75853
25140020000	23882
25170020000	20903
25200020000	34882
25230020000	71774
25260020000	55800
25290020000	21608
25320020000	76255
25350020000	22024
25380020000	29947
25410020000	46334
25440020000	34844
25470020000	76905
25500020000	28527
25530020000	24210
25560020000	84484
25590020000	82925
25620020000	21970
25650020000	60147
25680020000	56349
25710020000	20842
25740020000	23094
25770020000	66013
25800020000	20983
25830020000	20537
25860020000	28372
25890020000	18084
25920020000	74303
25950020000	72394
25980020000	16529
26010020000	33106
26040020000	23022
26070020000	20070
26100020000	20454
26130020000	67105
26160020000	20475
26190020000	78102
26220020000	34306
26250020000	39261
26280020000	62409
26310020000	30593
26340020000	73272
26370020000	19759
26400020000	20293
26430020000	74298
26460020000	18724
26490020000	37730
26520020000	80082
26550020000	67855
26580020000	60404
26610020000	80065
26640020000	24391
26670020000	78043
26700020000	28043
26730020000	19493
26760020000	38051
26790020000	25663
26820020000	81234
26850020000	83613
26880020000	67477
26910020000	88047
26940020000	76092
26970020000	54779
27000020000	82646
27030020000	41914
27060020000	61262
27090020000	20704
27120020000	28149
27150020000	57006
27180020000	22483
27210020000	80491
27240020000	38389
27270020000	82303
27300020000	81207
27330020000	22501
27360020000	17050
27390020000	28440
27420020000	20431
27450020000	73030
27480020000	66792
27510020000	35665
27540020000	21829
27570020000	17531
27600020000	81689
27630020000	34315
27660020000	56694
27690020000	24551
27720020000	21563
27750020000	58273
27780020000	20886
27810020000	85029
27840020000	21486
27870020000	20140
27900020000	43779
27930020000	78779
27960020000	18386
27990020000	33759
28020020000	81361
28050020000	56630
28080020000	20767
28110020000	19377
28140020000	31561
28170020000	19892
28200020000	88227
28230020000	21227
28260020000	20575
28290020000	41640
28320020000	77488
28350020000	21787
28380020000	82241
28410020000	92576
28440020000	50829
28470020000	76452
28500020000	19023
28530020000	81971
28560020000	30273
28590020000	77508
28620020000	70451
28650020000	75134
28680020000	22114
28710020000	33812
28740020000	19107
28770020000	18713
28800020000	62434
28830020000	20650
28860020000	48874
28890020000	50528
28920020000	32086
28950020000	39558
28980020000	33035
29010020000	18120
29040020000	18930
29070020000	55570
29100020000	23541
29130020000	34310
29160020000	55216
29190020000	24440
29220020000	79126
29250020000	23790
29280020000	18189
29310020000	18303
29340020000	79363
29370020000	52407
29400020000	25630
29430020000	16324
29460020000	30714
29490020000	86034
29520020000	62635
29550020000	22087
29580020000	19027
29610020000	66560
29640020000	25132
29670020000	84436
29700020000	25251
29730020000	72901
29760020000	54138
29790020000	89512
29820020000	54313
29850020000	85225
29880020000	18333
29910020000	19423
29940020000	20794
29970020000	71362
