20000	8584441
30020000	117201
60020000	56015
90020000	214133
120020000	155984
150020000	88282
180020000	196963
210020000	85620
240020000	24533
270020000	64205
300020000	85756
330020000	20660
360020000	68739
390020000	25406
420020000	85849
450020000	18983
480020000	34309
510020000	19280
540020000	20255
570020000	23853
600020000	23386
630020000	93948
660020000	19446
690020000	65989
720020000	16412
750020000	18019
780020000	18822
810020000	20013
840020000	22502
870020000	17765
900020000	91887
930020000	23555
960020000	87242
990020000	19008
1020020000	64783
1050020000	19208
1080020000	90578
1110020000	76289
1140020000	83601
1170020000	71391
1200020000	20397
1230020000	17610
1260020000	84520
1290020000	49258
1320020000	27986
1350020000	45263
1380020000	18597
1410020000	18652
1440020000	29813
1470020000	33824
1500020000	23520
1530020000	24518
1560020000	16554
1590020000	45861
1620020000	86816
1650020000	25373
1680020000	20430
1710020000	45777
1740020000	21597
1770020000	82663
1800020000	21835
1830020000	40704
1860020000	26213
1890020000	51431
1920020000	23366
1950020000	56159
1980020000	23542
2010020000	22201
2040020000	89288
2070020000	20965
2100020000	84670
2130020000	29831
2160020000	51700
2190020000	48802
2220020000	84031
2250020000	17052
2280020000	22227
2310020000	21272
2340020000	31098
2370020000	81359
2400020000	65758
2430020000	23831
2460020000	18826
2490020000	36522
2520020000	76731
2550020000	17771
2580020000	89788
2610020000	23460
2640020000	47029
2670020000	29265
2700020000	20005
2730020000	21673
2760020000	21160
2790020000	28160
2820020000	17150
2850020000	72644
2880020000	18195
2910020000	46873
2940020000	20902
2970020000	19036
3000020000	23666
3030020000	25184
3060020000	17362
3090020000	41230
3120020000	82123
3150020000	50887
3180020000	17255
3210020000	123757
3240020000	21273
3270020000	47239
3300020000	20397
3330020000	21713
3360020000	80437
3390020000	67777
3420020000	34811
3450020000	23953
3480020000	50518
3510020000	21066
3540020000	22628
3570020000	89180
3600020000	63697
3630020000	24170
3660020000	23178
3690020000	18888
3720020000	64989
3750020000	76358
3780020000	20974
3810020000	23917
3840020000	90002
3870020000	25867
3900020000	31959
3930020000	28695
3960020000	18055
3990020000	18746
4020020000	16851
4050020000	30580
4080020000	18708
4110020000	89411
4140020000	23223
4170020000	23136
4200020000	22710
4230020000	26106
4260020000	88518
4290020000	23087
4320020000	22000
4350020000	24651
4380020000	23829
4410020000	25418
4440020000	18774
4470020000	61063
4500020000	16585
4530020000	26119
4560020000	25032
4590020000	72921
4620020000	24852
4650020000	17697
4680020000	62184
4710020000	57022
4740020000	64589
4770020000	22511
4800020000	17241
4830020000	19997
4860020000	16916
4890020000	31463
4920020000	22394
4950020000	20409
4980020000	41869
5010020000	88120
5040020000	26995
5070020000	76459
5100020000	22301
5130020000	18728
5160020000	94311
5190020000	19329
5220020000	89682
5250020000	22946
5280020000	24573
5310020000	25402
5340020000	22963
5370020000	19658
5400020000	83804
5430020000	23592
5460020000	67960
5490020000	22390
5520020000	94107
5550020000	16772
5580020000	24318
5610020000	25464
5640020000	76609
5670020000	29121
5700020000	20397
5730020000	17566
5760020000	94837
5790020000	66695
5820020000	25703
5850020000	20807
5880020000	20906
5910020000	18971
5940020000	24261
5970020000	30737
6000020000	26274
6030020000	22265
6060020000	18992
6090020000	21552
6120020000	29146
6150020000	80446
6180020000	23517
6210020000	64928
6240020000	85136
6270020000	27812
6300020000	17062
6330020000	47342
6360020000	89735
6390020000	19735
6420020000	28305
6450020000	53696
6480020000	18519
6510020000	19256
6540020000	16859
6570020000	23673
6600020000	21501
6630020000	87685
6660020000	18980
6690020000	21191
6720020000	19794
6750020000	24599
6780020000	23941
6810020000	22951
6840020000	18487
6870020000	76706
6900020000	19400
6930020000	19208
6960020000	18149
6990020000	17233
7020020000	66023
7050020000	17059
7080020000	22322
7110020000	24182
7140020000	88132
7170020000	66209
7200020000	18141
7230020000	24219
7260020000	93247
7290020000	26251
7320020000	23433
7350020000	21365
7380020000	18377
7410020000	26835
7440020000	25475
7470020000	20748
7500020000	60068
7530020000	34041
7560020000	22277
7590020000	17456
7620020000	18905
7650020000	24597
7680020000	21051
7710020000	39942
7740020000	17498
7770020000	37330
7800020000	18068
7830020000	38725
7860020000	25634
7890020000	33466
7920020000	19223
7950020000	28330
7980020000	23684
8010020000	20482
8040020000	20139
8070020000	73608
8100020000	24807
8130020000	48631
8160020000	26511
8190020000	83832
8220020000	19512
8250020000	81487
8280020000	91506
8310020000	28810
8340020000	25624
8370020000	44262
8400020000	16564
8430020000	46115
8460020000	19205
8490020000	20656
8520020000	24456
8550020000	51567
8580020000	21040
8610020000	20362
8640020000	27229
8670020000	19173
8700020000	27931
8730020000	87789
8760020000	17668
8790020000	26674
8820020000	20818
8850020000	84706
8880020000	18772
8910020000	43039
8940020000	18289
8970020000	28889
9000020000	68132
9030020000	17320
9060020000	22520
9090020000	17801
9120020000	20694
9150020000	19293
9180020000	22880
9210020000	25088
9240020000	23686
9270020000	28487
9300020000	28486
9330020000	43141
9360020000	17126
9390020000	21680
9420020000	85423
9450020000	19932
9480020000	22347
9510020000	26079
9540020000	23629
9570020000	58923
9600020000	26624
9630020000	17761
9660020000	21849
9690020000	26949
9720020000	20339
9750020000	92814
9780020000	17379
9810020000	48579
9840020000	28020
9870020000	66138
9900020000	20280
9930020000	18371
9960020000	49769
9990020000	16886
10020020000	88318433
10050020000	58318433
10080020000	28318433
10110020000	479856
10140020000	39064
10170020000	60820
10200020000	95328
10230020000	111556
10260020000	104692
10290020000	89652
10320020000	101515
10350020000	90084
10380020000	108896
10410020000	91697
10440020000	95932
10470020000	102121
10500020000	82517
10530020000	103519
10560020000	64114
10590020000	95175
10620020000	77383
10650020000	59571
10680020000	84970
10710020000	112837
10740020000	72750
10770020000	76606
10800020000	94450
10830020000	138687
10860020000	61225
10890020000	122412
10920020000	98507
10950020000	135329
10980020000	71457
11010020000	104489
11040020000	120786
11070020000	61947
11100020000	41643
11130020000	92219
11160020000	76183
11190020000	102420
11220020000	95038
11250020000	61783
11280020000	131231
11310020000	131182
11340020000	63522
11370020000	129661
11400020000	86335
11430020000	76093
11460020000	97203
11490020000	135604
11520020000	143218
11550020000	75585
11580020000	89278
11610020000	109904
11640020000	57798
11670020000	62800
11700020000	115747
11730020000	127588
11760020000	121025
11790020000	61111
11820020000	31884
11850020000	86741
11880020000	104036
11910020000	54882
11940020000	111377
11970020000	134387
12000020000	126702
12030020000	108374
12060020000	76877
12090020000	138241
12120020000	71231
12150020000	136760
12180020000	55722
12210020000	86892
12240020000	99180
12270020000	137643
12300020000	96960
12330020000	122253
12360020000	59749
12390020000	93334
12420020000	61596
12450020000	114644
12480020000	111439
12510020000	99670
12540020000	113755
12570020000	55538
12600020000	88416
12630020000	69200
12660020000	133253
12690020000	37462
12720020000	114754
12750020000	127052
12780020000	107064
12810020000	136172
12840020000	109683
12870020000	96471
12900020000	123219
12930020000	54016
12960020000	59487
12990020000	77507
13020020000	77804
13050020000	90337
13080020000	114646
13110020000	68715
13140020000	86675
13170020000	82936
13200020000	111451
13230020000	97425
13260020000	127224
13290020000	64247
13320020000	23472
13350020000	76718
13380020000	72824
13410020000	85075
13440020000	67119
13470020000	123148
13500020000	126159
13530020000	81514
13560020000	126472
13590020000	124428
13620020000	138208
13650020000	71155
13680020000	74552
13710020000	76790
13740020000	113861
13770020000	94579
13800020000	127473
13830020000	105786
13860020000	78130
13890020000	95711
13920020000	105966
13950020000	74853
13980020000	50586
14010020000	87474
14040020000	115451
14070020000	136044
14100020000	65501
14130020000	89248
14160020000	65643
14190020000	87218
14220020000	82982
14250020000	81213
14280020000	96471
14310020000	64886
14340020000	91019
14370020000	97282
14400020000	107810
14430020000	32730
14460020000	62764
14490020000	123337
14520020000	66641
14550020000	77399
14580020000	48055
14610020000	61614
14640020000	66540
14670020000	98200
14700020000	56390
14730020000	111460
14760020000	92076
14790020000	121126
14820020000	130241
14850020000	33845
14880020000	108904
14910020000	125035
14940020000	83292
14970020000	119100
15000020000	74540
15030020000	95781
15060020000	134270
15090020000	63239
15120020000	63141
15150020000	28100
15180020000	82616
15210020000	36602
15240020000	29967
15270020000	41661
15300020000	82009
15330020000	118083
15360020000	144692
15390020000	69951
15420020000	95310
15450020000	69792
15480020000	120654
15510020000	38552
15540020000	107218
15570020000	97981
15600020000	64990
15630020000	77147
15660020000	20422
15690020000	91948
15720020000	72058
15750020000	22668
15780020000	90927
15810020000	68306
15840020000	113652
15870020000	91234
15900020000	61321
15930020000	64024
15960020000	133535
15990020000	137825
16020020000	137478
16050020000	109496
16080020000	125100
16110020000	102946
16140020000	73620
16170020000	130737
16200020000	51045
16230020000	64840
16260020000	132575
16290020000	61202
16320020000	99125
16350020000	98539
16380020000	82116
16410020000	100174
16440020000	53159
16470020000	127229
16500020000	134400
16530020000	109172
16560020000	58664
16590020000	21540
16620020000	52480
16650020000	73524
16680020000	132206
16710020000	65617
16740020000	132320
16770020000	70935
16800020000	86466
16830020000	129183
16860020000	73613
16890020000	85401
16920020000	108491
16950020000	122729
16980020000	97553
17010020000	148070
17040020000	74965
17070020000	107305
17100020000	88288
17130020000	88627
17160020000	122050
17190020000	58738
17220020000	93318
17250020000	87472
17280020000	104044
17310020000	71344
17340020000	74356
17370020000	68500
17400020000	122861
17430020000	85118
17460020000	46763
17490020000	82709
17520020000	109538
17550020000	83691
17580020000	113077
17610020000	101047
17640020000	108969
17670020000	111948
17700020000	53089
17730020000	60879
17760020000	101769
17790020000	60423
17820020000	23337
17850020000	93229
17880020000	122545
17910020000	105929
17940020000	57348
17970020000	93768
18000020000	78662
18030020000	148586
18060020000	115084
18090020000	78545
18120020000	85389
18150020000	63653
18180020000	103565
18210020000	82100
18240020000	132260
18270020000	49747
18300020000	54236
18330020000	125203
18360020000	80255
18390020000	122105
18420020000	139033
18450020000	71092
18480020000	130198
18510020000	106175
18540020000	90649
18570020000	89069
18600020000	58907
18630020000	115195
18660020000	116422
18690020000	82887
18720020000	31910
18750020000	79286
18780020000	141135
18810020000	126956
18840020000	101651
18870020000	150688
18900020000	110597
18930020000	96003
18960020000	72190
18990020000	80025
19020020000	147207
19050020000	131749
19080020000	63391
19110020000	74044
19140020000	70872
19170020000	58076
19200020000	68097
19230020000	124652
19260020000	43870
19290020000	100755
19320020000	109555
19350020000	98928
19380020000	46992
19410020000	59937
19440020000	69615
19470020000	82807
19500020000	92036
19530020000	49919
19560020000	60536
19590020000	88599
19620020000	83534
19650020000	136860
19680020000	55532
19710020000	63236
19740020000	114392
19770020000	124090
19800020000	107269
19830020000	62193
19860020000	75331
19890020000	82548
19920020000	104114
19950020000	79843
19980020000	107534
20010020000	502682
20040020000	498914
20070020000	332019
20100020000	26032
20130020000	22336
20160020000	18439
20190020000	25286
20220020000	64782
20250020000	24185
20280020000	23422
20310020000	62087
20340020000	80798
20370020000	20046
20400020000	27665
20430020000	23749
20460020000	63357
20490020000	21937
20520020000	44797
20550020000	24688
20580020000	17775
20610020000	25466
20640020000	61735
20670020000	26233
20700020000	27298
20730020000	23685
20760020000	49385
20790020000	82864
20820020000	51168
20850020000	16958
20880020000	69919
20910020000	65406
20940020000	62998
20970020000	20549
21000020000	50084
21030020000	81218
21060020000	18951
21090020000	28608
21120020000	19307
21150020000	24209
21180020000	22537
21210020000	26649
21240020000	19016
21270020000	18336
21300020000	25275
21330020000	64586
21360020000	16684
21390020000	22618
21420020000	18886
21450020000	85523
21480020000	25286
21510020000	22452
21540020000	89637
21570020000	18185
21600020000	23995
21630020000	29224
21660020000	65321
21690020000	41749
21720020000	20372
21750020000	30098
21780020000	23343
21810020000	16759
21840020000	22534
21870020000	20800
21900020000	86452
21930020000	58947
21960020000	17380
21990020000	23046
22020020000	24453
22050020000	27213
22080020000	24232
22110020000	51178
22140020000	21002
22170020000	50710
22200020000	63785
22230020000	19388
22260020000	27388
22290020000	20500
22320020000	30056
22350020000	30027
22380020000	27652
22410020000	20192
22440020000	25682
22470020000	85971
22500020000	21161
22530020000	25223
22560020000	22171
22590020000	21969
22620020000	32789
22650020000	28654
22680020000	81065
22710020000	18895
22740020000	20102
22770020000	53808
22800020000	53454
22830020000	21859
22860020000	85334
22890020000	19922
22920020000	27204
22950020000	83702
22980020000	23292
23010020000	17966
23040020000	25175
23070020000	52648
23100020000	80008
23130020000	18321
23160020000	16937
23190020000	22333
23220020000	19258
23250020000	24519
23280020000	46597
23310020000	26344
23340020000	92863
23370020000	22214
23400020000	21811
23430020000	26290
23460020000	17743
23490020000	24401
23520020000	40095
23550020000	29215
23580020000	44579
23610020000	77418
23640020000	59768
23670020000	54147
23700020000	46010
23730020000	24509
23760020000	20361
23790020000	18168
23820020000	18020
23850020000	17888
23880020000	34976
23910020000	17851
23940020000	16528
23970020000	21452
24000020000	42859
24030020000	68250
24060020000	24500
24090020000	20562
24120020000	22494
24150020000	90207
24180020000	96599
24210020000	67423
24240020000	89679
24270020000	83075
24300020000	26183
24330020000	29915
24360020000	92565
24390020000	18049
24420020000	51186
24450020000	70614
24480020000	88561
24510020000	79156
24540020000	18230
24570020000	18388
24600020000	23405
24630020000	21528
24660020000	21223
24690020000	94034
24720020000	46313
24750020000	24972
24780020000	88886
24810020000	82025
24840020000	74807
24870020000	24984
24900020000	21105
24930020000	74504
24960020000	23614
24990020000	53371
25020020000	19618
25050020000	20722
25080020000	23439
25110020000	23271
25140020000	31237
25170020000	89046
25200020000	76529
25230020000	21421
25260020000	23185
25290020000	87052
25320020000	44067
25350020000	25257
25380020000	87306
25410020000	85362
25440020000	91065
25470020000	32039
25500020000	22213
25530020000	81566
25560020000	90392
25590020000	24430
25620020000	53630
25650020000	26662
25680020000	84888
25710020000	64698
25740020000	46293
25770020000	66104
25800020000	22970
25830020000	83424
25860020000	44744
25890020000	67913
25920020000	88277
25950020000	21302
25980020000	69596
26010020000	66753
26040020000	25544
26070020000	23984
26100020000	24548
26130020000	60955
26160020000	18452
26190020000	23183
26220020000	35937
26250020000	85311
26280020000	21741
26310020000	75973
26340020000	22471
26370020000	29393
26400020000	25207
26430020000	22319
26460020000	86248
26490020000	53120
26520020000	96013
26550020000	25178
26580020000	82121
26610020000	46529
26640020000	18828
26670020000	29517
26700020000	23569
26730020000	27026
26760020000	45852
26790020000	21842
26820020000	57998
26850020000	25947
26880020000	21669
26910020000	31419
26940020000	17656
26970020000	23993
27000020000	22740
27030020000	66273
27060020000	19643
27090020000	24489
27120020000	69392
27150020000	43356
27180020000	28561
27210020000	18845
27240020000	48749
27270020000	65073
27300020000	17405
27330020000	31272
27360020000	80295
27390020000	26602
27420020000	35337
27450020000	16579
27480020000	19044
27510020000	26125
27540020000	21676
27570020000	27533
27600020000	58172
27630020000	25811
27660020000	21334
27690020000	20961
27720020000	18112
27750020000	22197
27780020000	24863
27810020000	20676
27840020000	20995
27870020000	23380
27900020000	26574
27930020000	66111
27960020000	19932
27990020000	23302
28020020000	75037
28050020000	20492
28080020000	16638
28110020000	63287
28140020000	20397
28170020000	86756
28200020000	54673
28230020000	26914
28260020000	26397
28290020000	33574
28320020000	20948
28350020000	94078
28380020000	40545
28410020000	68230
28440020000	80160
28470020000	48498
28500020000	22871
28530020000	83184
28560020000	26510
28590020000	48882
28620020000	29387
28650020000	24800
28680020000	58732
28710020000	20925
28740020000	75328
28770020000	19191
28800020000	23532
28830020000	41995
28860020000	23189
28890020000	78185
28920020000	67270
28950020000	85965
28980020000	19829
29010020000	27421
29040020000	19547
29070020000	19177
29100020000	22546
29130020000	25138
29160020000	22610
29190020000	86131
29220020000	65397
29250020000	23813
29280020000	17712
29310020000	46081
29340020000	18057
29370020000	20417
29400020000	25852
29430020000	17727
29460020000	30444
29490020000	22736
29520020000	26130
29550020000	52687
29580020000	41776
29610020000	49111
29640020000	18837
29670020000	64944
29700020000	25451
29730020000	88110
29760020000	77682
29790020000	23656
29820020000	26079
29850020000	64852
29880020000	22738
29910020000	29230
29940020000	79873
29970020000	21742
