2000	52496376
30002000	22496376
60002000	25993532
90002000	15404163
120002000	1588744
150002000	419240
180002000	693073
210002000	537029
240002000	605526
270002000	387041
300002000	559668
330002000	424266
360002000	507082
390002000	453204
420002000	572398
450002000	433966
480002000	507080
510002000	356956
540002000	670343
570002000	628503
600002000	565167
630002000	649822
660002000	361933
690002000	484479
720002000	395628
750002000	504844
780002000	633868
810002000	684273
840002000	438931
870002000	534677
900002000	621583
930002000	509241
960002000	522140
990002000	518613
1020002000	538088
1050002000	489708
1080002000	562043
1110002000	665317
1140002000	697644
1170002000	446565
1200002000	569686
1230002000	343168
1260002000	562602
1290002000	645845
1320002000	383232
1350002000	934839
1380002000	648109
1410002000	433314
1440002000	616183
1470002000	417823
1500002000	556533
1530002000	645806
1560002000	473798
1590002000	361944
1620002000	573164
1650002000	541454
1680002000	661836
1710002000	622508
1740002000	499606
1770002000	508967
1800002000	524852
1830002000	504994
1860002000	420317
1890002000	649841
1920002000	533371
1950002000	449581
1980002000	632874
2010002000	343775
2040002000	347296
2070002000	596591
2100002000	657419
2130002000	382578
2160002000	679713
2190002000	532597
2220002000	550984
2250002000	524367
2280002000	556817
2310002000	680238
2340002000	383287
2370002000	489283
2400002000	403491
2430002000	551515
2460002000	665804
2490002000	379781
2520002000	339982
2550002000	527451
2580002000	644259
2610002000	447400
2640002000	599101
2670002000	438494
2700002000	669079
2730002000	406444
2760002000	566166
2790002000	450389
2820002000	515555
2850002000	605029
2880002000	341721
2910002000	395665
2940002000	540604
2970002000	532761
3000002000	514327
3030002000	548420
3060002000	570038
3090002000	383210
3120002000	443552
3150002000	498682
3180002000	624855
3210002000	354908
3240002000	574845
3270002000	613588
3300002000	366114
3330002000	476949
3360002000	578412
3390002000	599499
3420002000	562738
3450002000	360850
3480002000	615672
3510002000	684799
3540002000	468628
3570002000	481681
3600002000	377683
3630002000	555019
3660002000	541678
3690002000	653440
3720002000	445944
3750002000	629058
3780002000	535171
3810002000	336578
3840002000	477847
3870002000	352777
3900002000	510856
3930002000	500883
3960002000	635518
3990002000	526934
4020002000	687990
4050002000	542526
4080002000	358513
4110002000	612289
4140002000	567893
4170002000	532437
4200002000	393524
4230002000	670448
4260002000	633371
4290002000	487187
4320002000	477573
4350002000	1184546
4380002000	360321
4410002000	644122
4440002000	404381
4470002000	387314
4500002000	375947
4530002000	442340
4560002000	352069
4590002000	1261137
4620002000	538441
4650002000	506736
4680002000	650488
4710002000	541473
4740002000	666412
4770002000	563232
4800002000	428368
4830002000	429842
4860002000	396095
4890002000	362743
4920002000	576304
4950002000	558608
4980002000	569615
5010002000	625592
5040002000	499605
5070002000	421341
5100002000	620142
5130002000	515589
5160002000	442241
5190002000	385085
5220002000	448830
5250002000	581799
5280002000	477322
5310002000	530146
5340002000	366261
5370002000	524718
5400002000	675230
5430002000	585026
5460002000	544085
5490002000	591594
5520002000	594426
5550002000	363723
5580002000	414420
5610002000	489569
5640002000	659622
5670002000	688808
5700002000	511894
5730002000	660449
5760002000	644493
5790002000	407538
5820002000	1415171
5850002000	1040317
5880002000	455371
5910002000	613476
5940002000	669528
5970002000	586468
6000002000	451825
6030002000	473324
6060002000	543943
6090002000	573802
6120002000	448008
6150002000	598083
6180002000	512469
6210002000	360849
6240002000	382278
6270002000	391112
6300002000	471770
6330002000	394110
6360002000	546063
6390002000	416285
6420002000	571834
6450002000	520164
6480002000	388149
6510002000	459006
6540002000	497274
6570002000	374047
6600002000	614984
6630002000	561080
6660002000	406690
6690002000	574583
6720002000	685860
6750002000	619028
6780002000	434350
6810002000	384859
6840002000	369825
6870002000	579291
6900002000	518643
6930002000	407455
6960002000	385693
6990002000	641344
7020002000	519960
7050002000	515393
7080002000	663236
7110002000	559797
7140002000	350488
7170002000	510780
7200002000	502766
7230002000	497179
7260002000	386033
7290002000	653509
7320002000	347780
7350002000	1005810
7380002000	395997
7410002000	618567
7440002000	590499
7470002000	653898
7500002000	710848
7530002000	521843
7560002000	510755
7590002000	643484
7620002000	584771
7650002000	359939
7680002000	650556
7710002000	665625
7740002000	586071
7770002000	355694
7800002000	701774
7830002000	392825
7860002000	541748
7890002000	524552
7920002000	622557
7950002000	612117
7980002000	386960
8010002000	436728
8040002000	660880
8070002000	622709
8100002000	418924
8130002000	402898
8160002000	543544
8190002000	415674
8220002000	517241
8250002000	411199
8280002000	566662
8310002000	700890
8340002000	434171
8370002000	490641
8400002000	384628
8430002000	403905
8460002000	695945
8490002000	692084
8520002000	639235
8550002000	396447
8580002000	666124
8610002000	685109
8640002000	591394
8670002000	641936
8700002000	550454
8730002000	449664
8760002000	636173
8790002000	436403
8820002000	412893
8850002000	728416
8880002000	569164
8910002000	682030
8940002000	608863
8970002000	693454
9000002000	520234
9030002000	361987
9060002000	597169
9090002000	524126
9120002000	707808
9150002000	420734
9180002000	398480
9210002000	599907
9240002000	533925
9270002000	674874
9300002000	455002
9330002000	466439
9360002000	460778
9390002000	523550
9420002000	439906
9450002000	569244
9480002000	387930
9510002000	496707
9540002000	539293
9570002000	579635
9600002000	588604
9630002000	560503
9660002000	386136
9690002000	620591
9720002000	699756
9750002000	363718
9780002000	430264
9810002000	626320
9840002000	568811
9870002000	449003
9900002000	615895
9930002000	389635
9960002000	698234
9990002000	456940
10020002000	38396815312
10050002000	38366815312
10080002000	38336815312
10110002000	38306815312
10140002000	38276815312
10170002000	38246815312
10200002000	38216815312
10230002000	38186815312
10260002000	38156815312
10290002000	38126815312
10320002000	38096815312
10350002000	38066815312
10380002000	38036815312
10410002000	38006815312
10440002000	37976815312
10470002000	37946815312
10500002000	37916815312
10530002000	37886815312
10560002000	37856815312
10590002000	37826815312
10620002000	37796815312
10650002000	37766815312
10680002000	37736815312
10710002000	37706815312
10740002000	37676815312
10770002000	37646815312
10800002000	37616815312
10830002000	37586815312
10860002000	37556815312
10890002000	37526815312
10920002000	37496815312
10950002000	37466815312
10980002000	37436815312
11010002000	37406815312
11040002000	37376815312
11070002000	37346815312
11100002000	37316815312
11130002000	37286815312
11160002000	37256815312
11190002000	37226815312
11220002000	37196815312
11250002000	37166815312
11280002000	37136815312
11310002000	37106815312
11340002000	37076815312
11370002000	37046815312
11400002000	37016815312
11430002000	36986815312
11460002000	36956815312
11490002000	36926815312
11520002000	36896815312
11550002000	36866815312
11580002000	36836815312
11610002000	36806815312
11640002000	36776815312
11670002000	36746815312
11700002000	36716815312
11730002000	36686815312
11760002000	36656815312
11790002000	36626815312
11820002000	36596815312
11850002000	36566815312
11880002000	36536815312
11910002000	36506815312
11940002000	36476815312
11970002000	36446815312
12000002000	36416815312
12030002000	36386815312
12060002000	36356815312
12090002000	36326815312
12120002000	36296815312
12150002000	36266815312
12180002000	36236815312
12210002000	36206815312
12240002000	36176815312
12270002000	36146815312
12300002000	36116815312
12330002000	36086815312
12360002000	36056815312
12390002000	36026815312
12420002000	35996815312
12450002000	35966815312
12480002000	35936815312
12510002000	35906815312
12540002000	35876815312
12570002000	35846815312
12600002000	35816815312
12630002000	35786815312
12660002000	35756815312
12690002000	35726815312
12720002000	35696815312
12750002000	35666815312
12780002000	35636815312
12810002000	35606815312
12840002000	35576815312
12870002000	35546815312
12900002000	35516815312
12930002000	35486815312
12960002000	35456815312
12990002000	35426815312
13020002000	35396815312
13050002000	35366815312
13080002000	35336815312
13110002000	35306815312
13140002000	35276815312
13170002000	35246815312
13200002000	35216815312
13230002000	35186815312
13260002000	35156815312
13290002000	35126815312
13320002000	35096815312
13350002000	35066815312
13380002000	35036815312
13410002000	35006815312
13440002000	34976815312
13470002000	34946815312
13500002000	34916815312
13530002000	34886815312
13560002000	34856815312
13590002000	34826815312
13620002000	34796815312
13650002000	34766815312
13680002000	34736815312
13710002000	34706815312
13740002000	34676815312
13770002000	34646815312
13800002000	34616815312
13830002000	34586815312
13860002000	34556815312
13890002000	34526815312
13920002000	34496815312
13950002000	34466815312
13980002000	34436815312
14010002000	34406815312
14040002000	34376815312
14070002000	34346815312
14100002000	34316815312
14130002000	34286815312
14160002000	34256815312
14190002000	34226815312
14220002000	34196815312
14250002000	34166815312
14280002000	34136815312
14310002000	34106815312
14340002000	34076815312
14370002000	34046815312
14400002000	34016815312
14430002000	33986815312
14460002000	33956815312
14490002000	33926815312
14520002000	33896815312
14550002000	33866815312
14580002000	33836815312
14610002000	33806815312
14640002000	33776815312
14670002000	33746815312
14700002000	33716815312
14730002000	33686815312
14760002000	33656815312
14790002000	33626815312
14820002000	33596815312
14850002000	33566815312
14880002000	33536815312
14910002000	33506815312
14940002000	33476815312
14970002000	33446815312
15000002000	33416815312
15030002000	33386815312
15060002000	33356815312
15090002000	33326815312
15120002000	33296815312
15150002000	33266815312
15180002000	33236815312
15210002000	33206815312
15240002000	33176815312
15270002000	33146815312
15300002000	33116815312
15330002000	33086815312
15360002000	33056815312
15390002000	33026815312
15420002000	32996815312
15450002000	32966815312
15480002000	32936815312
15510002000	32906815312
15540002000	32876815312
15570002000	32846815312
15600002000	32816815312
15630002000	32786815312
15660002000	32756815312
15690002000	32726815312
15720002000	32696815312
15750002000	32666815312
15780002000	32636815312
15810002000	32606815312
15840002000	32576815312
15870002000	32546815312
15900002000	32516815312
15930002000	32486815312
15960002000	32456815312
15990002000	32426815312
16020002000	32396815312
16050002000	32366815312
16080002000	32336815312
16110002000	32306815312
16140002000	32276815312
16170002000	32246815312
16200002000	32216815312
16230002000	32186815312
16260002000	32156815312
16290002000	32126815312
16320002000	32096815312
16350002000	32066815312
16380002000	32036815312
16410002000	32006815312
16440002000	31976815312
16470002000	31946815312
16500002000	31916815312
16530002000	31886815312
16560002000	31856815312
16590002000	31826815312
16620002000	31796815312
16650002000	31766815312
16680002000	31736815312
16710002000	31706815312
16740002000	31676815312
16770002000	31646815312
16800002000	31616815312
16830002000	31586815312
16860002000	31556815312
16890002000	31526815312
16920002000	31496815312
16950002000	31466815312
16980002000	31436815312
17010002000	31406815312
17040002000	31376815312
17070002000	31346815312
17100002000	31316815312
17130002000	31286815312
17160002000	31256815312
17190002000	31226815312
17220002000	31196815312
17250002000	31166815312
17280002000	31136815312
17310002000	31106815312
17340002000	31076815312
17370002000	31046815312
17400002000	31016815312
17430002000	30986815312
17460002000	30956815312
17490002000	30926815312
17520002000	30896815312
17550002000	30866815312
17580002000	30836815312
17610002000	30806815312
17640002000	30776815312
17670002000	30746815312
17700002000	30716815312
17730002000	30686815312
17760002000	30656815312
17790002000	30626815312
17820002000	30596815312
17850002000	30566815312
17880002000	30536815312
17910002000	30506815312
17940002000	30476815312
17970002000	30446815312
18000002000	30416815312
18030002000	30386815312
18060002000	30356815312
18090002000	30326815312
18120002000	30296815312
18150002000	30266815312
18180002000	30236815312
18210002000	30206815312
18240002000	30176815312
18270002000	30146815312
18300002000	30116815312
18330002000	30086815312
18360002000	30056815312
18390002000	30026815312
18420002000	29996815312
18450002000	29966815312
18480002000	29936815312
18510002000	29906815312
18540002000	29876815312
18570002000	29846815312
18600002000	29816815312
18630002000	29786815312
18660002000	29756815312
18690002000	29726815312
18720002000	29696815312
18750002000	29666815312
18780002000	29636815312
18810002000	29606815312
18840002000	29576815312
18870002000	29546815312
18900002000	29516815312
18930002000	29486815312
18960002000	29456815312
18990002000	29426815312
19020002000	29396815312
19050002000	29366815312
19080002000	29336815312
19110002000	29306815312
19140002000	29276815312
19170002000	29246815312
19200002000	29216815312
19230002000	29186815312
19260002000	29156815312
19290002000	29126815312
19320002000	29096815312
19350002000	29066815312
19380002000	29036815312
19410002000	29006815312
19440002000	28976815312
19470002000	28946815312
19500002000	28916815312
19530002000	28886815312
19560002000	28856815312
19590002000	28826815312
19620002000	28796815312
19650002000	28766815312
19680002000	28736815312
19710002000	28706815312
19740002000	28676815312
19770002000	28646815312
19800002000	28616815312
19830002000	28586815312
19860002000	28556815312
19890002000	28526815312
19920002000	28496815312
19950002000	28466815312
19980002000	28436815312
20010002000	28406815312
20040002000	28376815312
20070002000	28346815312
20100002000	28316815312
20130002000	28286815312
20160002000	28256815312
20190002000	28226815312
20220002000	28196815312
20250002000	28166815312
20280002000	28136815312
20310002000	28106815312
20340002000	28076815312
20370002000	28046815312
20400002000	28016815312
20430002000	27986815312
20460002000	27956815312
20490002000	27926815312
20520002000	27896815312
20550002000	27866815312
20580002000	27836815312
20610002000	27806815312
20640002000	27776815312
20670002000	27746815312
20700002000	27716815312
20730002000	27686815312
20760002000	27656815312
20790002000	27626815312
20820002000	27596815312
20850002000	27566815312
20880002000	27536815312
20910002000	27506815312
20940002000	27476815312
20970002000	27446815312
21000002000	27416815312
21030002000	27386815312
21060002000	27356815312
21090002000	27326815312
21120002000	27296815312
21150002000	27266815312
21180002000	27236815312
21210002000	27206815312
21240002000	27176815312
21270002000	27146815312
21300002000	27116815312
21330002000	27086815312
21360002000	27056815312
21390002000	27026815312
21420002000	26996815312
21450002000	26966815312
21480002000	26936815312
21510002000	26906815312
21540002000	26876815312
21570002000	26846815312
21600002000	26816815312
21630002000	26786815312
21660002000	26756815312
21690002000	26726815312
21720002000	26696815312
21750002000	26666815312
21780002000	26636815312
21810002000	26606815312
21840002000	26576815312
21870002000	26546815312
21900002000	26516815312
21930002000	26486815312
21960002000	26456815312
21990002000	26426815312
22020002000	26396815312
22050002000	26366815312
22080002000	26336815312
22110002000	26306815312
22140002000	26276815312
22170002000	26246815312
22200002000	26216815312
22230002000	26186815312
22260002000	26156815312
22290002000	26126815312
22320002000	26096815312
22350002000	26066815312
22380002000	26036815312
22410002000	26006815312
22440002000	25976815312
22470002000	25946815312
22500002000	25916815312
22530002000	25886815312
22560002000	25856815312
22590002000	25826815312
22620002000	25796815312
22650002000	25766815312
22680002000	25736815312
22710002000	25706815312
22740002000	25676815312
22770002000	25646815312
22800002000	25616815312
22830002000	25586815312
22860002000	25556815312
22890002000	25526815312
22920002000	25496815312
22950002000	25466815312
22980002000	25436815312
23010002000	25406815312
23040002000	25376815312
23070002000	25346815312
23100002000	25316815312
23130002000	25286815312
23160002000	25256815312
23190002000	25226815312
23220002000	25196815312
23250002000	25166815312
23280002000	25136815312
23310002000	25106815312
23340002000	25076815312
23370002000	25046815312
23400002000	25016815312
23430002000	24986815312
23460002000	24956815312
23490002000	24926815312
23520002000	24896815312
23550002000	24866815312
23580002000	24836815312
23610002000	24806815312
23640002000	24776815312
23670002000	24746815312
23700002000	24716815312
23730002000	24686815312
23760002000	24656815312
23790002000	24626815312
23820002000	24596815312
23850002000	24566815312
23880002000	24536815312
23910002000	24506815312
23940002000	24476815312
23970002000	24446815312
24000002000	24416815312
24030002000	24386815312
24060002000	24356815312
24090002000	24326815312
24120002000	24296815312
24150002000	24266815312
24180002000	24236815312
24210002000	24206815312
24240002000	24176815312
24270002000	24146815312
24300002000	24116815312
24330002000	24086815312
24360002000	24056815312
24390002000	24026815312
24420002000	23996815312
24450002000	23966815312
24480002000	23936815312
24510002000	23906815312
24540002000	23876815312
24570002000	23846815312
24600002000	23816815312
24630002000	23786815312
24660002000	23756815312
24690002000	23726815312
24720002000	23696815312
24750002000	23666815312
24780002000	23636815312
24810002000	23606815312
24840002000	23576815312
24870002000	23546815312
24900002000	23516815312
24930002000	23486815312
24960002000	23456815312
24990002000	23426815312
25020002000	23396815312
25050002000	23366815312
25080002000	23336815312
25110002000	23306815312
25140002000	23276815312
25170002000	23246815312
25200002000	23216815312
25230002000	23186815312
25260002000	23156815312
25290002000	23126815312
25320002000	23096815312
25350002000	23066815312
25380002000	23036815312
25410002000	23006815312
25440002000	22976815312
25470002000	22946815312
25500002000	22916815312
25530002000	22886815312
25560002000	22856815312
25590002000	22826815312
25620002000	22796815312
25650002000	22766815312
25680002000	22736815312
25710002000	22706815312
25740002000	22676815312
25770002000	22646815312
25800002000	22616815312
25830002000	22586815312
25860002000	22556815312
25890002000	22526815312
25920002000	22496815312
25950002000	22466815312
25980002000	22436815312
26010002000	22406815312
26040002000	22376815312
26070002000	22346815312
26100002000	22316815312
26130002000	22286815312
26160002000	22256815312
26190002000	22226815312
26220002000	22196815312
26250002000	22166815312
26280002000	22136815312
26310002000	22106815312
26340002000	22076815312
26370002000	22046815312
26400002000	22016815312
26430002000	21986815312
26460002000	21956815312
26490002000	21926815312
26520002000	21896815312
26550002000	21866815312
26580002000	21836815312
26610002000	21806815312
26640002000	21776815312
26670002000	21746815312
26700002000	21716815312
26730002000	21686815312
26760002000	21656815312
26790002000	21626815312
26820002000	21596815312
26850002000	21566815312
26880002000	21536815312
26910002000	21506815312
26940002000	21476815312
26970002000	21446815312
27000002000	21416815312
27030002000	21386815312
27060002000	21356815312
27090002000	21326815312
27120002000	21296815312
27150002000	21266815312
27180002000	21236815312
27210002000	21206815312
27240002000	21176815312
27270002000	21146815312
27300002000	21116815312
27330002000	21086815312
27360002000	21056815312
27390002000	21026815312
27420002000	20996815312
27450002000	20966815312
27480002000	20936815312
27510002000	20906815312
27540002000	20876815312
27570002000	20846815312
27600002000	20816815312
27630002000	20786815312
27660002000	20756815312
27690002000	20726815312
27720002000	20696815312
27750002000	20666815312
27780002000	20636815312
27810002000	20606815312
27840002000	20576815312
27870002000	20546815312
27900002000	20516815312
27930002000	20486815312
27960002000	20456815312
27990002000	20426815312
28020002000	20396815312
28050002000	20366815312
28080002000	20336815312
28110002000	20306815312
28140002000	20276815312
28170002000	20246815312
28200002000	20216815312
28230002000	20186815312
28260002000	20156815312
28290002000	20126815312
28320002000	20096815312
28350002000	20066815312
28380002000	20036815312
28410002000	20006815312
28440002000	19976815312
28470002000	19946815312
28500002000	19916815312
28530002000	19886815312
28560002000	19856815312
28590002000	19826815312
28620002000	19796815312
28650002000	19766815312
28680002000	19736815312
28710002000	19706815312
28740002000	19676815312
28770002000	19646815312
28800002000	19616815312
28830002000	19586815312
28860002000	19556815312
28890002000	19526815312
28920002000	19496815312
28950002000	19466815312
28980002000	19436815312
29010002000	19406815312
29040002000	19376815312
29070002000	19346815312
29100002000	19316815312
29130002000	19286815312
29160002000	19256815312
29190002000	19226815312
29220002000	19196815312
29250002000	19166815312
29280002000	19136815312
29310002000	19106815312
29340002000	19076815312
29370002000	19046815312
29400002000	19016815312
29430002000	18986815312
29460002000	18956815312
29490002000	18926815312
29520002000	18896815312
29550002000	18866815312
29580002000	18836815312
29610002000	18806815312
29640002000	18776815312
29670002000	18746815312
29700002000	18716815312
29730002000	18686815312
29760002000	18656815312
29790002000	18626815312
29820002000	18596815312
29850002000	18566815312
29880002000	18536815312
29910002000	18506815312
29940002000	18476815312
29970002000	18446815312
