20000	9628441
30020000	281915
60020000	75039
90020000	50416
120020000	47217
150020000	217288
180020000	162569
210020000	248697
240020000	194305
270020000	114869
300020000	147610
330020000	174028
360020000	75295
390020000	114230
420020000	118004
450020000	67773
480020000	77125
510020000	46164
540020000	81968
570020000	54650
600020000	116516
630020000	131184
660020000	181653
690020000	57450
720020000	84910
750020000	38573
780020000	163416
810020000	161670
840020000	70245
870020000	98765
900020000	74098
930020000	24644
960020000	74265
990020000	49861
1020020000	21128
1050020000	21817
1080020000	18075
1110020000	76895
1140020000	30700
1170020000	51368
1200020000	63709
1230020000	37673
1260020000	22840
1290020000	77214
1320020000	77041
1350020000	30875
1380020000	80305
1410020000	26524
1440020000	77938
1470020000	35966
1500020000	16123
1530020000	38170
1560020000	23323
1590020000	53272
1620020000	21936
1650020000	27991
1680020000	30430
1710020000	35433
1740020000	71030
1770020000	33123
1800020000	23708
1830020000	41933
1860020000	53307
1890020000	17503
1920020000	75213
1950020000	39836
1980020000	27167
2010020000	18929
2040020000	59015
2070020000	31108
2100020000	58030
2130020000	82448
2160020000	77599
2190020000	23158
2220020000	53326
2250020000	78348
2280020000	73869
2310020000	54169
2340020000	23555
2370020000	31895
2400020000	79135
2430020000	29884
2460020000	74801
2490020000	31588
2520020000	59197
2550020000	21739
2580020000	75778
2610020000	15907
2640020000	58643
2670020000	76415
2700020000	28668
2730020000	53783
2760020000	50939
2790020000	34907
2820020000	19364
2850020000	82625
2880020000	49680
2910020000	25142
2940020000	73901
2970020000	77493
3000020000	73432
3030020000	23520
3060020000	75853
3090020000	51034
3120020000	72477
3150020000	72577
3180020000	15919
3210020000	16547
3240020000	18796
3270020000	26128
3300020000	76270
3330020000	56247
3360020000	52820
3390020000	75623
3420020000	42703
3450020000	56285
3480020000	30268
3510020000	24996
3540020000	18129
3570020000	37811
3600020000	22088
3630020000	75581
3660020000	35208
3690020000	53243
3720020000	55938
3750020000	32897
3780020000	51626
3810020000	34001
3840020000	55688
3870020000	73609
3900020000	32947
3930020000	33699
3960020000	73695
3990020000	51855
4020020000	71321
4050020000	56114
4080020000	54058
4110020000	78628
4140020000	76331
4170020000	71147
4200020000	71525
4230020000	72611
4260020000	58813
4290020000	24230
4320020000	73886
4350020000	32414
4380020000	19749
4410020000	26566
4440020000	71527
4470020000	60905
4500020000	70730
4530020000	32445
4560020000	74252
4590020000	22266
4620020000	76949
4650020000	54184
4680020000	52641
4710020000	54115
4740020000	18798
4770020000	33066
4800020000	21754
4830020000	18213
4860020000	75145
4890020000	19954
4920020000	29436
4950020000	29522
4980020000	30964
5010020000	62268
5040020000	38947
5070020000	61158
5100020000	71307
5130020000	54246
5160020000	32337
5190020000	72875
5220020000	17087
5250020000	52021
5280020000	72469
5310020000	33417
5340020000	17515
5370020000	30636
5400020000	74804
5430020000	80419
5460020000	18719
5490020000	49124
5520020000	28290
5550020000	72872
5580020000	69733
5610020000	76189
5640020000	20477
5670020000	72119
5700020000	27267
5730020000	39387
5760020000	69132
5790020000	76330
5820020000	19528
5850020000	72278
5880020000	31736
5910020000	51483
5940020000	32551
5970020000	23833
6000020000	36721
6030020000	34799
6060020000	32006
6090020000	65775
6120020000	72563
6150020000	33476
6180020000	29341
6210020000	36105
6240020000	19322
6270020000	52037
6300020000	77952
6330020000	23439
6360020000	21092
6390020000	29377
6420020000	41066
6450020000	17445
6480020000	21815
6510020000	32381
6540020000	27146
6570020000	79638
6600020000	74944
6630020000	31212
6660020000	17891
6690020000	52634
6720020000	28660
6750020000	48998
6780020000	36553
6810020000	58445
6840020000	54582
6870020000	21231
6900020000	20493
6930020000	72543
6960020000	32285
6990020000	17093
7020020000	69536
7050020000	29299
7080020000	52236
7110020000	74356
7140020000	34925
7170020000	71552
7200020000	50457
7230020000	36651
7260020000	58707
7290020000	35683
7320020000	31949
7350020000	72770
7380020000	32317
7410020000	35619
7440020000	24272
7470020000	20387
7500020000	29255
7530020000	23193
7560020000	29493
7590020000	75784
7620020000	27920
7650020000	26583
7680020000	55314
7710020000	62542
7740020000	41605
7770020000	35340
7800020000	17983
7830020000	35223
7860020000	23997
7890020000	23625
7920020000	25745
7950020000	31111
7980020000	16642
8010020000	68893
8040020000	24829
8070020000	19362
8100020000	71974
8130020000	48632
8160020000	39017
8190020000	53808
8220020000	30525
8250020000	22244
8280020000	53302
8310020000	72509
8340020000	27598
8370020000	48279
8400020000	57137
8430020000	17210
8460020000	77596
8490020000	26066
8520020000	54798
8550020000	19063
8580020000	17953
8610020000	53286
8640020000	19908
8670020000	35841
8700020000	53882
8730020000	56089
8760020000	52229
8790020000	24600
8820020000	26256
8850020000	25386
8880020000	54583
8910020000	16276
8940020000	22478
8970020000	47957
9000020000	74744
9030020000	29920
9060020000	70135
9090020000	50486
9120020000	72988
9150020000	17331
9180020000	30438
9210020000	17207
9240020000	75994
9270020000	25018
9300020000	49674
9330020000	22487
9360020000	35660
9390020000	38516
9420020000	18594
9450020000	24221
9480020000	57597
9510020000	73142
9540020000	22353
9570020000	52562
9600020000	53923
9630020000	35992
9660020000	71946
9690020000	50621
9720020000	39398
9750020000	18998
9780020000	20511
9810020000	22187
9840020000	53867
9870020000	33302
9900020000	53925
9930020000	52956
9960020000	43829
9990020000	35120
10020020000	55198
10050020000	104570
10080020000	96107
10110020000	125666
10140020000	84297
10170020000	126015
10200020000	76693
10230020000	66631
10260020000	58163
10290020000	87263
10320020000	90381
10350020000	91864
10380020000	83559
10410020000	130207
10440020000	65197
10470020000	126158
10500020000	77185
10530020000	111105
10560020000	96056
10590020000	110944
10620020000	44428
10650020000	63805
10680020000	97707
10710020000	118862
10740020000	53418
10770020000	69376
10800020000	90541
10830020000	97834
10860020000	76494
10890020000	96225
10920020000	120236
10950020000	128968
10980020000	77358
11010020000	108526
11040020000	124340
11070020000	86565
11100020000	93554
11130020000	81057
11160020000	120049
11190020000	64399
11220020000	117438
11250020000	72811
11280020000	71149
11310020000	88509
11340020000	106849
11370020000	101056
11400020000	50021
11430020000	63274
11460020000	114607
11490020000	114014
11520020000	119342
11550020000	109680
11580020000	94466
11610020000	113000
11640020000	95574
11670020000	94951
11700020000	109804
11730020000	86439
11760020000	105845
11790020000	112436
11820020000	124493
11850020000	114765
11880020000	97219
11910020000	79511
11940020000	142550
11970020000	123513
12000020000	106422
12030020000	49795
12060020000	94246
12090020000	109975
12120020000	72876
12150020000	116186
12180020000	111407
12210020000	136304
12240020000	126990
12270020000	116351
12300020000	50363
12330020000	123893
12360020000	94903
12390020000	80868
12420020000	114313
12450020000	100598
12480020000	61091
12510020000	131713
12540020000	124512
12570020000	97764
12600020000	59421
12630020000	125003
12660020000	98049
12690020000	101675
12720020000	75683
12750020000	142399
12780020000	87830
12810020000	89885
12840020000	103925
12870020000	122056
12900020000	88389
12930020000	88576
12960020000	20204
12990020000	111897
13020020000	106952
13050020000	100013
13080020000	82563
13110020000	37967
13140020000	66898
13170020000	131278
13200020000	19424
13230020000	58953
13260020000	90931
13290020000	83969
13320020000	74729
13350020000	93281
13380020000	107109
13410020000	78475
13440020000	113249
13470020000	77748
13500020000	68566
13530020000	107298
13560020000	93935
13590020000	80340
13620020000	123819
13650020000	121277
13680020000	60526
13710020000	105886
13740020000	63521
13770020000	81436
13800020000	83484
13830020000	106959
13860020000	54707
13890020000	112657
13920020000	73668
13950020000	89680
13980020000	100286
14010020000	123051
14040020000	110344
14070020000	60437
14100020000	103550
14130020000	82478
14160020000	125021
14190020000	106577
14220020000	87047
14250020000	140463
14280020000	70234
14310020000	75713
14340020000	95117
14370020000	64271
14400020000	103440
14430020000	75268
14460020000	114827
14490020000	72406
14520020000	75033
14550020000	103863
14580020000	68810
14610020000	73538
14640020000	118437
14670020000	99562
14700020000	100851
14730020000	71053
14760020000	81741
14790020000	65210
14820020000	56592
14850020000	123129
14880020000	83386
14910020000	84134
14940020000	108279
14970020000	122643
15000020000	87520
15030020000	87407
15060020000	86403
15090020000	94322
15120020000	98204
15150020000	72403
15180020000	69952
15210020000	73435
15240020000	75257
15270020000	93553
15300020000	57322
15330020000	123600
15360020000	126414
15390020000	85239
15420020000	105018
15450020000	113066
15480020000	117980
15510020000	88542
15540020000	121980
15570020000	98281
15600020000	136305
15630020000	97479
15660020000	18540
15690020000	67356
15720020000	89841
15750020000	103357
15780020000	98505
15810020000	122300
15840020000	62806
15870020000	132699
15900020000	136421
15930020000	70092
15960020000	93814
15990020000	110332
16020020000	91023
16050020000	102865
16080020000	50531
16110020000	85455
16140020000	100588
16170020000	60792
16200020000	93730
16230020000	92463
16260020000	108799
16290020000	76025
16320020000	88916
16350020000	104532
16380020000	104607
16410020000	119129
16440020000	135751
16470020000	28732
16500020000	87693
16530020000	99405
16560020000	112893
16590020000	111298
16620020000	70843
16650020000	114123
16680020000	83226
16710020000	95748
16740020000	65251
16770020000	129897
16800020000	104069
16830020000	86105
16860020000	86065
16890020000	43660
16920020000	88948
16950020000	88853
16980020000	124507
17010020000	59231
17040020000	81556
17070020000	128646
17100020000	83104
17130020000	129510
17160020000	53350
17190020000	115672
17220020000	93149
17250020000	60631
17280020000	84032
17310020000	119153
17340020000	97787
17370020000	56972
17400020000	91788
17430020000	99440
17460020000	98672
17490020000	108798
17520020000	135739
17550020000	90615
17580020000	129237
17610020000	103540
17640020000	101665
17670020000	122076
17700020000	138342
17730020000	101070
17760020000	111018
17790020000	95948
17820020000	93335
17850020000	96234
17880020000	105502
17910020000	86078
17940020000	76192
17970020000	62759
18000020000	139472
18030020000	139265
18060020000	130334
18090020000	93125
18120020000	94447
18150020000	98657
18180020000	124023
18210020000	119881
18240020000	133531
18270020000	108732
18300020000	56403
18330020000	69149
18360020000	121882
18390020000	61079
18420020000	81865
18450020000	132242
18480020000	79796
18510020000	77431
18540020000	124686
18570020000	132684
18600020000	81303
18630020000	89749
18660020000	135212
18690020000	81261
18720020000	93055
18750020000	97870
18780020000	128669
18810020000	85606
18840020000	106429
18870020000	90541
18900020000	91049
18930020000	72343
18960020000	73327
18990020000	24523
19020020000	77063
19050020000	104755
19080020000	105307
19110020000	64029
19140020000	93594
19170020000	127590
19200020000	74533
19230020000	89351
19260020000	96384
19290020000	78067
19320020000	94695
19350020000	55286
19380020000	86199
19410020000	110791
19440020000	118566
19470020000	129934
19500020000	104437
19530020000	44743
19560020000	51263
19590020000	115959
19620020000	68865
19650020000	105419
19680020000	78549
19710020000	118566
19740020000	127587
19770020000	84145
19800020000	93084
19830020000	97423
19860020000	79156
19890020000	19687
19920020000	127289
19950020000	100554
19980020000	106657
20010020000	236013
20040020000	37726
20070020000	32212
20100020000	76391
20130020000	42759
20160020000	83323
20190020000	55024
20220020000	20279
20250020000	20229
20280020000	73678
20310020000	30806
20340020000	57222
20370020000	58421
20400020000	17309
20430020000	25282
20460020000	35375
20490020000	58058
20520020000	72585
20550020000	72543
20580020000	30780
20610020000	29118
20640020000	78240
20670020000	27519
20700020000	79747
20730020000	20560
20760020000	38296
20790020000	21550
20820020000	39880
20850020000	25792
20880020000	18035
20910020000	74097
20940020000	53665
20970020000	25947
21000020000	72224
21030020000	72858
21060020000	60074
21090020000	51128
21120020000	28373
21150020000	73058
21180020000	61633
21210020000	82229
21240020000	70496
21270020000	24686
21300020000	56224
21330020000	81151
21360020000	48544
21390020000	76122
21420020000	80674
21450020000	33733
21480020000	16689
21510020000	28671
21540020000	73711
21570020000	30048
21600020000	74285
21630020000	43473
21660020000	56456
21690020000	21425
21720020000	39210
21750020000	21410
21780020000	19933
21810020000	74885
21840020000	26046
21870020000	52342
21900020000	24460
21930020000	78043
21960020000	26343
21990020000	81310
22020020000	57770
22050020000	19099
22080020000	82661
22110020000	53104
22140020000	39465
22170020000	75782
22200020000	20200
22230020000	29309
22260020000	41005
22290020000	32693
22320020000	40228
22350020000	82324
22380020000	39712
22410020000	75279
22440020000	53690
22470020000	77146
22500020000	27034
22530020000	24923
22560020000	61681
22590020000	19566
22620020000	18887
22650020000	24968
22680020000	52574
22710020000	21958
22740020000	62783
22770020000	31145
22800020000	18855
22830020000	76484
22860020000	28897
22890020000	77716
22920020000	55578
22950020000	33732
22980020000	80120
23010020000	22600
23040020000	36067
23070020000	78152
23100020000	21515
23130020000	17928
23160020000	30214
23190020000	27382
23220020000	72116
23250020000	83672
23280020000	68426
23310020000	76470
23340020000	60056
23370020000	22488
23400020000	70914
23430020000	42999
23460020000	27872
23490020000	17460
23520020000	17088
23550020000	39573
23580020000	26713
23610020000	23716
23640020000	48036
23670020000	41869
23700020000	61182
23730020000	34854
23760020000	18534
23790020000	23273
23820020000	17802
23850020000	54764
23880020000	72673
23910020000	18199
23940020000	75281
23970020000	27994
24000020000	32756
24030020000	44197
24060020000	20739
24090020000	78923
24120020000	51252
24150020000	19877
24180020000	18708
24210020000	73861
24240020000	35085
24270020000	91132
24300020000	18775
24330020000	17772
24360020000	24408
24390020000	21734
24420020000	49577
24450020000	83234
24480020000	33366
24510020000	59500
24540020000	54423
24570020000	76680
24600020000	29038
24630020000	31667
24660020000	72422
24690020000	75148
24720020000	71569
24750020000	18522
24780020000	56039
24810020000	55869
24840020000	77466
24870020000	27875
24900020000	33982
24930020000	76074
24960020000	73825
24990020000	79261
25020020000	29474
25050020000	34045
25080020000	18657
25110020000	23195
25140020000	48827
25170020000	18148
25200020000	56865
25230020000	37631
25260020000	72900
25290020000	26561
25320020000	21046
25350020000	72853
25380020000	21727
25410020000	29308
25440020000	26741
25470020000	24995
25500020000	55788
25530020000	30396
25560020000	50647
25590020000	55434
25620020000	79757
25650020000	28135
25680020000	20888
25710020000	35007
25740020000	20271
25770020000	30976
25800020000	29985
25830020000	18801
25860020000	72520
25890020000	79147
25920020000	20067
25950020000	25095
25980020000	50973
26010020000	58584
26040020000	32317
26070020000	41124
26100020000	73452
26130020000	40270
26160020000	73896
26190020000	74065
26220020000	31964
26250020000	27928
26280020000	41033
26310020000	78231
26340020000	39746
26370020000	80093
26400020000	63386
26430020000	27132
26460020000	45067
26490020000	74540
26520020000	73670
26550020000	44385
26580020000	42161
26610020000	33711
26640020000	36632
26670020000	64772
26700020000	37112
26730020000	24605
26760020000	73569
26790020000	22545
26820020000	40876
26850020000	50201
26880020000	61099
26910020000	75508
26940020000	26185
26970020000	72642
27000020000	62919
27030020000	31955
27060020000	26081
27090020000	59790
27120020000	62456
27150020000	19886
27180020000	26358
27210020000	55035
27240020000	23555
27270020000	17779
27300020000	41193
27330020000	82925
27360020000	19654
27390020000	22923
27420020000	19591
27450020000	32167
27480020000	75022
27510020000	28957
27540020000	23651
27570020000	74083
27600020000	17892
27630020000	32383
27660020000	51820
27690020000	76230
27720020000	23049
27750020000	26642
27780020000	71422
27810020000	16351
27840020000	30575
27870020000	27210
27900020000	39124
27930020000	52096
27960020000	76323
27990020000	75244
28020020000	54445
28050020000	31819
28080020000	27899
28110020000	21279
28140020000	25148
28170020000	82999
28200020000	80746
28230020000	38544
28260020000	86874
28290020000	15747
28320020000	20643
28350020000	37707
28380020000	31325
28410020000	20887
28440020000	28281
28470020000	54545
28500020000	75828
28530020000	19354
28560020000	25352
28590020000	26137
28620020000	83391
28650020000	30589
28680020000	35276
28710020000	59360
28740020000	64425
28770020000	26953
28800020000	16987
28830020000	53574
28860020000	23218
28890020000	71092
28920020000	75309
28950020000	75897
28980020000	19988
29010020000	31101
29040020000	19979
29070020000	20096
29100020000	41325
29130020000	17375
29160020000	24359
29190020000	24569
29220020000	81256
29250020000	36826
29280020000	18568
29310020000	73088
29340020000	68106
29370020000	79620
29400020000	23877
29430020000	32647
29460020000	76777
29490020000	37936
29520020000	78585
29550020000	76402
29580020000	31279
29610020000	27759
29640020000	55171
29670020000	22555
29700020000	27667
29730020000	32599
29760020000	35533
29790020000	21764
29820020000	23486
29850020000	72965
29880020000	24483
29910020000	20427
29940020000	61265
29970020000	74230
