20000	4292713
30020000	35187
60020000	36060
90020000	30131
120020000	64873
150020000	38223
180020000	49039
210020000	21219
240020000	33610
270020000	30724
300020000	65422
330020000	80477
360020000	81453
390020000	77291
420020000	21744
450020000	24349
480020000	19283
510020000	30391
540020000	20015
570020000	86676
600020000	26167
630020000	40877
660020000	28053
690020000	23468
720020000	17174
750020000	38571
780020000	17719
810020000	27802
840020000	77751
870020000	38254
900020000	78718
930020000	26848
960020000	26153
990020000	76495
1020020000	21977
1050020000	83949
1080020000	23952
1110020000	38236
1140020000	18857
1170020000	30850
1200020000	16651
1230020000	16682
1260020000	34544
1290020000	24078
1320020000	21164
1350020000	23625
1380020000	23139
1410020000	20474
1440020000	18345
1470020000	69646
1500020000	31274
1530020000	33323
1560020000	26977
1590020000	84084
1620020000	26282
1650020000	20884
1680020000	23963
1710020000	42615
1740020000	64993
1770020000	30601
1800020000	16990
1830020000	79547
1860020000	84450
1890020000	22135
1920020000	22456
1950020000	20307
1980020000	78212
2010020000	25090
2040020000	61076
2070020000	75270
2100020000	25033
2130020000	75180
2160020000	23304
2190020000	26078
2220020000	36773
2250020000	36028
2280020000	70828
2310020000	19156
2340020000	83565
2370020000	44354
2400020000	55940
2430020000	19003
2460020000	33118
2490020000	21685
2520020000	81187
2550020000	67536
2580020000	61442
2610020000	79928
2640020000	23214
2670020000	18437
2700020000	25378
2730020000	23775
2760020000	63558
2790020000	22218
2820020000	26930
2850020000	56564
2880020000	21646
2910020000	18852
2940020000	28616
2970020000	48937
3000020000	24413
3030020000	59163
3060020000	30365
3090020000	35835
3120020000	27582
3150020000	27739
3180020000	56612
3210020000	28447
3240020000	24950
3270020000	28143
3300020000	64297
3330020000	72981
3360020000	62954
3390020000	20151
3420020000	20143
3450020000	49581
3480020000	25056
3510020000	30888
3540020000	16662
3570020000	20840
3600020000	79515
3630020000	23074
3660020000	24928
3690020000	33338
3720020000	21788
3750020000	38324
3780020000	88148
3810020000	45061
3840020000	26190
3870020000	72828
3900020000	18350
3930020000	57159
3960020000	25921
3990020000	87582
4020020000	24202
4050020000	52623
4080020000	79108
4110020000	41759
4140020000	18052
4170020000	30163
4200020000	35778
4230020000	68789
4260020000	17691
4290020000	32195
4320020000	74507
4350020000	28483
4380020000	30279
4410020000	22883
4440020000	80965
4470020000	80538
4500020000	74209
4530020000	25292
4560020000	23900
4590020000	32167
4620020000	25531
4650020000	30244
4680020000	17642
4710020000	57935
4740020000	35362
4770020000	24781
4800020000	20919
4830020000	34684
4860020000	72312
4890020000	17702
4920020000	23692
4950020000	56290
4980020000	85106
5010020000	21529
5040020000	27985
5070020000	79692
5100020000	31371
5130020000	25225
5160020000	24305
5190020000	89400
5220020000	21507
5250020000	19530
5280020000	78644
5310020000	19332
5340020000	28957
5370020000	45869
5400020000	23184
5430020000	75120
5460020000	33659
5490020000	63082
5520020000	27351
5550020000	77222
5580020000	27969
5610020000	24786
5640020000	44680
5670020000	23475
5700020000	76267
5730020000	39418
5760020000	25761
5790020000	27579
5820020000	60147
5850020000	47687
5880020000	23889
5910020000	80550
5940020000	18189
5970020000	29761
6000020000	43714
6030020000	82391
6060020000	82818
6090020000	37897
6120020000	46181
6150020000	60843
6180020000	57854
6210020000	25002
6240020000	80266
6270020000	23511
6300020000	34720
6330020000	22821
6360020000	65643
6390020000	24795
6420020000	43496
6450020000	20530
6480020000	24072
6510020000	21165
6540020000	38606
6570020000	79047
6600020000	19220
6630020000	58573
6660020000	18805
6690020000	24997
6720020000	25632
6750020000	77167
6780020000	30787
6810020000	18428
6840020000	64177
6870020000	76989
6900020000	77134
6930020000	30605
6960020000	67473
6990020000	22022
7020020000	42790
7050020000	31937
7080020000	36559
7110020000	28461
7140020000	28306
7170020000	86764
7200020000	23396
7230020000	25234
7260020000	44861
7290020000	77210
7320020000	68048
7350020000	24130
7380020000	26593
7410020000	70954
7440020000	26031
7470020000	82442
7500020000	79364
7530020000	76817
7560020000	22109
7590020000	20792
7620020000	23653
7650020000	79868
7680020000	36126
7710020000	64976
7740020000	27072
7770020000	25687
7800020000	36266
7830020000	38865
7860020000	26098
7890020000	48358
7920020000	62532
7950020000	31581
7980020000	67497
8010020000	79609
8040020000	54901
8070020000	17086
8100020000	25554
8130020000	24765
8160020000	18528
8190020000	21496
8220020000	17090
8250020000	32618
8280020000	25740
8310020000	36903
8340020000	22772
8370020000	23467
8400020000	33227
8430020000	37060
8460020000	91296
8490020000	81851
8520020000	22922
8550020000	34779
8580020000	27750
8610020000	76999
8640020000	22503
8670020000	62293
8700020000	39724
8730020000	17486
8760020000	63230
8790020000	21156
8820020000	37712
8850020000	59805
8880020000	57132
8910020000	54275
8940020000	27432
8970020000	19698
9000020000	35520
9030020000	47900
9060020000	31819
9090020000	22092
9120020000	33983
9150020000	17889
9180020000	18267
9210020000	23825
9240020000	57096
9270020000	23393
9300020000	79600
9330020000	72218
9360020000	26450
9390020000	57644
9420020000	60592
9450020000	44942
9480020000	22233
9510020000	20219
9540020000	24463
9570020000	84674
9600020000	68524
9630020000	80080
9660020000	27680
9690020000	86327
9720020000	82763
9750020000	76312
9780020000	45678
9810020000	75363
9840020000	56464
9870020000	43869
9900020000	45075
9930020000	22889
9960020000	23061
9990020000	48119
10020020000	2947402361
10050020000	2917402361
10080020000	2887402361
10110020000	2857402361
10140020000	2827402361
10170020000	2797402361
10200020000	2767402361
10230020000	2737402361
10260020000	2707402361
10290020000	2677402361
10320020000	2647402361
10350020000	2617402361
10380020000	2587402361
10410020000	2557402361
10440020000	2527402361
10470020000	2497402361
10500020000	2467402361
10530020000	2437402361
10560020000	2407402361
10590020000	2377402361
10620020000	2347402361
10650020000	2317402361
10680020000	2287402361
10710020000	2257402361
10740020000	2227402361
10770020000	2197402361
10800020000	2167402361
10830020000	2137402361
10860020000	2107402361
10890020000	2077402361
10920020000	2047402361
10950020000	2017402361
10980020000	1987402361
11010020000	1957402361
11040020000	1927402361
11070020000	1897402361
11100020000	1867402361
11130020000	1837402361
11160020000	1807402361
11190020000	1777402361
11220020000	1747402361
11250020000	1717402361
11280020000	1687402361
11310020000	1657402361
11340020000	1627402361
11370020000	1597402361
11400020000	1567402361
11430020000	1537402361
11460020000	1507402361
11490020000	1477402361
11520020000	1447402361
11550020000	1417402361
11580020000	1387402361
11610020000	1357402361
11640020000	1327402361
11670020000	1297402361
11700020000	1267402361
11730020000	1237402361
11760020000	1207402361
11790020000	1177402361
11820020000	1147402361
11850020000	1117402361
11880020000	1087402361
11910020000	1057402361
11940020000	1027402361
11970020000	997402361
12000020000	967402361
12030020000	937402361
12060020000	907402361
12090020000	877402361
12120020000	847402361
12150020000	817402361
12180020000	787402361
12210020000	757402361
12240020000	727402361
12270020000	697402361
12300020000	667402361
12330020000	637402361
12360020000	607402361
12390020000	577402361
12420020000	547402361
12450020000	517402361
12480020000	487402361
12510020000	457402361
12540020000	427402361
12570020000	397402361
12600020000	367402361
12630020000	337402361
12660020000	307402361
12690020000	277402361
12720020000	247402361
12750020000	217402361
12780020000	187402361
12810020000	157402361
12840020000	136487859
12870020000	106487859
12900020000	76487859
12930020000	46487859
12960020000	16487859
12990020000	90470
13020020000	119541
13050020000	99454
13080020000	124250
13110020000	110036
13140020000	100236
13170020000	64549
13200020000	115327
13230020000	65557
13260020000	119813
13290020000	79959
13320020000	85469
13350020000	83931
13380020000	140743
13410020000	114050
13440020000	203509
13470020000	75183
13500020000	98092
13530020000	52383
13560020000	115030
13590020000	132419
13620020000	133314
13650020000	107789
13680020000	130205
13710020000	133240
13740020000	108089
13770020000	100830
13800020000	81570
13830020000	104658
13860020000	121909
13890020000	94041
13920020000	129978
13950020000	92017
13980020000	86509
14010020000	94658
14040020000	20280
14070020000	98176
14100020000	87306
14130020000	118967
14160020000	137433
14190020000	87182
14220020000	146032
14250020000	96334
14280020000	140166
14310020000	105609
14340020000	93917
14370020000	73085
14400020000	102339
14430020000	104299
14460020000	107582
14490020000	136622
14520020000	96908
14550020000	121105
14580020000	80653
14610020000	73202
14640020000	105616
14670020000	88658
14700020000	77269
14730020000	103133
14760020000	121786
14790020000	62762
14820020000	92900
14850020000	87207
14880020000	122062
14910020000	98684
14940020000	96453
14970020000	109315
15000020000	107048
15030020000	91625
15060020000	106337
15090020000	133337
15120020000	105324
15150020000	92738
15180020000	103400
15210020000	127046
15240020000	91660
15270020000	28208
15300020000	130511
15330020000	83472
15360020000	66977
15390020000	97317
15420020000	89931
15450020000	92368
15480020000	47926
15510020000	69851
15540020000	130636
15570020000	107281
15600020000	126834
15630020000	128175
15660020000	72343
15690020000	132940
15720020000	136665
15750020000	99927
15780020000	122888
15810020000	104567
15840020000	28549
15870020000	84012
15900020000	112383
15930020000	99429
15960020000	66395
15990020000	143069
16020020000	59837
16050020000	63751
16080020000	121159
16110020000	90825
16140020000	95117
16170020000	130663
16200020000	99069
16230020000	81105
16260020000	120840
16290020000	87101
16320020000	64857
16350020000	92766
16380020000	91311
16410020000	78828
16440020000	66241
16470020000	65960
16500020000	57603
16530020000	34715
16560020000	108558
16590020000	100405
16620020000	96171
16650020000	79912
16680020000	115034
16710020000	114623
16740020000	106044
16770020000	105938
16800020000	39049
16830020000	85588
16860020000	147229
16890020000	83331
16920020000	79365
16950020000	120964
16980020000	96240
17010020000	53421
17040020000	89845
17070020000	34486
17100020000	62738
17130020000	82106
17160020000	86579
17190020000	82131
17220020000	65494
17250020000	99705
17280020000	127590
17310020000	108258
17340020000	49276
17370020000	91388
17400020000	95615
17430020000	95948
17460020000	113801
17490020000	96258
17520020000	106881
17550020000	106428
17580020000	93432
17610020000	53473
17640020000	127702
17670020000	73684
17700020000	80218
17730020000	98219
17760020000	95464
17790020000	100962
17820020000	80774
17850020000	97151
17880020000	106288
17910020000	132107
17940020000	101240
17970020000	45010
18000020000	101456
18030020000	94094
18060020000	69782
18090020000	131610
18120020000	63046
18150020000	104786
18180020000	61426
18210020000	81811
18240020000	69279
18270020000	107305
18300020000	109643
18330020000	132938
18360020000	139847
18390020000	65673
18420020000	68148
18450020000	81576
18480020000	98617
18510020000	122473
18540020000	108466
18570020000	61754
18600020000	108430
18630020000	58679
18660020000	74266
18690020000	60109
18720020000	113351
18750020000	129655
18780020000	66478
18810020000	107804
18840020000	134148
18870020000	82635
18900020000	117940
18930020000	110916
18960020000	88655
18990020000	76874
19020020000	95467
19050020000	73303
19080020000	113322
19110020000	97440
19140020000	118511
19170020000	110355
19200020000	64555
19230020000	70530
19260020000	84163
19290020000	129592
19320020000	81260
19350020000	30515
19380020000	95584
19410020000	117331
19440020000	98238
19470020000	113965
19500020000	86051
19530020000	129446
19560020000	93951
19590020000	101145
19620020000	65067
19650020000	82403
19680020000	95357
19710020000	94783
19740020000	138745
19770020000	114056
19800020000	123074
19830020000	124229
19860020000	101523
19890020000	107954
19920020000	65153
19950020000	95308
19980020000	90529
20010020000	8378502
20040020000	7661720
20070020000	1507125
20100020000	7389012
20130020000	2129369
20160020000	9201779
20190020000	3329689
20220020000	9283669
20250020000	3011615
20280020000	9387710
20310020000	3030768
20340020000	8642232
20370020000	2210495
20400020000	8181726
20430020000	2013788
20460020000	7429644
20490020000	1164646
20520020000	7700693
20550020000	2502028
20580020000	8771107
20610020000	2745728
20640020000	8233321
20670020000	2008701
20700020000	7313298
20730020000	1046167
20760020000	6915268
20790020000	779047
20820020000	7653956
20850020000	1105337
20880020000	6687515
20910020000	11438619
20940020000	5437717
20970020000	11055230
21000020000	4810776
21030020000	10132813
21060020000	4347180
21090020000	9972903
21120020000	3753864
21150020000	9103817
21180020000	3221921
21210020000	8749242
21240020000	2725242
21270020000	8232698
21300020000	2027724
21330020000	7331240
21360020000	1258378
21390020000	5573003
21420020000	9549290
21450020000	2840250
21480020000	7486970
21510020000	1467338
21540020000	90809
21570020000	87707
21600020000	75614
21630020000	66103
21660020000	23334
21690020000	69437
21720020000	22156
21750020000	24927
21780020000	55201
21810020000	17009
21840020000	41355
21870020000	84298
21900020000	69392
21930020000	18146
21960020000	32664
21990020000	45699
22020020000	18798
22050020000	74269
22080020000	18174
22110020000	22786
22140020000	21541
22170020000	27508
22200020000	76714
22230020000	22731
22260020000	25436
22290020000	83127
22320020000	25143
22350020000	81213
22380020000	24428
22410020000	33783
22440020000	17792
22470020000	39968
22500020000	60512
22530020000	43631
22560020000	39613
22590020000	16395
22620020000	91712
22650020000	87412
22680020000	44071
22710020000	76432
22740020000	19029
22770020000	70123
22800020000	67486
22830020000	18288
22860020000	36786
22890020000	21969
22920020000	28843
22950020000	23178
22980020000	77916
23010020000	24239
23040020000	24452
23070020000	21915
23100020000	58314
23130020000	45665
23160020000	80348
23190020000	44717
23220020000	20018
23250020000	25601
23280020000	33355
23310020000	46454
23340020000	17119
23370020000	82683
23400020000	77118
23430020000	86274
23460020000	31686
23490020000	29725
23520020000	16842
23550020000	18707
23580020000	46673
23610020000	60657
23640020000	34062
23670020000	24158
23700020000	24894
23730020000	64228
23760020000	20595
23790020000	18161
23820020000	60492
23850020000	75526
23880020000	25755
23910020000	30364
23940020000	81477
23970020000	25389
24000020000	78128
24030020000	23043
24060020000	62474
24090020000	38632
24120020000	19459
24150020000	37974
24180020000	23179
24210020000	85865
24240020000	20103
24270020000	24068
24300020000	66208
24330020000	42098
24360020000	26070
24390020000	26186
24420020000	25662
24450020000	71118
24480020000	39988
24510020000	83542
24540020000	22408
24570020000	52531
24600020000	24322
24630020000	36562
24660020000	35072
24690020000	80872
24720020000	82084
24750020000	85422
24780020000	76279
24810020000	26873
24840020000	25363
24870020000	56201
24900020000	81676
24930020000	18933
24960020000	69934
24990020000	76983
25020020000	57566
25050020000	78492
25080020000	21136
25110020000	83831
25140020000	63668
25170020000	33200
25200020000	26287
25230020000	75432
25260020000	80805
25290020000	22352
25320020000	35666
25350020000	16952
25380020000	23340
25410020000	30279
25440020000	24014
25470020000	83626
25500020000	57827
25530020000	19178
25560020000	76831
25590020000	17434
25620020000	61281
25650020000	27868
25680020000	24521
25710020000	38434
25740020000	75134
25770020000	21114
25800020000	22369
25830020000	31626
25860020000	18050
25890020000	83065
25920020000	87779
25950020000	64912
25980020000	80642
26010020000	18217
26040020000	23256
26070020000	29983
26100020000	69477
26130020000	21761
26160020000	24073
26190020000	24149
26220020000	86972
26250020000	75856
26280020000	73268
26310020000	28280
26340020000	33068
26370020000	44667
26400020000	36059
26430020000	77658
26460020000	88194
26490020000	23653
26520020000	23210
26550020000	21769
26580020000	17450
26610020000	64479
26640020000	47348
26670020000	34108
26700020000	38587
26730020000	44413
26760020000	24184
26790020000	55794
26820020000	20479
26850020000	31546
26880020000	21307
26910020000	65043
26940020000	27186
26970020000	25123
27000020000	50718
27030020000	20856
27060020000	70959
27090020000	95406
27120020000	20981
27150020000	25699
27180020000	69152
27210020000	22476
27240020000	35196
27270020000	61420
27300020000	18762
27330020000	80384
27360020000	84991
27390020000	20570
27420020000	18792
27450020000	28641
27480020000	17828
27510020000	81957
27540020000	79868
27570020000	26231
27600020000	18112
27630020000	26912
27660020000	46902
27690020000	28925
27720020000	17972
27750020000	65318
27780020000	21760
27810020000	20985
27840020000	20926
27870020000	19167
27900020000	89992
27930020000	59634
27960020000	79743
27990020000	22998
28020020000	60514
28050020000	61226
28080020000	26436
28110020000	57458
28140020000	21554
28170020000	65975
28200020000	19715
28230020000	29970
28260020000	24565
28290020000	34301
28320020000	38218
28350020000	41961
28380020000	20577
28410020000	35874
28440020000	25729
28470020000	19361
28500020000	85379
28530020000	42850
28560020000	25190
28590020000	64243
28620020000	81314
28650020000	22162
28680020000	60009
28710020000	40695
28740020000	34166
28770020000	23723
28800020000	91976
28830020000	87295
28860020000	89142
28890020000	85366
28920020000	37434
28950020000	82064
28980020000	83509
29010020000	28787
29040020000	22327
29070020000	54313
29100020000	27734
29130020000	22451
29160020000	20021
29190020000	21848
29220020000	25140
29250020000	19780
29280020000	75286
29310020000	20613
29340020000	54691
29370020000	17299
29400020000	75932
29430020000	83875
29460020000	78246
29490020000	17967
29520020000	23842
29550020000	44657
29580020000	58438
29610020000	81505
29640020000	35089
29670020000	17354
29700020000	28325
29730020000	25903
29760020000	17652
29790020000	24630
29820020000	20200
29850020000	22097
29880020000	26340
29910020000	24221
29940020000	57128
29970020000	62609
