1666	68240539
29989666	38252539
59977666	34675518
89965666	22346262
119953666	12124538
149941666	1573484
179929666	392802
209917666	722532
239905666	561830
269893666	719710
299881666	693292
329869666	444590
359857666	439034
389845666	588049
419833666	411710
449821666	601894
479809666	674653
509797666	668871
539785666	473278
569773666	471710
599761666	674330
629749666	408614
659737666	1105861
689725666	455608
719713666	513212
749701666	459140
779689666	678753
809677666	627725
839665666	445071
869653666	506211
899641666	405773
929629666	433357
959617666	636715
989605666	560469
1019593666	385284
1049581666	727782
1079569666	575505
1109557666	413944
1139545666	643304
1169533666	419399
1199521666	706532
1229509666	590039
1259497666	431915
1289485666	579972
1319473666	944137
1349461666	424575
1379449666	412846
1409437666	408875
1439425666	427714
1469413666	596061
1499401666	610839
1529389666	1849924
1559377666	766383
1589365666	439347
1619353666	542986
1649341666	647412
1679329666	565434
1709317666	524874
1739305666	586441
1769293666	479954
1799281666	415391
1829269666	720330
1859257666	537937
1889245666	681599
1919233666	534014
1949221666	545994
1979209666	464073
2009197666	489673
2039185666	539966
2069173666	665101
2099161666	370934
2129149666	598264
2159137666	657847
2189125666	1966985
2219113666	415373
2249101666	374650
2279089666	488841
2309077666	696859
2339065666	678551
2369053666	536269
2399041666	469152
2429029666	427372
2459017666	506833
2489005666	704299
2518993666	660394
2548981666	702646
2578969666	418073
2608957666	458358
2638945666	404270
2668933666	481358
2698921666	679455
2728909666	451189
2758897666	494257
2788885666	468353
2818873666	649570
2848861666	544065
2878849666	493353
2908837666	540017
2938825666	500098
2968813666	710810
2998801666	410056
3028789666	510487
3058777666	3279620
3088765666	585453
3118753666	732545
3148741666	435078
3178729666	485964
3208717666	564052
3238705666	428971
3268693666	462039
3298681666	533287
3328669666	577349
3358657666	493646
3388645666	684194
3418633666	475825
3448621666	716461
3478609666	736658
3508597666	446560
3538585666	557201
3568573666	522621
3598561666	724965
3628549666	399086
3658537666	669631
3688525666	656839
3718513666	553983
3748501666	599605
3778489666	539685
3808477666	639626
3838465666	609271
3868453666	696796
3898441666	364978
3928429666	408191
3958417666	633319
3988405666	571783
4018393666	533916
4048381666	689683
4078369666	449354
4108357666	615596
4138345666	602500
4168333666	609396
4198321666	593170
4228309666	621843
4258297666	537313
4288285666	729033
4318273666	542377
4348261666	607193
4378249666	687512
4408237666	536789
4438225666	700167
4468213666	415558
4498201666	437811
4528189666	584556
4558177666	489936
4588165666	1242879
4618153666	389392
4648141666	559881
4678129666	447502
4708117666	543910
4738105666	706882
4768093666	655982
4798081666	482901
4828069666	680093
4858057666	741097
4888045666	546229
4918033666	650443
4948021666	671906
4978009666	610084
5007997666	449781
5037985666	543089
5067973666	597589
5097961666	453405
5127949666	544171
5157937666	710996
5187925666	408082
5217913666	655447
5247901666	1024114
5277889666	585015
5307877666	605683
5337865666	392437
5367853666	481244
5397841666	613246
5427829666	642616
5457817666	502062
5487805666	489285
5517793666	521221
5547781666	644841
5577769666	726528
5607757666	498603
5637745666	528812
5667733666	611785
5697721666	689102
5727709666	456997
5757697666	398898
5787685666	462434
5817673666	583296
5847661666	686714
5877649666	570427
5907637666	472541
5937625666	524438
5967613666	378112
5997601666	468370
6027589666	626912
6057577666	560791
6087565666	677583
6117553666	2537078
6147541666	425989
6177529666	636220
6207517666	698122
6237505666	581766
6267493666	409403
6297481666	693698
6327469666	630475
6357457666	398182
6387445666	595595
6417433666	620417
6447421666	410636
6477409666	435764
6507397666	533840
6537385666	390518
6567373666	669782
6597361666	570909
6627349666	561061
6657337666	682411
6687325666	540217
6717313666	663172
6747301666	670975
6777289666	837521
6807277666	493489
6837265666	626662
6867253666	666195
6897241666	431865
6927229666	738110
6957217666	668514
6987205666	602131
7017193666	641005
7047181666	406259
7077169666	465231
7107157666	434861
7137145666	401806
7167133666	2542060
7197121666	1617669
7227109666	710465
7257097666	625520
7287085666	746054
7317073666	546416
7347061666	809940
7377049666	824246
7407037666	655531
7437025666	527622
7467013666	762729
7497001666	480053
7526989666	511523
7556977666	409637
7586965666	408151
7616953666	516584
7646941666	1217803
7676929666	647820
7706917666	618222
7736905666	537961
7766893666	708159
7796881666	486756
7826869666	520965
7856857666	711367
7886845666	386239
7916833666	598902
7946821666	585105
7976809666	663958
8006797666	691345
8036785666	694680
8066773666	608787
8096761666	521275
8126749666	575654
8156737666	644979
8186725666	415702
8216713666	496745
8246701666	485904
8276689666	461094
8306677666	1034737
8336665666	576137
8366653666	518014
8396641666	666417
8426629666	597261
8456617666	507378
8486605666	513033
8516593666	2509030
8546581666	559838
8576569666	389439
8606557666	528011
8636545666	669196
8666533666	526633
8696521666	439963
8726509666	667423
8756497666	687775
8786485666	566006
8816473666	426843
8846461666	584289
8876449666	727822
8906437666	735181
8936425666	529974
8966413666	491555
8996401666	543758
9026389666	513116
9056377666	400997
9086365666	624712
9116353666	505305
9146341666	633429
9176329666	3192000
9206317666	777152
9236305666	618945
9266293666	463918
9296281666	509154
9326269666	434262
9356257666	399338
9386245666	440001
9416233666	695574
9446221666	683668
9476209666	382919
9506197666	570601
9536185666	487415
9566173666	479097
9596161666	595561
9626149666	586918
9656137666	706356
9686125666	469045
9716113666	638941
9746101666	509076
9776089666	376074
9806077666	721971
9836065666	421272
9866053666	625277
9896041666	381268
9926029666	552665
9956017666	715818
9986005666	460108
10015993666	4036207172
10045981666	4006219172
10075969666	3976231172
10105957666	3946243172
10135945666	3916255172
10165933666	3886267172
10195921666	3856279172
10225909666	3826291172
10255897666	3796303172
10285885666	3766315172
10315873666	3736327172
10345861666	3706339172
10375849666	3676351172
10405837666	3646363172
10435825666	3616375172
10465813666	3586387172
10495801666	3556399172
10525789666	3526411172
10555777666	3496423172
10585765666	3466435172
10615753666	3436447172
10645741666	3406459172
10675729666	3376471172
10705717666	3346483172
10735705666	3316495172
10765693666	3286507172
10795681666	3256519172
10825669666	3226531172
10855657666	3196543172
10885645666	3166555172
10915633666	3136567172
10945621666	3106579172
10975609666	3076591172
11005597666	3046603172
11035585666	3016615172
11065573666	2986627172
11095561666	2956639172
11125549666	2926651172
11155537666	2896663172
11185525666	2866675172
11215513666	2836687172
11245501666	2806699172
11275489666	2776711172
11305477666	2746723172
11335465666	2716735172
11365453666	2686747172
11395441666	2656759172
11425429666	2626771172
11455417666	2596783172
11485405666	2566795172
11515393666	2536807172
11545381666	2506819172
11575369666	2476831172
11605357666	2446843172
11635345666	2416855172
11665333666	2386867172
11695321666	2356879172
11725309666	2326891172
11755297666	2296903172
11785285666	2266915172
11815273666	2236927172
11845261666	2206939172
11875249666	2176951172
11905237666	2146963172
11935225666	2116975172
11965213666	2086987172
11995201666	2056999172
12025189666	2027011172
12055177666	1997023172
12085165666	1967035172
12115153666	1937047172
12145141666	1907059172
12175129666	1877071172
12205117666	1847083172
12235105666	1817095172
12265093666	1787107172
12295081666	1757119172
12325069666	1727131172
12355057666	1697143172
12385045666	1667155172
12415033666	1637167172
12445021666	1607179172
12475009666	1577191172
12504997666	1547203172
12534985666	1517215172
12564973666	1487227172
12594961666	1457239172
12624949666	1427251172
12654937666	1397263172
12684925666	1367275172
12714913666	1337287172
12744901666	1307299172
12774889666	1277311172
12804877666	1247323172
12834865666	1217335172
12864853666	1187347172
12894841666	1157359172
12924829666	1127371172
12954817666	1558605207
12984805666	1528617207
13014793666	1498629207
13044781666	1468641207
13074769666	1438653207
13104757666	1408665207
13134745666	1378677207
13164733666	1348689207
13194721666	1318701207
13224709666	1288713207
13254697666	1258725207
13284685666	1228737207
13314673666	1198749207
13344661666	1168761207
13374649666	1138773207
13404637666	1108785207
13434625666	1078797207
13464613666	1048809207
13494601666	1018821207
13524589666	988833207
13554577666	958845207
13584565666	928857207
13614553666	898869207
13644541666	868881207
13674529666	838893207
13704517666	808905207
13734505666	778917207
13764493666	748929207
13794481666	718941207
13824469666	688953207
13854457666	658965207
13884445666	628977207
13914433666	598989207
13944421666	569001207
13974409666	539013207
14004397666	509025207
14034385666	479037207
14064373666	449049207
14094361666	607254368
14124349666	577266368
14154337666	547278368
14184325666	517290368
14214313666	487302368
14244301666	457314368
14274289666	427326368
14304277666	397338368
14334265666	367350368
14364253666	337362368
14394241666	307374368
14424229666	277386368
14454217666	247398368
14484205666	217410368
14514193666	187422368
14544181666	235589044
14574169666	205601044
14604157666	175613044
14634145666	145625044
14664133666	115637044
14694121666	85649044
14724109666	88244206
14754097666	58256206
14784085666	41278582
14814073666	16775797
14844061666	275972
14874049666	329467
14904037666	344492
14934025666	234756
14964013666	265298
14994001666	182354
15023989666	238809
15053977666	216466
15083965666	280042
15113953666	220637
15143941666	221095
15173929666	264664
15203917666	284566
15233905666	245348
15263893666	269919
15293881666	165739
15323869666	286000
15353857666	235374
15383845666	181091
15413833666	296365
15443821666	139279
15473809666	241350
15503797666	204463
15533785666	240525
15563773666	316399
15593761666	210091
15623749666	210579
15653737666	228393
15683725666	155148
15713713666	133614
15743701666	336879
15773689666	255738
15803677666	255104
15833665666	286389
15863653666	266762
15893641666	164658
15923629666	214148
15953617666	236801
15983605666	281217
16013593666	183104
16043581666	176254
16073569666	243548
16103557666	252038
16133545666	332510
16163533666	281451
16193521666	224429
16223509666	248931
16253497666	293678
16283485666	259289
16313473666	303045
16343461666	149001
16373449666	186144
16403437666	177646
16433425666	329879
16463413666	199886
16493401666	209379
16523389666	196847
16553377666	265632
16583365666	250205
16613353666	273523
16643341666	223545
16673329666	278943
16703317666	340568
16733305666	265486
16763293666	204111
16793281666	251734
16823269666	245925
16853257666	196600
16883245666	153804
16913233666	235620
16943221666	114758
16973209666	208250
17003197666	225534
17033185666	2642767
17063173666	245884
17093161666	231270
17123149666	204820
17153137666	341107
17183125666	109632
17213113666	278259
17243101666	229126
17273089666	173608
17303077666	264955
17333065666	173131
17363053666	152760
17393041666	232378
17423029666	256032
17453017666	213581
17483005666	234806
17512993666	170071
17542981666	338092
17572969666	270816
17602957666	328032
17632945666	229242
17662933666	200091
17692921666	215784
17722909666	377579
17752897666	209002
17782885666	320206
17812873666	305937
17842861666	240630
17872849666	192114
17902837666	251196
17932825666	202239
17962813666	274403
17992801666	256555
18022789666	366715
18052777666	127541
18082765666	318149
18112753666	274042
18142741666	145464
18172729666	219496
18202717666	227154
18232705666	349979
18262693666	174839
18292681666	184478
18322669666	361071
18352657666	193588
18382645666	241696
18412633666	333306
18442621666	122036
18472609666	169707
18502597666	325392
18532585666	117158
18562573666	869016
18592561666	188763
18622549666	311864
18652537666	272937
18682525666	298318
18712513666	236227
18742501666	182201
18772489666	195833
18802477666	255480
18832465666	256143
18862453666	188060
18892441666	181885
18922429666	196057
18952417666	221206
18982405666	339873
19012393666	122872
19042381666	155249
19072369666	221371
19102357666	215175
19132345666	352251
19162333666	276804
19192321666	257619
19222309666	197477
19252297666	204613
19282285666	136987
19312273666	155289
19342261666	172651
19372249666	282189
19402237666	350923
19432225666	313916
19462213666	164232
19492201666	212826
19522189666	223383
19552177666	164233
19582165666	288325
19612153666	202732
19642141666	238429
19672129666	300511
19702117666	179785
19732105666	241057
19762093666	185216
19792081666	183262
19822069666	226298
19852057666	222738
19882045666	239731
19912033666	334371
19942021666	181228
19972009666	225789
20001997666	16234864
20031985666	5946806
20061973666	8340328
20091961666	9476858
20121949666	10501100
20151937666	9461628
20181925666	7983646
20211913666	8298098
20241901666	8797030
20271889666	7944338
20301877666	7531423
20331865666	8700798
20361853666	8642577
20391841666	9065464
20421829666	9433194
20451817666	10269870
20481805666	11919850
20511793666	13435124
20541781666	13737354
20571769666	7761972
20601757666	11806766
20631745666	17166365
20661733666	16937310
20691721666	10769876
20721709666	17505472
20751697666	18606923
20781685666	13529437
20811673666	14371999
20841661666	9110948
20871649666	17261682
20901637666	18218913
20931625666	13395439
20961613666	15619604
20991601666	14070421
21021589666	14874022
21051577666	9456739
21081565666	18219850
21111553666	8042686
21141541666	16686625
21171529666	18809034
21201517666	18012326
21231505666	9092635
21261493666	20221606
21291481666	11415431
21321469666	15123595
21351457666	11866319
21381445666	14735438
21411433666	14943014
21441421666	22045260
21471409666	20690980
21501397666	11123308
21531385666	15683683
21561373666	16723441
21591361666	8864895
21621349666	15397690
21651337666	19282877
21681325666	13342161
21711313666	20199654
21741301666	20538974
21771289666	14213426
21801277666	22124423
21831265666	15847920
21861253666	22347636
21891241666	17462933
21921229666	11990622
21951217666	20547866
21981205666	24053469
22011193666	18119221
22041181666	12221271
22071169666	22925569
22101157666	16892344
22131145666	20033514
22161133666	13960739
22191121666	23304569
22221109666	17017139
22251097666	19740177
22281085666	14834974
22311073666	13032004
22341061666	10523094
22371049666	23382307
22401037666	20350014
22431025666	17429132
22461013666	24235158
22491001666	20758167
22520989666	20250896
22550977666	19584424
22580965666	5851668
22610953666	679283
22640941666	529466
22670929666	619364
22700917666	611823
22730905666	503579
22760893666	533180
22790881666	583885
22820869666	405811
22850857666	611929
22880845666	647823
22910833666	745654
22940821666	663532
22970809666	584050
23000797666	709751
23030785666	570120
23060773666	866394
23090761666	618285
23120749666	488533
23150737666	1996168
23180725666	618598
23210713666	386437
23240701666	527427
23270689666	620554
23300677666	396507
23330665666	580510
23360653666	497810
23390641666	599771
23420629666	707722
23450617666	701036
23480605666	597913
23510593666	411059
23540581666	576082
23570569666	554461
23600557666	508519
23630545666	634695
23660533666	570933
23690521666	557676
23720509666	458529
23750497666	728574
23780485666	559759
23810473666	753713
23840461666	593167
23870449666	620394
23900437666	695590
23930425666	393461
23960413666	540846
23990401666	432031
24020389666	3243142
24050377666	537331
24080365666	488521
24110353666	729311
24140341666	694370
24170329666	379173
24200317666	422706
24230305666	430572
24260293666	648629
24290281666	402160
24320269666	699541
24350257666	586020
24380245666	370041
24410233666	551986
24440221666	634983
24470209666	521625
24500197666	674101
24530185666	395283
24560173666	663168
24590161666	635900
24620149666	418121
24650137666	522756
24680125666	1258064
24710113666	647149
24740101666	468754
24770089666	364692
24800077666	603756
24830065666	710894
24860053666	521812
24890041666	390999
24920029666	653722
24950017666	622395
24980005666	533719
25009993666	461510
25039981666	742952
25069969666	556580
25099957666	694077
25129945666	565195
25159933666	691139
25189921666	653371
25219909666	447484
25249897666	570024
25279885666	466102
25309873666	619042
25339861666	969182
25369849666	526578
25399837666	658006
25429825666	558493
25459813666	709906
25489801666	702595
25519789666	585260
25549777666	2235360
25579765666	510030
25609753666	414456
25639741666	622285
25669729666	518406
25699717666	691865
25729705666	645316
25759693666	474537
25789681666	443694
25819669666	700262
25849657666	506034
25879645666	373531
25909633666	482570
25939621666	710819
25969609666	375972
25999597666	643605
26029585666	512650
26059573666	987643
26089561666	609947
26119549666	540558
26149537666	390166
26179525666	586491
26209513666	1706274
26239501666	683802
26269489666	654907
26299477666	385027
26329465666	534736
26359453666	702898
26389441666	509680
26419429666	663688
26449417666	400891
26479405666	521152
26509393666	513411
26539381666	710254
26569369666	504472
26599357666	396075
26629345666	380809
26659333666	573365
26689321666	408737
26719309666	711019
26749297666	555709
26779285666	708067
26809273666	609960
26839261666	439928
26869249666	623305
26899237666	438868
26929225666	518827
26959213666	471722
26989201666	479430
27019189666	557374
27049177666	573728
27079165666	2661540
27109153666	552881
27139141666	730824
27169129666	429192
27199117666	727990
27229105666	404804
27259093666	432506
27289081666	583019
27319069666	544628
27349057666	434603
27379045666	613151
27409033666	702031
27439021666	577228
27469009666	581066
27498997666	424235
27528985666	514196
27558973666	1170919
27588961666	590540
27618949666	459966
27648937666	403927
27678925666	591907
27708913666	384120
27738901666	893284
27768889666	411954
27798877666	684477
27828865666	650073
27858853666	675558
27888841666	666625
27918829666	566101
27948817666	456399
27978805666	461853
28008793666	544112
28038781666	428308
28068769666	546252
28098757666	586451
28128745666	381751
28158733666	467209
28188721666	403249
28218709666	658865
28248697666	558629
28278685666	377780
28308673666	574895
28338661666	612041
28368649666	436084
28398637666	937621
28428625666	458210
28458613666	555353
28488601666	507624
28518589666	748753
28548577666	511527
28578565666	551694
28608553666	1408210
28638541666	616803
28668529666	672663
28698517666	608399
28728505666	395249
28758493666	679326
28788481666	693114
28818469666	720125
28848457666	445418
28878445666	580842
28908433666	669151
28938421666	482503
28968409666	399127
28998397666	451334
29028385666	648307
29058373666	1210082
29088361666	494819
29118349666	726598
29148337666	640148
29178325666	546512
29208313666	632517
29238301666	539210
29268289666	1050572
29298277666	725601
29328265666	684404
29358253666	507072
29388241666	508525
29418229666	640138
29448217666	480704
29478205666	383455
29508193666	712464
29538181666	606354
29568169666	730713
29598157666	404153
29628145666	1357254
29658133666	790061
29688121666	490975
29718109666	489231
29748097666	693027
29778085666	454788
29808073666	730183
29838061666	514814
29868049666	718703
29898037666	712309
29928025666	724086
29958013666	544850
