20000	4378151
30020000	18621
60020000	20125
90020000	83064
120020000	77229
150020000	77326
180020000	29297
210020000	31197
240020000	21028
270020000	19574
300020000	29603
330020000	21746
360020000	95247
390020000	58255
420020000	69871
450020000	32166
480020000	33525
510020000	20250
540020000	18395
570020000	40003
600020000	25300
630020000	27866
660020000	81041
690020000	28083
720020000	22466
750020000	77258
780020000	28348
810020000	86378
840020000	78870
870020000	89243
900020000	75078
930020000	29896
960020000	90411
990020000	69226
1020020000	26474
1050020000	22111
1080020000	18304
1110020000	23266
1140020000	28185
1170020000	26906
1200020000	49722
1230020000	21277
1260020000	78291
1290020000	83492
1320020000	27795
1350020000	27051
1380020000	76863
1410020000	88819
1440020000	24328
1470020000	23729
1500020000	27553
1530020000	38220
1560020000	56512
1590020000	20672
1620020000	57682
1650020000	29151
1680020000	46956
1710020000	20647
1740020000	43206
1770020000	34853
1800020000	62382
1830020000	70067
1860020000	18693
1890020000	61295
1920020000	39497
1950020000	78066
1980020000	82768
2010020000	25080
2040020000	20688
2070020000	94482
2100020000	23723
2130020000	65441
2160020000	21265
2190020000	17171
2220020000	66934
2250020000	45813
2280020000	29222
2310020000	26866
2340020000	53925
2370020000	44304
2400020000	22110
2430020000	73713
2460020000	25605
2490020000	82529
2520020000	18736
2550020000	33391
2580020000	18143
2610020000	81387
2640020000	34953
2670020000	65133
2700020000	89216
2730020000	71777
2760020000	41220
2790020000	35494
2820020000	71757
2850020000	21125
2880020000	18504
2910020000	76382
2940020000	47446
2970020000	92794
3000020000	32736
3030020000	18711
3060020000	33511
3090020000	41300
3120020000	43612
3150020000	70075
3180020000	94549
3210020000	41523
3240020000	22776
3270020000	93128
3300020000	40535
3330020000	34114
3360020000	83376
3390020000	85932
3420020000	36536
3450020000	50779
3480020000	31316
3510020000	21109
3540020000	89250
3570020000	76358
3600020000	20838
3630020000	65012
3660020000	47890
3690020000	68737
3720020000	28939
3750020000	20963
3780020000	46299
3810020000	19147
3840020000	70061
3870020000	44942
3900020000	63306
3930020000	45814
3960020000	34566
3990020000	17594
4020020000	91623
4050020000	94389
4080020000	22292
4110020000	30660
4140020000	80913
4170020000	82090
4200020000	23762
4230020000	81315
4260020000	90254
4290020000	25280
4320020000	29384
4350020000	65012
4380020000	24494
4410020000	80046
4440020000	43207
4470020000	48790
4500020000	41124
4530020000	63328
4560020000	67660
4590020000	21403
4620020000	33627
4650020000	85155
4680020000	19598
4710020000	69517
4740020000	40808
4770020000	29529
4800020000	73017
4830020000	47405
4860020000	46441
4890020000	22784
4920020000	86793
4950020000	83633
4980020000	61844
5010020000	78938
5040020000	55170
5070020000	20854
5100020000	23145
5130020000	80748
5160020000	73273
5190020000	26928
5220020000	21596
5250020000	26139
5280020000	37832
5310020000	24594
5340020000	45518
5370020000	30660
5400020000	29290
5430020000	28777
5460020000	17060
5490020000	48673
5520020000	29277
5550020000	17550
5580020000	65849
5610020000	91934
5640020000	93243
5670020000	87708
5700020000	28538
5730020000	90369
5760020000	26434
5790020000	75985
5820020000	87574
5850020000	25572
5880020000	91972
5910020000	95182
5940020000	22843
5970020000	70611
6000020000	40455
6030020000	32789
6060020000	23102
6090020000	93844
6120020000	19977
6150020000	45814
6180020000	20037
6210020000	50048
6240020000	90695
6270020000	26965
6300020000	63024
6330020000	41007
6360020000	92598
6390020000	93054
6420020000	27838
6450020000	26510
6480020000	36096
6510020000	71203
6540020000	76060
6570020000	34459
6600020000	82885
6630020000	20262
6660020000	56615
6690020000	27853
6720020000	23031
6750020000	16371
6780020000	35174
6810020000	59215
6840020000	20813
6870020000	22252
6900020000	28103
6930020000	23482
6960020000	80875
6990020000	75743
7020020000	23134
7050020000	26798
7080020000	45450
7110020000	43319
7140020000	34934
7170020000	72270
7200020000	99534
7230020000	56139
7260020000	46675
7290020000	26988
7320020000	85517
7350020000	89290
7380020000	30273
7410020000	50079
7440020000	79292
7470020000	56012
7500020000	61633
7530020000	42715
7560020000	48588
7590020000	44452
7620020000	49969
7650020000	21736
7680020000	31720
7710020000	89402
7740020000	21522
7770020000	70122
7800020000	19308
7830020000	17950
7860020000	23129
7890020000	46545
7920020000	24426
7950020000	23735
7980020000	18535
8010020000	78851
8040020000	28507
8070020000	79755
8100020000	27634
8130020000	80737
8160020000	83663
8190020000	90739
8220020000	62606
8250020000	78440
8280020000	81790
8310020000	85400
8340020000	24382
8370020000	33619
8400020000	49918
8430020000	22014
8460020000	18262
8490020000	60257
8520020000	18577
8550020000	39133
8580020000	37160
8610020000	20423
8640020000	37289
8670020000	78724
8700020000	23024
8730020000	73124
8760020000	41502
8790020000	37859
8820020000	39196
8850020000	85518
8880020000	76747
8910020000	34230
8940020000	56868
8970020000	61676
9000020000	19092
9030020000	64829
9060020000	79144
9090020000	19738
9120020000	23513
9150020000	35895
9180020000	82174
9210020000	25547
9240020000	86111
9270020000	52447
9300020000	82889
9330020000	34297
9360020000	62830
9390020000	24283
9420020000	81086
9450020000	22258
9480020000	83299
9510020000	49995
9540020000	28377
9570020000	23985
9600020000	23487
9630020000	18686
9660020000	16945
9690020000	60012
9720020000	74768
9750020000	17657
9780020000	24990
9810020000	23844
9840020000	22906
9870020000	18960
9900020000	20395
9930020000	35537
9960020000	24313
9990020000	32158
10020020000	1464605900
10050020000	1434605900
10080020000	1404605900
10110020000	1374605900
10140020000	1344605900
10170020000	1314605900
10200020000	1284605900
10230020000	1254605900
10260020000	1224605900
10290020000	1194605900
10320020000	1164605900
10350020000	1134605900
10380020000	1104605900
10410020000	1074605900
10440020000	1044605900
10470020000	1014605900
10500020000	984605900
10530020000	954605900
10560020000	924605900
10590020000	894605900
10620020000	864605900
10650020000	834605900
10680020000	804605900
10710020000	774605900
10740020000	744605900
10770020000	714605900
10800020000	684605900
10830020000	654605900
10860020000	624605900
10890020000	594605900
10920020000	564605900
10950020000	534605900
10980020000	504605900
11010020000	474605900
11040020000	444605900
11070020000	414605900
11100020000	384605900
11130020000	354605900
11160020000	324605900
11190020000	294605900
11220020000	264605900
11250020000	234605900
11280020000	204605900
11310020000	174605900
11340020000	144605900
11370020000	114605900
11400020000	84605900
11430020000	59693398
11460020000	29693398
11490020000	353323
11520020000	79720
11550020000	130058
11580020000	103520
11610020000	103843
11640020000	88069
11670020000	37957
11700020000	81022
11730020000	128471
11760020000	73368
11790020000	68912
11820020000	65709
11850020000	87448
11880020000	114070
11910020000	101923
11940020000	122086
11970020000	91342
12000020000	107396
12030020000	104249
12060020000	109662
12090020000	95194
12120020000	116952
12150020000	84564
12180020000	135622
12210020000	100874
12240020000	76047
12270020000	61862
12300020000	88824
12330020000	124605
12360020000	88943
12390020000	18083
12420020000	60776
12450020000	127618
12480020000	65701
12510020000	56474
12540020000	72607
12570020000	105397
12600020000	87942
12630020000	62488
12660020000	96992
12690020000	106371
12720020000	88792
12750020000	75879
12780020000	91766
12810020000	116692
12840020000	107187
12870020000	69046
12900020000	112543
12930020000	138791
12960020000	105391
12990020000	75841
13020020000	94484
13050020000	58518
13080020000	75662
13110020000	81978
13140020000	94175
13170020000	108109
13200020000	59282
13230020000	96651
13260020000	65693
13290020000	136635
13320020000	78152
13350020000	95032
13380020000	74277
13410020000	83128
13440020000	135986
13470020000	64701
13500020000	65404
13530020000	59768
13560020000	106717
13590020000	73894
13620020000	36600
13650020000	74950
13680020000	94047
13710020000	83086
13740020000	287382
13770020000	76984
13800020000	64838
13830020000	137989
13860020000	76443
13890020000	141767
13920020000	92119
13950020000	124585
13980020000	84491
14010020000	100446
14040020000	136103
14070020000	134913
14100020000	129332
14130020000	62754
14160020000	91716
14190020000	114428
14220020000	63041
14250020000	133273
14280020000	109305
14310020000	67314
14340020000	63348
14370020000	111394
14400020000	87532
14430020000	69951
14460020000	58115
14490020000	118297
14520020000	101618
14550020000	112035
14580020000	99024
14610020000	55191
14640020000	97585
14670020000	101028
14700020000	19851
14730020000	103368
14760020000	87443
14790020000	92029
14820020000	84041
14850020000	136080
14880020000	105431
14910020000	118544
14940020000	106412
14970020000	97874
15000020000	66342
15030020000	101310
15060020000	71855
15090020000	50263
15120020000	75241
15150020000	146254
15180020000	70067
15210020000	106988
15240020000	118641
15270020000	96324
15300020000	123562
15330020000	101740
15360020000	85808
15390020000	58313
15420020000	125286
15450020000	110040
15480020000	106165
15510020000	135169
15540020000	107819
15570020000	114348
15600020000	73693
15630020000	102383
15660020000	105861
15690020000	84774
15720020000	108962
15750020000	87715
15780020000	135764
15810020000	133424
15840020000	86087
15870020000	97101
15900020000	73363
15930020000	72413
15960020000	120296
15990020000	90660
16020020000	97054
16050020000	94717
16080020000	58089
16110020000	98063
16140020000	43594
16170020000	99769
16200020000	53976
16230020000	125834
16260020000	116737
16290020000	84853
16320020000	134077
16350020000	116009
16380020000	61315
16410020000	83368
16440020000	108497
16470020000	26538
16500020000	82931
16530020000	127230
16560020000	125010
16590020000	94755
16620020000	138472
16650020000	101587
16680020000	138120
16710020000	94181
16740020000	88606
16770020000	143007
16800020000	49540
16830020000	94907
16860020000	141367
16890020000	83044
16920020000	110718
16950020000	83819
16980020000	85352
17010020000	72574
17040020000	108392
17070020000	49767
17100020000	68119
17130020000	122686
17160020000	119252
17190020000	114256
17220020000	139255
17250020000	64721
17280020000	73928
17310020000	126563
17340020000	101415
17370020000	125214
17400020000	137454
17430020000	113520
17460020000	124166
17490020000	98799
17520020000	103107
17550020000	58709
17580020000	68819
17610020000	77331
17640020000	95855
17670020000	76500
17700020000	95274
17730020000	104557
17760020000	114689
17790020000	93426
17820020000	75196
17850020000	67278
17880020000	86592
17910020000	82109
17940020000	98443
17970020000	97500
18000020000	84588
18030020000	118933
18060020000	147829
18090020000	126134
18120020000	123024
18150020000	63204
18180020000	117400
18210020000	67908
18240020000	123898
18270020000	25101
18300020000	88458
18330020000	61621
18360020000	79858
18390020000	142273
18420020000	85966
18450020000	80142
18480020000	132482
18510020000	95804
18540020000	69178
18570020000	70590
18600020000	66696
18630020000	62272
18660020000	90291
18690020000	144552
18720020000	95250
18750020000	96446
18780020000	245985
18810020000	59088
18840020000	100536
18870020000	88964
18900020000	67891
18930020000	145754
18960020000	96124
18990020000	84929
19020020000	108062
19050020000	122522
19080020000	98008
19110020000	136190
19140020000	145237
19170020000	145746
19200020000	85464
19230020000	87485
19260020000	106358
19290020000	76072
19320020000	68833
19350020000	108685
19380020000	46845
19410020000	91593
19440020000	127963
19470020000	65234
19500020000	81452
19530020000	116469
19560020000	31515
19590020000	61335
19620020000	98361
19650020000	95676
19680020000	74086
19710020000	111336
19740020000	127046
19770020000	131877
19800020000	101314
19830020000	118680
19860020000	36334
19890020000	99216
19920020000	95250
19950020000	136122
19980020000	139485
20010020000	5168112
20040020000	3014551
20070020000	5796331
20100020000	3839655
20130020000	1578210
20160020000	5143693
20190020000	2859560
20220020000	414735
20250020000	3997053
20280020000	2009540
20310020000	5417404
20340020000	3555837
20370020000	878710
20400020000	4344577
20430020000	2058854
20460020000	5414068
20490020000	3298070
20520020000	2500561
20550020000	5375574
20580020000	3948517
20610020000	1678660
20640020000	4403518
20670020000	1805366
20700020000	4972278
20730020000	20866
20760020000	48667
20790020000	23404
20820020000	31627
20850020000	78992
20880020000	86858
20910020000	87857
20940020000	89273
20970020000	23565
21000020000	79868
21030020000	22379
21060020000	23832
21090020000	28746
21120020000	30041
21150020000	67613
21180020000	46063
21210020000	79105
21240020000	81278
21270020000	100941
21300020000	31194
21330020000	94630
21360020000	30033
21390020000	24680
21420020000	28385
21450020000	49528
21480020000	84180
21510020000	23663
21540020000	32674
21570020000	47832
21600020000	20737
21630020000	46777
21660020000	40060
21690020000	91749
21720020000	18040
21750020000	28915
21780020000	25322
21810020000	19406
21840020000	83826
21870020000	83792
21900020000	52971
21930020000	23529
21960020000	39655
21990020000	24542
22020020000	23655
22050020000	23688
22080020000	70066
22110020000	22927
22140020000	73257
22170020000	26437
22200020000	39436
22230020000	37707
22260020000	82781
22290020000	26055
22320020000	46052
22350020000	60351
22380020000	48196
22410020000	23891
22440020000	25310
22470020000	66571
22500020000	25260
22530020000	23857
22560020000	18628
22590020000	87643
22620020000	86240
22650020000	19212
22680020000	35669
22710020000	20035
22740020000	71699
22770020000	68989
22800020000	42347
22830020000	25280
22860020000	33418
22890020000	41516
22920020000	85246
22950020000	80106
22980020000	81457
23010020000	68299
23040020000	26140
23070020000	80446
23100020000	85629
23130020000	62332
23160020000	20023
23190020000	17652
23220020000	63414
23250020000	23752
23280020000	22695
23310020000	84258
23340020000	44056
23370020000	87373
23400020000	17539
23430020000	87785
23460020000	99444
23490020000	61677
23520020000	46302
23550020000	82305
23580020000	26259
23610020000	68642
23640020000	89443
23670020000	22348
23700020000	66210
23730020000	83442
23760020000	68425
23790020000	69780
23820020000	27120
23850020000	19075
23880020000	24786
23910020000	18315
23940020000	19688
23970020000	44899
24000020000	20018
24030020000	85141
24060020000	82183
24090020000	92757
24120020000	25529
24150020000	75493
24180020000	45924
24210020000	25351
24240020000	22348
24270020000	49246
24300020000	21659
24330020000	76225
24360020000	20571
24390020000	22223
24420020000	79797
24450020000	65283
24480020000	34322
24510020000	82283
24540020000	24318
24570020000	60132
24600020000	35872
24630020000	30252
24660020000	21108
24690020000	67315
24720020000	22078
24750020000	23287
24780020000	92956
24810020000	29724
24840020000	91787
24870020000	17735
24900020000	21853
24930020000	37752
24960020000	17952
24990020000	85214
25020020000	23683
25050020000	41376
25080020000	23528
25110020000	81425
25140020000	29602
25170020000	67536
25200020000	65888
25230020000	23093
25260020000	25456
25290020000	25171
25320020000	38384
25350020000	20587
25380020000	82126
25410020000	51345
25440020000	82645
25470020000	17562
25500020000	38976
25530020000	19755
25560020000	20562
25590020000	30903
25620020000	26182
25650020000	28692
25680020000	1068392
25710020000	22373
25740020000	92648
25770020000	46688
25800020000	95651
25830020000	77478
25860020000	22425
25890020000	42513
25920020000	18910
25950020000	20149
25980020000	82540
26010020000	67437
26040020000	67041
26070020000	28803
26100020000	68397
26130020000	87884
26160020000	63286
26190020000	82581
26220020000	25384
26250020000	66843
26280020000	84778
26310020000	77691
26340020000	66654
26370020000	60843
26400020000	91629
26430020000	73102
26460020000	20344
26490020000	88809
26520020000	88280
26550020000	83610
26580020000	21996
26610020000	58926
26640020000	78804
26670020000	32220
26700020000	20491
26730020000	49766
26760020000	41073
26790020000	30278
26820020000	100889
26850020000	84020
26880020000	78988
26910020000	28254
26940020000	96128
26970020000	81479
27000020000	18417
27030020000	84283
27060020000	24746
27090020000	93713
27120020000	22450
27150020000	20298
27180020000	76187
27210020000	18331
27240020000	65013
27270020000	53239
27300020000	54633
27330020000	74406
27360020000	91855
27390020000	68297
27420020000	67663
27450020000	83602
27480020000	25937
27510020000	92642
27540020000	19879
27570020000	24780
27600020000	27982
27630020000	32082
27660020000	19413
27690020000	60370
27720020000	30434
27750020000	23736
27780020000	41803
27810020000	26966
27840020000	24474
27870020000	24835
27900020000	61183
27930020000	33758
27960020000	16596
27990020000	77332
28020020000	74363
28050020000	47202
28080020000	46562
28110020000	22257
28140020000	30275
28170020000	87568
28200020000	85028
28230020000	24804
28260020000	52979
28290020000	37266
28320020000	50077
28350020000	70412
28380020000	78923
28410020000	71935
28440020000	41412
28470020000	82815
28500020000	24735
28530020000	25754
28560020000	84819
28590020000	83962
28620020000	67550
28650020000	63523
28680020000	25406
28710020000	68234
28740020000	30776
28770020000	32084
28800020000	86911
28830020000	68644
28860020000	41352
28890020000	60517
28920020000	66149
28950020000	27967
28980020000	24973
29010020000	87295
29040020000	22653
29070020000	39569
29100020000	88645
29130020000	25966
29160020000	23361
29190020000	34552
29220020000	33327
29250020000	25100
29280020000	90513
29310020000	69649
29340020000	65754
29370020000	88880
29400020000	88926
29430020000	30534
29460020000	77563
29490020000	91036
29520020000	30310
29550020000	66848
29580020000	37301
29610020000	39859
29640020000	31299
29670020000	95889
29700020000	30061
29730020000	66609
29760020000	17398
29790020000	24523
29820020000	20703
29850020000	26925
29880020000	43548
29910020000	88435
29940020000	29377
29970020000	24372
