20000	4350702
30020000	41367
60020000	38053
90020000	86826
120020000	61406
150020000	56786
180020000	62697
210020000	63920
240020000	34306
270020000	27269
300020000	34912
330020000	22099
360020000	60762
390020000	81198
420020000	86738
450020000	75010
480020000	76934
510020000	40673
540020000	25128
570020000	84025
600020000	46723
630020000	22771
660020000	75230
690020000	24629
720020000	77250
750020000	19199
780020000	23465
810020000	22034
840020000	24800
870020000	21185
900020000	65593
930020000	22155
960020000	41648
990020000	84831
1020020000	21125
1050020000	84717
1080020000	81162
1110020000	40980
1140020000	23536
1170020000	74037
1200020000	37371
1230020000	41281
1260020000	83410
1290020000	48050
1320020000	19038
1350020000	39983
1380020000	81046
1410020000	82225
1440020000	18101
1470020000	79618
1500020000	73568
1530020000	32561
1560020000	22329
1590020000	25276
1620020000	64047
1650020000	66820
1680020000	81909
1710020000	33241
1740020000	24521
1770020000	78204
1800020000	28365
1830020000	27257
1860020000	29295
1890020000	18068
1920020000	85487
1950020000	60585
1980020000	24384
2010020000	81570
2040020000	24344
2070020000	22529
2100020000	85330
2130020000	78470
2160020000	27635
2190020000	64892
2220020000	42798
2250020000	19123
2280020000	82983
2310020000	88129
2340020000	81805
2370020000	23027
2400020000	86705
2430020000	83568
2460020000	18172
2490020000	83605
2520020000	29213
2550020000	23884
2580020000	24051
2610020000	46422
2640020000	24137
2670020000	83995
2700020000	61969
2730020000	83566
2760020000	72196
2790020000	82388
2820020000	25279
2850020000	23651
2880020000	79214
2910020000	25729
2940020000	64440
2970020000	28408
3000020000	33171
3030020000	44438
3060020000	50776
3090020000	42300
3120020000	49998
3150020000	30056
3180020000	28302
3210020000	85545
3240020000	27320
3270020000	73788
3300020000	62839
3330020000	80148
3360020000	82687
3390020000	43349
3420020000	83877
3450020000	20717
3480020000	48556
3510020000	65565
3540020000	25773
3570020000	25911
3600020000	28104
3630020000	21351
3660020000	23913
3690020000	43374
3720020000	91484
3750020000	24103
3780020000	22899
3810020000	85182
3840020000	82474
3870020000	24104
3900020000	84530
3930020000	58714
3960020000	22261
3990020000	84640
4020020000	43177
4050020000	27169
4080020000	59375
4110020000	81136
4140020000	56589
4170020000	28764
4200020000	28192
4230020000	88677
4260020000	93683
4290020000	94080
4320020000	36140
4350020000	31705
4380020000	25376
4410020000	24292
4440020000	43676
4470020000	85141
4500020000	65840
4530020000	67340
4560020000	52432
4590020000	46183
4620020000	21955
4650020000	60893
4680020000	39333
4710020000	24734
4740020000	24387
4770020000	44076
4800020000	85043
4830020000	78817
4860020000	35279
4890020000	41151
4920020000	36426
4950020000	55412
4980020000	41681
5010020000	21776
5040020000	87436
5070020000	23309
5100020000	39351
5130020000	90945
5160020000	83957
5190020000	17804
5220020000	40621
5250020000	18456
5280020000	77467
5310020000	31144
5340020000	30639
5370020000	19255
5400020000	79466
5430020000	19191
5460020000	31360
5490020000	83682
5520020000	19949
5550020000	34865
5580020000	44251
5610020000	55979
5640020000	19701
5670020000	44891
5700020000	80050
5730020000	74810
5760020000	21397
5790020000	43716
5820020000	24310
5850020000	30701
5880020000	55988
5910020000	20680
5940020000	33586
5970020000	24288
6000020000	33756
6030020000	27957
6060020000	81371
6090020000	77938
6120020000	20960
6150020000	60680
6180020000	27541
6210020000	27413
6240020000	18177
6270020000	23616
6300020000	34884
6330020000	35140
6360020000	19913
6390020000	89791
6420020000	81770
6450020000	25515
6480020000	24593
6510020000	62586
6540020000	18229
6570020000	26609
6600020000	37429
6630020000	86866
6660020000	87954
6690020000	24007
6720020000	59538
6750020000	41139
6780020000	26785
6810020000	22734
6840020000	93642
6870020000	23252
6900020000	56183
6930020000	65831
6960020000	75654
6990020000	24812
7020020000	22763
7050020000	22604
7080020000	73790
7110020000	21818
7140020000	22144
7170020000	29705
7200020000	28285
7230020000	16967
7260020000	20261
7290020000	23464
7320020000	42068
7350020000	18850
7380020000	34787
7410020000	18344
7440020000	25164
7470020000	88441
7500020000	22327
7530020000	83711
7560020000	33219
7590020000	23353
7620020000	83620
7650020000	25479
7680020000	43687
7710020000	19420
7740020000	28662
7770020000	91819
7800020000	79651
7830020000	19179
7860020000	86632
7890020000	23374
7920020000	84963
7950020000	22837
7980020000	61919
8010020000	46386
8040020000	18875
8070020000	22365
8100020000	34333
8130020000	28671
8160020000	28118
8190020000	85026
8220020000	16091
8250020000	83034
8280020000	19246
8310020000	77897
8340020000	19665
8370020000	81433
8400020000	18117
8430020000	33884
8460020000	21132
8490020000	47239
8520020000	33208
8550020000	43040
8580020000	81158
8610020000	19415
8640020000	30746
8670020000	81708
8700020000	79913
8730020000	42897
8760020000	18661
8790020000	61362
8820020000	78596
8850020000	27300
8880020000	24998
8910020000	43329
8940020000	79142
8970020000	41970
9000020000	32181
9030020000	19806
9060020000	80419
9090020000	83764
9120020000	17692
9150020000	28782
9180020000	24075
9210020000	24804
9240020000	48651
9270020000	20862
9300020000	21856
9330020000	74449
9360020000	73504
9390020000	17555
9420020000	20897
9450020000	30445
9480020000	22707
9510020000	83531
9540020000	58539
9570020000	21467
9600020000	30300
9630020000	45057
9660020000	32028
9690020000	22506
9720020000	25835
9750020000	76749
9780020000	87239
9810020000	49943
9840020000	18150
9870020000	86288
9900020000	85375
9930020000	46249
9960020000	74763
9990020000	26069
10020020000	708620345
10050020000	678620345
10080020000	648620345
10110020000	618620345
10140020000	588620345
10170020000	558620345
10200020000	528620345
10230020000	498620345
10260020000	468620345
10290020000	438620345
10320020000	408620345
10350020000	378620345
10380020000	348620345
10410020000	318620345
10440020000	288620345
10470020000	258620345
10500020000	228620345
10530020000	198620345
10560020000	168620345
10590020000	138620345
10620020000	108620345
10650020000	78620345
10680020000	48620345
10710020000	21875543
10740020000	98030
10770020000	80820
10800020000	80235
10830020000	136733
10860020000	95573
10890020000	104652
10920020000	106181
10950020000	97532
10980020000	107277
11010020000	122920
11040020000	87152
11070020000	137273
11100020000	96482
11130020000	89929
11160020000	114284
11190020000	101881
11220020000	87837
11250020000	84498
11280020000	137668
11310020000	74965
11340020000	114876
11370020000	104861
11400020000	109723
11430020000	120353
11460020000	128196
11490020000	90054
11520020000	87398
11550020000	103670
11580020000	99745
11610020000	124323
11640020000	80621
11670020000	93044
11700020000	114541
11730020000	90781
11760020000	130019
11790020000	142136
11820020000	116927
11850020000	136850
11880020000	88586
11910020000	61628
11940020000	95795
11970020000	110786
12000020000	97530
12030020000	77947
12060020000	69776
12090020000	127314
12120020000	128446
12150020000	85174
12180020000	64653
12210020000	64134
12240020000	83634
12270020000	113550
12300020000	61429
12330020000	104896
12360020000	84764
12390020000	138977
12420020000	97791
12450020000	89526
12480020000	47181
12510020000	113547
12540020000	104560
12570020000	106554
12600020000	34062
12630020000	61912
12660020000	69315
12690020000	59209
12720020000	100326
12750020000	23029
12780020000	114971
12810020000	122361
12840020000	112150
12870020000	104758
12900020000	85504
12930020000	125226
12960020000	103910
12990020000	47018
13020020000	82022
13050020000	54168
13080020000	67145
13110020000	131488
13140020000	93816
13170020000	80142
13200020000	57111
13230020000	84224
13260020000	142033
13290020000	127831
13320020000	105193
13350020000	92664
13380020000	40322
13410020000	127568
13440020000	64402
13470020000	118283
13500020000	114316
13530020000	124222
13560020000	113035
13590020000	92839
13620020000	122037
13650020000	122419
13680020000	119276
13710020000	112157
13740020000	67370
13770020000	90113
13800020000	69112
13830020000	56215
13860020000	86666
13890020000	97115
13920020000	134553
13950020000	107330
13980020000	100459
14010020000	56075
14040020000	89840
14070020000	60209
14100020000	76120
14130020000	96336
14160020000	84112
14190020000	127442
14220020000	67440
14250020000	130779
14280020000	64222
14310020000	122061
14340020000	69836
14370020000	128582
14400020000	100079
14430020000	126879
14460020000	132492
14490020000	83710
14520020000	125293
14550020000	83406
14580020000	102674
14610020000	108888
14640020000	122136
14670020000	56579
14700020000	95471
14730020000	147290
14760020000	120487
14790020000	106448
14820020000	89986
14850020000	57413
14880020000	96617
14910020000	130191
14940020000	95866
14970020000	120534
15000020000	107565
15030020000	100841
15060020000	101554
15090020000	95101
15120020000	99710
15150020000	113398
15180020000	106586
15210020000	80402
15240020000	127549
15270020000	103765
15300020000	70055
15330020000	147782
15360020000	111585
15390020000	94429
15420020000	110778
15450020000	60016
15480020000	111388
15510020000	82340
15540020000	136284
15570020000	94890
15600020000	130482
15630020000	72777
15660020000	108088
15690020000	96986
15720020000	86007
15750020000	75469
15780020000	119267
15810020000	97804
15840020000	113547
15870020000	106870
15900020000	116607
15930020000	104504
15960020000	82288
15990020000	63080
16020020000	94106
16050020000	62471
16080020000	134082
16110020000	120685
16140020000	65850
16170020000	111000
16200020000	122163
16230020000	109826
16260020000	83467
16290020000	116774
16320020000	74984
16350020000	77137
16380020000	131150
16410020000	86285
16440020000	106446
16470020000	128165
16500020000	50261
16530020000	92607
16560020000	89177
16590020000	97387
16620020000	72409
16650020000	53827
16680020000	126961
16710020000	69248
16740020000	93984
16770020000	126592
16800020000	596900
16830020000	20407
16860020000	73495
16890020000	124330
16920020000	120347
16950020000	139574
16980020000	97583
17010020000	96588
17040020000	94902
17070020000	80874
17100020000	86515
17130020000	444339
17160020000	92663
17190020000	89926
17220020000	56944
17250020000	99185
17280020000	102393
17310020000	101132
17340020000	150284
17370020000	111357
17400020000	97861
17430020000	68400
17460020000	126837
17490020000	105461
17520020000	57589
17550020000	64680
17580020000	96896
17610020000	119389
17640020000	122339
17670020000	75512
17700020000	115245
17730020000	107156
17760020000	29998
17790020000	101703
17820020000	107975
17850020000	125257
17880020000	65510
17910020000	137598
17940020000	98986
17970020000	126085
18000020000	121876
18030020000	115496
18060020000	89353
18090020000	132210
18120020000	132631
18150020000	112305
18180020000	99860
18210020000	76101
18240020000	325483
18270020000	137447
18300020000	44475
18330020000	99532
18360020000	62543
18390020000	49698
18420020000	223445
18450020000	110752
18480020000	128754
18510020000	69318
18540020000	98413
18570020000	75990
18600020000	97051
18630020000	113799
18660020000	137649
18690020000	90617
18720020000	106819
18750020000	135592
18780020000	84003
18810020000	88860
18840020000	435434
18870020000	141695
18900020000	65350
18930020000	68377
18960020000	130249
18990020000	124530
19020020000	100969
19050020000	100919
19080020000	118113
19110020000	122591
19140020000	87502
19170020000	110761
19200020000	117664
19230020000	93766
19260020000	62820
19290020000	120166
19320020000	108192
19350020000	74357
19380020000	46020
19410020000	97564
19440020000	130053
19470020000	847106
19500020000	178537
19530020000	71255
19560020000	133615
19590020000	117858
19620020000	343978
19650020000	100853
19680020000	58101
19710020000	116948
19740020000	114056
19770020000	48769
19800020000	114170
19830020000	80786
19860020000	119545
19890020000	68561
19920020000	114009
19950020000	62107
19980020000	64789
20010020000	731660
20040020000	1907871
20070020000	2701899
20100020000	1248933
20130020000	1673815
20160020000	2384304
20190020000	1717003
20220020000	2205884
20250020000	2598032
20280020000	3478523
20310020000	500441
20340020000	2232839
20370020000	2691325
20400020000	2097490
20430020000	2914483
20460020000	38966
20490020000	81064
20520020000	46008
20550020000	76949
20580020000	43415
20610020000	44367
20640020000	57892
20670020000	77679
20700020000	19525
20730020000	19216
20760020000	36672
20790020000	27175
20820020000	227717
20850020000	19246
20880020000	81715
20910020000	19780
20940020000	86919
20970020000	83307
21000020000	19431
21030020000	35621
21060020000	20751
21090020000	25411
21120020000	41966
21150020000	68945
21180020000	82772
21210020000	82262
21240020000	18513
21270020000	81210
21300020000	26654
21330020000	83785
21360020000	57417
21390020000	35077
21420020000	16474
21450020000	24121
21480020000	27680
21510020000	26895
21540020000	21813
21570020000	28189
21600020000	61762
21630020000	63217
21660020000	83019
21690020000	51304
21720020000	80057
21750020000	20000
21780020000	22112
21810020000	41510
21840020000	77587
21870020000	69605
21900020000	21932
21930020000	22850
21960020000	23769
21990020000	23797
22020020000	17453
22050020000	24126
22080020000	25190
22110020000	84297
22140020000	24559
22170020000	81774
22200020000	54720
22230020000	80482
22260020000	23976
22290020000	84218
22320020000	75267
22350020000	26203
22380020000	83733
22410020000	55991
22440020000	27683
22470020000	25792
22500020000	18578
22530020000	64776
22560020000	79237
22590020000	23797
22620020000	80295
22650020000	83736
22680020000	76957
22710020000	82864
22740020000	73204
22770020000	20054
22800020000	24997
22830020000	21880
22860020000	24065
22890020000	76985
22920020000	29583
22950020000	35041
22980020000	80111
23010020000	30615
23040020000	75269
23070020000	74368
23100020000	19836
23130020000	44390
23160020000	31380
23190020000	59576
23220020000	21122
23250020000	18174
23280020000	75465
23310020000	26187
23340020000	24327
23370020000	61468
23400020000	19087
23430020000	21183
23460020000	31356
23490020000	44310
23520020000	28827
23550020000	54262
23580020000	63285
23610020000	70322
23640020000	38855
23670020000	15650
23700020000	26061
23730020000	88179
23760020000	78581
23790020000	49288
23820020000	59607
23850020000	17849
23880020000	75711
23910020000	87123
23940020000	80015
23970020000	41191
24000020000	19643
24030020000	80214
24060020000	21705
24090020000	39642
24120020000	23219
24150020000	38271
24180020000	23030
24210020000	60872
24240020000	36589
24270020000	33988
24300020000	28207
24330020000	42956
24360020000	82206
24390020000	83607
24420020000	38547
24450020000	62914
24480020000	18928
24510020000	44383
24540020000	30207
24570020000	76427
24600020000	19079
24630020000	61441
24660020000	23169
24690020000	40411
24720020000	20494
24750020000	40723
24780020000	56041
24810020000	32082
24840020000	83734
24870020000	81647
24900020000	29074
24930020000	31529
24960020000	17933
24990020000	62578
25020020000	24050
25050020000	85649
25080020000	84569
25110020000	87676
25140020000	23163
25170020000	40754
25200020000	26258
25230020000	19975
25260020000	25635
25290020000	24637
25320020000	56823
25350020000	16114
25380020000	16111
25410020000	69290
25440020000	15907
25470020000	45603
25500020000	54078
25530020000	18343
25560020000	78808
25590020000	76509
25620020000	84649
25650020000	24901
25680020000	36953
25710020000	21974
25740020000	37103
25770020000	80856
25800020000	36821
25830020000	85735
25860020000	18046
25890020000	79586
25920020000	34647
25950020000	32813
25980020000	34632
26010020000	25328
26040020000	24367
26070020000	18863
26100020000	76376
26130020000	20879
26160020000	85711
26190020000	75459
26220020000	16482
26250020000	18357
26280020000	30365
26310020000	62923
26340020000	80240
26370020000	42881
26400020000	38868
26430020000	20452
26460020000	71852
26490020000	29377
26520020000	17166
26550020000	17789
26580020000	17515
26610020000	70386
26640020000	27211
26670020000	29544
26700020000	38423
26730020000	26226
26760020000	83184
26790020000	57212
26820020000	24402
26850020000	61625
26880020000	62896
26910020000	81567
26940020000	86846
26970020000	18094
27000020000	79515
27030020000	82024
27060020000	39784
27090020000	18698
27120020000	77356
27150020000	80934
27180020000	19739
27210020000	28988
27240020000	84929
27270020000	86507
27300020000	27178
27330020000	81480
27360020000	19527
27390020000	45562
27420020000	57170
27450020000	41826
27480020000	41844
27510020000	34701
27540020000	60537
27570020000	36390
27600020000	89089
27630020000	84767
27660020000	83366
27690020000	57178
27720020000	19874
27750020000	20558
27780020000	22929
27810020000	21072
27840020000	66965
27870020000	21110
27900020000	20114
27930020000	20813
27960020000	24343
27990020000	77377
28020020000	69431
28050020000	40304
28080020000	20997
28110020000	40570
28140020000	60481
28170020000	22410
28200020000	27255
28230020000	40873
28260020000	32616
28290020000	37494
28320020000	82703
28350020000	27437
28380020000	57224
28410020000	16325
28440020000	33145
28470020000	23003
28500020000	38841
28530020000	23524
28560020000	24364
28590020000	24247
28620020000	30807
28650020000	86355
28680020000	53921
28710020000	27782
28740020000	27130
28770020000	29943
28800020000	57194
28830020000	77509
28860020000	70677
28890020000	16216
28920020000	77358
28950020000	43735
28980020000	83705
29010020000	60102
29040020000	17354
29070020000	23061
29100020000	26073
29130020000	61442
29160020000	19900
29190020000	53708
29220020000	90005
29250020000	22978
29280020000	32810
29310020000	58899
29340020000	20544
29370020000	58064
29400020000	23686
29430020000	67582
29460020000	57517
29490020000	77570
29520020000	17703
29550020000	71378
29580020000	20293
29610020000	55407
29640020000	59641
29670020000	20607
29700020000	80837
29730020000	24157
29760020000	39322
29790020000	28723
29820020000	33270
29850020000	53299
29880020000	63953
29910020000	90083
29940020000	75779
29970020000	73676
