20000	8671837
30020000	216134
60020000	69958
90020000	202719
120020000	76427
150020000	91941
180020000	55182
210020000	86143
240020000	59048
270020000	151382
300020000	99650
330020000	19405
360020000	23248
390020000	17478
420020000	79075
450020000	20342
480020000	27340
510020000	20959
540020000	62332
570020000	16455
600020000	23300
630020000	16495
660020000	16471
690020000	28368
720020000	22194
750020000	21756
780020000	51942
810020000	16430
840020000	43620
870020000	35388
900020000	21338
930020000	86815
960020000	16108
990020000	20648
1020020000	17542
1050020000	20520
1080020000	24242
1110020000	20104
1140020000	63361
1170020000	62958
1200020000	17179
1230020000	16355
1260020000	65117
1290020000	21432
1320020000	23128
1350020000	19592
1380020000	43279
1410020000	26288
1440020000	52604
1470020000	24838
1500020000	17381
1530020000	20957
1560020000	33412
1590020000	66794
1620020000	19470
1650020000	30695
1680020000	21681
1710020000	26385
1740020000	23784
1770020000	20281
1800020000	90007
1830020000	26815
1860020000	23215
1890020000	19134
1920020000	85195
1950020000	30501
1980020000	63740
2010020000	17498
2040020000	41991
2070020000	84787
2100020000	34057
2130020000	43754
2160020000	20199
2190020000	26957
2220020000	22573
2250020000	26025
2280020000	84498
2310020000	80838
2340020000	19002
2370020000	89139
2400020000	16262
2430020000	22836
2460020000	17894
2490020000	84272
2520020000	43736
2550020000	20453
2580020000	46019
2610020000	24442
2640020000	21432
2670020000	34642
2700020000	62152
2730020000	32887
2760020000	20933
2790020000	21549
2820020000	18727
2850020000	40738
2880020000	31801
2910020000	43569
2940020000	18492
2970020000	86764
3000020000	28002
3030020000	88595
3060020000	16268
3090020000	67543
3120020000	20284
3150020000	90062
3180020000	24726
3210020000	46235
3240020000	15731
3270020000	16467
3300020000	84158
3330020000	16491
3360020000	67511
3390020000	20636
3420020000	87883
3450020000	66599
3480020000	89722
3510020000	24603
3540020000	17103
3570020000	35338
3600020000	16476
3630020000	47127
3660020000	25933
3690020000	20329
3720020000	19487
3750020000	67413
3780020000	15865
3810020000	62030
3840020000	21701
3870020000	22534
3900020000	85971
3930020000	17905
3960020000	66192
3990020000	32641
4020020000	79977
4050020000	25477
4080020000	87444
4110020000	21698
4140020000	16000
4170020000	24589
4200020000	16393
4230020000	18251
4260020000	16810
4290020000	21485
4320020000	27473
4350020000	91892
4380020000	61678
4410020000	48370
4440020000	83597
4470020000	27663
4500020000	25853
4530020000	21295
4560020000	85149
4590020000	44171
4620020000	23865
4650020000	84167
4680020000	80934
4710020000	19839
4740020000	19009
4770020000	83446
4800020000	19432
4830020000	49987
4860020000	16407
4890020000	22334
4920020000	23485
4950020000	78890
4980020000	24846
5010020000	54150
5040020000	37537
5070020000	77567
5100020000	23713
5130020000	43862
5160020000	47818
5190020000	27111
5220020000	23396
5250020000	37762
5280020000	19675
5310020000	67258
5340020000	20716
5370020000	60957
5400020000	81336
5430020000	41735
5460020000	21671
5490020000	87424
5520020000	20556
5550020000	46556
5580020000	87026
5610020000	24349
5640020000	23407
5670020000	86472
5700020000	18128
5730020000	84192
5760020000	21391
5790020000	37222
5820020000	23650
5850020000	22149
5880020000	42420
5910020000	17553
5940020000	24463
5970020000	64857
6000020000	20478
6030020000	19903
6060020000	91822
6090020000	22242
6120020000	28009
6150020000	40974
6180020000	21687
6210020000	39908
6240020000	23805
6270020000	59518
6300020000	24093
6330020000	37257
6360020000	18632
6390020000	63423
6420020000	18915
6450020000	47349
6480020000	23363
6510020000	83573
6540020000	45152
6570020000	31589
6600020000	47523
6630020000	61430
6660020000	61544
6690020000	20950
6720020000	70135
6750020000	24836
6780020000	32244
6810020000	57657
6840020000	41621
6870020000	94102
6900020000	23432
6930020000	15246
6960020000	23136
6990020000	23184
7020020000	19121
7050020000	22856
7080020000	23015
7110020000	60840
7140020000	61903
7170020000	23875
7200020000	24168
7230020000	83345
7260020000	15455
7290020000	87026
7320020000	22441
7350020000	19252
7380020000	67895
7410020000	23551
7440020000	80172
7470020000	22117
7500020000	20280
7530020000	40934
7560020000	87672
7590020000	34809
7620020000	24431
7650020000	66739
7680020000	85813
7710020000	20621
7740020000	83322
7770020000	19604
7800020000	90689
7830020000	16446
7860020000	16763
7890020000	23375
7920020000	40433
7950020000	26172
7980020000	22986
8010020000	21408
8040020000	46087
8070020000	19340
8100020000	24982
8130020000	20385
8160020000	56348
8190020000	45105
8220020000	18156
8250020000	26412
8280020000	79331
8310020000	23135
8340020000	24642
8370020000	66047
8400020000	82825
8430020000	17280
8460020000	19845
8490020000	64096
8520020000	20106
8550020000	28704
8580020000	28897
8610020000	22937
8640020000	23401
8670020000	67274
8700020000	39342
8730020000	17360
8760020000	22033
8790020000	65507
8820020000	87356
8850020000	23237
8880020000	19482
8910020000	31738
8940020000	19420
8970020000	17408
9000020000	27658
9030020000	82321
9060020000	52201
9090020000	30129
9120020000	19486
9150020000	18195
9180020000	65353
9210020000	22731
9240020000	18775
9270020000	76225
9300020000	23196
9330020000	85586
9360020000	34727
9390020000	95866
9420020000	21715
9450020000	44081
9480020000	21003
9510020000	23957
9540020000	30770
9570020000	21912
9600020000	26005
9630020000	22294
9660020000	93381
9690020000	23738
9720020000	28493
9750020000	22648
9780020000	19125
9810020000	16324
9840020000	42317
9870020000	19846
9900020000	17765
9930020000	81896
9960020000	22434
9990020000	27788
10020020000	37800522
10050020000	7800522
10080020000	83970
10110020000	53301
10140020000	125117
10170020000	112247
10200020000	95415
10230020000	87580
10260020000	105481
10290020000	124349
10320020000	126091
10350020000	84813
10380020000	103562
10410020000	92812
10440020000	60118
10470020000	92802
10500020000	97543
10530020000	146617
10560020000	136530
10590020000	85822
10620020000	118745
10650020000	101179
10680020000	73031
10710020000	19983
10740020000	26479
10770020000	128264
10800020000	86621
10830020000	70438
10860020000	139285
10890020000	62360
10920020000	125756
10950020000	65997
10980020000	111943
11010020000	139517
11040020000	85533
11070020000	81680
11100020000	102321
11130020000	111785
11160020000	37825
11190020000	89676
11220020000	80906
11250020000	100399
11280020000	61717
11310020000	87762
11340020000	82486
11370020000	105421
11400020000	117923
11430020000	92884
11460020000	89659
11490020000	68461
11520020000	57314
11550020000	84215
11580020000	80329
11610020000	82042
11640020000	129330
11670020000	125240
11700020000	86036
11730020000	50774
11760020000	105472
11790020000	109698
11820020000	93612
11850020000	135878
11880020000	96633
11910020000	119899
11940020000	78204
11970020000	86756
12000020000	106186
12030020000	63612
12060020000	140578
12090020000	66364
12120020000	97838
12150020000	98902
12180020000	105523
12210020000	63141
12240020000	107699
12270020000	86726
12300020000	107922
12330020000	100250
12360020000	65494
12390020000	72948
12420020000	47428
12450020000	70253
12480020000	105758
12510020000	113509
12540020000	91586
12570020000	88779
12600020000	52040
12630020000	81271
12660020000	72503
12690020000	82880
12720020000	59545
12750020000	145288
12780020000	86619
12810020000	90718
12840020000	63171
12870020000	109152
12900020000	119194
12930020000	72397
12960020000	103471
12990020000	71590
13020020000	107721
13050020000	105181
13080020000	88906
13110020000	56671
13140020000	68804
13170020000	128109
13200020000	19449
13230020000	74946
13260020000	96141
13290020000	59956
13320020000	59336
13350020000	94531
13380020000	54215
13410020000	57867
13440020000	111324
13470020000	64507
13500020000	93162
13530020000	102716
13560020000	84777
13590020000	102658
13620020000	74016
13650020000	77037
13680020000	134369
13710020000	119330
13740020000	95278
13770020000	83872
13800020000	122616
13830020000	116783
13860020000	104708
13890020000	65613
13920020000	106926
13950020000	86247
13980020000	34375
14010020000	76612
14040020000	116931
14070020000	67721
14100020000	80409
14130020000	111125
14160020000	43016
14190020000	85589
14220020000	91980
14250020000	77706
14280020000	142913
14310020000	79263
14340020000	127275
14370020000	120512
14400020000	72829
14430020000	82079
14460020000	128660
14490020000	98434
14520020000	15862
14550020000	115360
14580020000	123680
14610020000	109351
14640020000	91747
14670020000	86249
14700020000	43989
14730020000	97896
14760020000	127974
14790020000	102660
14820020000	104384
14850020000	59467
14880020000	96225
14910020000	21332
14940020000	112241
14970020000	108522
15000020000	85437
15030020000	113722
15060020000	90326
15090020000	56564
15120020000	76728
15150020000	102550
15180020000	60307
15210020000	113458
15240020000	61886
15270020000	136206
15300020000	18897
15330020000	114886
15360020000	127762
15390020000	30173
15420020000	108828
15450020000	103834
15480020000	67431
15510020000	51968
15540020000	58909
15570020000	98029
15600020000	90977
15630020000	94467
15660020000	122148
15690020000	97801
15720020000	96537
15750020000	125071
15780020000	79649
15810020000	88050
15840020000	123217
15870020000	59401
15900020000	82403
15930020000	104511
15960020000	95016
15990020000	158742
16020020000	94710
16050020000	68117
16080020000	53304
16110020000	56825
16140020000	59955
16170020000	83968
16200020000	123081
16230020000	106535
16260020000	83213
16290020000	102888
16320020000	108584
16350020000	79269
16380020000	76270
16410020000	94272
16440020000	62880
16470020000	88526
16500020000	101525
16530020000	96552
16560020000	143136
16590020000	56872
16620020000	52300
16650020000	114983
16680020000	133407
16710020000	88298
16740020000	68268
16770020000	92314
16800020000	72559
16830020000	92754
16860020000	135489
16890020000	136865
16920020000	63465
16950020000	86118
16980020000	98320
17010020000	96613
17040020000	84906
17070020000	60489
17100020000	122105
17130020000	76477
17160020000	84197
17190020000	89705
17220020000	108581
17250020000	36270
17280020000	96085
17310020000	118833
17340020000	55167
17370020000	128711
17400020000	59879
17430020000	57292
17460020000	90107
17490020000	73498
17520020000	97267
17550020000	77256
17580020000	56336
17610020000	80996
17640020000	35772
17670020000	79436
17700020000	63707
17730020000	99139
17760020000	104486
17790020000	127440
17820020000	87137
17850020000	62438
17880020000	118136
17910020000	70382
17940020000	74472
17970020000	114797
18000020000	28709
18030020000	52753
18060020000	110908
18090020000	93746
18120020000	99123
18150020000	128999
18180020000	116156
18210020000	115553
18240020000	104684
18270020000	63453
18300020000	106946
18330020000	132679
18360020000	98280
18390020000	70841
18420020000	80948
18450020000	89234
18480020000	106538
18510020000	138466
18540020000	46163
18570020000	84783
18600020000	67724
18630020000	108461
18660020000	80829
18690020000	138056
18720020000	25451
18750020000	96191
18780020000	61642
18810020000	103543
18840020000	80888
18870020000	114988
18900020000	102060
18930020000	87758
18960020000	127957
18990020000	64205
19020020000	101741
19050020000	79717
19080020000	58364
19110020000	71686
19140020000	33818
19170020000	80886
19200020000	79286
19230020000	34074
19260020000	99624
19290020000	101697
19320020000	108526
19350020000	59629
19380020000	128726
19410020000	82771
19440020000	54676
19470020000	68271
19500020000	128108
19530020000	62732
19560020000	90413
19590020000	151519
19620020000	59522
19650020000	103283
19680020000	72761
19710020000	100857
19740020000	103848
19770020000	60782
19800020000	73954
19830020000	98113
19860020000	71542
19890020000	70517
19920020000	72088
19950020000	72574
19980020000	118875
20010020000	416653
20040020000	318779
20070020000	19540
20100020000	18405
20130020000	18197
20160020000	94174
20190020000	21635
20220020000	15995
20250020000	40186
20280020000	24008
20310020000	24192
20340020000	88441
20370020000	66964
20400020000	20477
20430020000	69360
20460020000	25502
20490020000	25315
20520020000	33528
20550020000	18585
20580020000	30053
20610020000	85467
20640020000	80535
20670020000	66266
20700020000	22689
20730020000	24652
20760020000	20485
20790020000	20889
20820020000	44029
20850020000	42176
20880020000	84775
20910020000	23374
20940020000	24471
20970020000	86825
21000020000	91007
21030020000	45221
21060020000	21921
21090020000	59166
21120020000	33334
21150020000	17862
21180020000	60048
21210020000	85015
21240020000	93388
21270020000	26705
21300020000	84316
21330020000	64618
21360020000	63519
21390020000	22468
21420020000	15859
21450020000	17948
21480020000	83266
21510020000	16029
21540020000	46300
21570020000	24896
21600020000	79529
21630020000	36811
21660020000	16994
21690020000	81235
21720020000	64424
21750020000	23102
21780020000	19054
21810020000	18701
21840020000	24258
21870020000	67667
21900020000	24988
21930020000	64849
21960020000	24910
21990020000	88325
22020020000	43478
22050020000	37264
22080020000	28318
22110020000	17845
22140020000	16258
22170020000	19089
22200020000	23032
22230020000	34939
22260020000	29475
22290020000	67117
22320020000	48162
22350020000	22183
22380020000	21419
22410020000	24667
22440020000	18550
22470020000	83226
22500020000	20847
22530020000	21392
22560020000	19377
22590020000	19447
22620020000	87036
22650020000	25425
22680020000	17118
22710020000	45400
22740020000	20691
22770020000	54640
22800020000	23827
22830020000	26980
22860020000	16310
22890020000	22425
22920020000	66150
22950020000	22853
22980020000	76703
23010020000	32623
23040020000	27151
23070020000	34097
23100020000	19125
23130020000	39877
23160020000	18321
23190020000	44201
23220020000	84172
23250020000	24889
23280020000	20268
23310020000	41526
23340020000	22622
23370020000	20063
23400020000	28605
23430020000	56215
23460020000	19700
23490020000	49658
23520020000	86728
23550020000	19104
23580020000	65602
23610020000	83270
23640020000	25570
23670020000	52459
23700020000	22717
23730020000	23064
23760020000	65943
23790020000	21461
23820020000	23459
23850020000	22592
23880020000	18159
23910020000	37876
23940020000	17880
23970020000	66057
24000020000	53381
24030020000	24289
24060020000	80713
24090020000	87044
24120020000	18832
24150020000	83185
24180020000	85457
24210020000	20089
24240020000	26038
24270020000	18919
24300020000	19144
24330020000	21095
24360020000	43969
24390020000	17896
24420020000	22507
24450020000	86677
24480020000	72060
24510020000	26495
24540020000	39779
24570020000	20858
24600020000	18686
24630020000	24096
24660020000	20275
24690020000	79490
24720020000	27257
24750020000	26540
24780020000	43080
24810020000	90161
24840020000	21734
24870020000	82600
24900020000	61933
24930020000	59997
24960020000	27283
24990020000	25421
25020020000	48199
25050020000	26085
25080020000	45536
25110020000	67546
25140020000	24166
25170020000	22333
25200020000	18812
25230020000	23213
25260020000	42108
25290020000	20403
25320020000	88987
25350020000	30844
25380020000	91498
25410020000	23044
25440020000	24564
25470020000	21420
25500020000	65260
25530020000	19280
25560020000	24970
25590020000	18542
25620020000	20426
25650020000	77347
25680020000	90920
25710020000	36786
25740020000	22317
25770020000	16913
25800020000	81856
25830020000	24060
25860020000	18198
25890020000	16864
25920020000	27412
25950020000	37137
25980020000	18074
26010020000	35792
26040020000	21018
26070020000	50380
26100020000	22031
26130020000	29236
26160020000	47178
26190020000	28791
26220020000	22742
26250020000	18731
26280020000	28402
26310020000	18577
26340020000	17921
26370020000	18426
26400020000	69450
26430020000	22663
26460020000	24583
26490020000	86030
26520020000	23066
26550020000	41592
26580020000	22477
26610020000	24497
26640020000	43283
26670020000	16377
26700020000	71629
26730020000	22444
26760020000	71319
26790020000	77492
26820020000	37045
26850020000	20397
26880020000	23855
26910020000	17940
26940020000	63786
26970020000	18831
27000020000	18228
27030020000	27325
27060020000	23613
27090020000	45616
27120020000	60728
27150020000	25225
27180020000	21935
27210020000	26106
27240020000	17368
27270020000	91966
27300020000	18975
27330020000	47892
27360020000	19054
27390020000	79858
27420020000	21115
27450020000	62599
27480020000	23172
27510020000	24408
27540020000	48174
27570020000	27544
27600020000	25919
27630020000	33207
27660020000	24360
27690020000	18377
27720020000	19270
27750020000	16111
27780020000	22048
27810020000	18001
27840020000	35044
27870020000	22852
27900020000	88394
27930020000	37755
27960020000	29446
27990020000	18036
28020020000	20698
28050020000	83388
28080020000	23582
28110020000	66791
28140020000	51350
28170020000	80865
28200020000	23923
28230020000	57850
28260020000	92564
28290020000	22617
28320020000	38350
28350020000	63391
28380020000	22211
28410020000	23405
28440020000	32264
28470020000	21923
28500020000	28721
28530020000	23174
28560020000	23445
28590020000	45974
28620020000	17797
28650020000	33354
28680020000	81196
28710020000	22587
28740020000	58965
28770020000	76472
28800020000	44546
28830020000	16637
28860020000	19949
28890020000	73428
28920020000	25957
28950020000	25849
28980020000	17072
29010020000	21483
29040020000	17090
29070020000	19214
29100020000	23839
29130020000	63826
29160020000	54708
29190020000	36589
29220020000	48765
29250020000	17110
29280020000	17202
29310020000	86370
29340020000	18855
29370020000	24364
29400020000	43114
29430020000	49334
29460020000	64134
29490020000	27809
29520020000	21837
29550020000	29494
29580020000	17302
29610020000	38228
29640020000	20561
29670020000	21596
29700020000	50281
29730020000	31184
29760020000	18282
29790020000	21062
29820020000	20100
29850020000	79662
29880020000	18290
29910020000	18281
29940020000	61389
29970020000	28948
