20000	4405867
30020000	85318
60020000	36056
90020000	59930
120020000	35106
150020000	17663
180020000	65180
210020000	21985
240020000	43197
270020000	21494
300020000	23917
330020000	24515
360020000	40465
390020000	24015
420020000	23692
450020000	32183
480020000	49511
510020000	23056
540020000	29091
570020000	19843
600020000	37472
630020000	23277
660020000	19191
690020000	20219
720020000	43101
750020000	41396
780020000	62461
810020000	18182
840020000	26214
870020000	34231
900020000	74083
930020000	19791
960020000	79883
990020000	20831
1020020000	27243
1050020000	23379
1080020000	79356
1110020000	51452
1140020000	84856
1170020000	22373
1200020000	27725
1230020000	44459
1260020000	81902
1290020000	74714
1320020000	40234
1350020000	20746
1380020000	30487
1410020000	84437
1440020000	45697
1470020000	23371
1500020000	26660
1530020000	20133
1560020000	19439
1590020000	22276
1620020000	23346
1650020000	86411
1680020000	20852
1710020000	46468
1740020000	34521
1770020000	17888
1800020000	26256
1830020000	54748
1860020000	27953
1890020000	45435
1920020000	28771
1950020000	26875
1980020000	19803
2010020000	29972
2040020000	76402
2070020000	46858
2100020000	53991
2130020000	61474
2160020000	19221
2190020000	74518
2220020000	73217
2250020000	25655
2280020000	64743
2310020000	26455
2340020000	65490
2370020000	40375
2400020000	18401
2430020000	30934
2460020000	34007
2490020000	65776
2520020000	67980
2550020000	42933
2580020000	84852
2610020000	84997
2640020000	81744
2670020000	19998
2700020000	42275
2730020000	23668
2760020000	78401
2790020000	77235
2820020000	47803
2850020000	39324
2880020000	17487
2910020000	24791
2940020000	18763
2970020000	64897
3000020000	82567
3030020000	44450
3060020000	82054
3090020000	23941
3120020000	46756
3150020000	65150
3180020000	28370
3210020000	30233
3240020000	29545
3270020000	92693
3300020000	90490
3330020000	20593
3360020000	76466
3390020000	20721
3420020000	60240
3450020000	80870
3480020000	89634
3510020000	21417
3540020000	67637
3570020000	23320
3600020000	35449
3630020000	42040
3660020000	38879
3690020000	35476
3720020000	63459
3750020000	23053
3780020000	19262
3810020000	41270
3840020000	24086
3870020000	59958
3900020000	32356
3930020000	26910
3960020000	62265
3990020000	23413
4020020000	22909
4050020000	48476
4080020000	41549
4110020000	59631
4140020000	69665
4170020000	30542
4200020000	83360
4230020000	30017
4260020000	17598
4290020000	79484
4320020000	19340
4350020000	86088
4380020000	21840
4410020000	19448
4440020000	23253
4470020000	82090
4500020000	21143
4530020000	17616
4560020000	85183
4590020000	54865
4620020000	15947
4650020000	24039
4680020000	20210
4710020000	28836
4740020000	20095
4770020000	78937
4800020000	76348
4830020000	17348
4860020000	84307
4890020000	90187
4920020000	17990
4950020000	25615
4980020000	16326
5010020000	17406
5040020000	77242
5070020000	21540
5100020000	54158
5130020000	22820
5160020000	23820
5190020000	85655
5220020000	89197
5250020000	39043
5280020000	77214
5310020000	59533
5340020000	41383
5370020000	17414
5400020000	81857
5430020000	21634
5460020000	34549
5490020000	20023
5520020000	63906
5550020000	80528
5580020000	42688
5610020000	19225
5640020000	55649
5670020000	35914
5700020000	75528
5730020000	31987
5760020000	81517
5790020000	65030
5820020000	84330
5850020000	25246
5880020000	20603
5910020000	83008
5940020000	20386
5970020000	26617
6000020000	81550
6030020000	83480
6060020000	78220
6090020000	45978
6120020000	34644
6150020000	40436
6180020000	47672
6210020000	18246
6240020000	31463
6270020000	18891
6300020000	22552
6330020000	23083
6360020000	17054
6390020000	89106
6420020000	36266
6450020000	60096
6480020000	34059
6510020000	20589
6540020000	22434
6570020000	18404
6600020000	40040
6630020000	20684
6660020000	28746
6690020000	34780
6720020000	22232
6750020000	75554
6780020000	59848
6810020000	66817
6840020000	45295
6870020000	74040
6900020000	21039
6930020000	21954
6960020000	26073
6990020000	84374
7020020000	81179
7050020000	18098
7080020000	27268
7110020000	52280
7140020000	38258
7170020000	57823
7200020000	29828
7230020000	22578
7260020000	83557
7290020000	63700
7320020000	69373
7350020000	23710
7380020000	78612
7410020000	44300
7440020000	17559
7470020000	21803
7500020000	39441
7530020000	39806
7560020000	75165
7590020000	18170
7620020000	80120
7650020000	38467
7680020000	59437
7710020000	42269
7740020000	19708
7770020000	20681
7800020000	85588
7830020000	20180
7860020000	44572
7890020000	89585
7920020000	89639
7950020000	31176
7980020000	22781
8010020000	64322
8040020000	17265
8070020000	24437
8100020000	45996
8130020000	76583
8160020000	70735
8190020000	30573
8220020000	24828
8250020000	31885
8280020000	19524
8310020000	91391
8340020000	22902
8370020000	19840
8400020000	64739
8430020000	31787
8460020000	21245
8490020000	41461
8520020000	84530
8550020000	21423
8580020000	43003
8610020000	32929
8640020000	65655
8670020000	29532
8700020000	45265
8730020000	23885
8760020000	22622
8790020000	23886
8820020000	66203
8850020000	85509
8880020000	87852
8910020000	79544
8940020000	20698
8970020000	38413
9000020000	25455
9030020000	27960
9060020000	19968
9090020000	28173
9120020000	60634
9150020000	43749
9180020000	87927
9210020000	24153
9240020000	19095
9270020000	84808
9300020000	25516
9330020000	77616
9360020000	87139
9390020000	40390
9420020000	24222
9450020000	16974
9480020000	32790
9510020000	86007
9540020000	30337
9570020000	54887
9600020000	33621
9630020000	78188
9660020000	18312
9690020000	44947
9720020000	86880
9750020000	48324
9780020000	26093
9810020000	91803
9840020000	32023
9870020000	21646
9900020000	63731
9930020000	85208
9960020000	44404
9990020000	84095
10020020000	5774561351
10050020000	5744561351
10080020000	5714561351
10110020000	5684561351
10140020000	5654561351
10170020000	5624561351
10200020000	5594561351
10230020000	5564561351
10260020000	5534561351
10290020000	5504561351
10320020000	5474561351
10350020000	5444561351
10380020000	5414561351
10410020000	5384561351
10440020000	5354561351
10470020000	5324561351
10500020000	5294561351
10530020000	5264561351
10560020000	5234561351
10590020000	5204561351
10620020000	5174561351
10650020000	5144561351
10680020000	5114561351
10710020000	5084561351
10740020000	5054561351
10770020000	5024561351
10800020000	4994561351
10830020000	4964561351
10860020000	4934561351
10890020000	4904561351
10920020000	4874561351
10950020000	4844561351
10980020000	4814561351
11010020000	4784561351
11040020000	4754561351
11070020000	4724561351
11100020000	4694561351
11130020000	4664561351
11160020000	4634561351
11190020000	4604561351
11220020000	4574561351
11250020000	4544561351
11280020000	4514561351
11310020000	4484561351
11340020000	4454561351
11370020000	4424561351
11400020000	4394561351
11430020000	4364561351
11460020000	4334561351
11490020000	4304561351
11520020000	4274561351
11550020000	4244561351
11580020000	4214561351
11610020000	4184561351
11640020000	4154561351
11670020000	4124561351
11700020000	4094561351
11730020000	4064561351
11760020000	4034561351
11790020000	4004561351
11820020000	3974561351
11850020000	3944561351
11880020000	3914561351
11910020000	3884561351
11940020000	3854561351
11970020000	3824561351
12000020000	3794561351
12030020000	3764561351
12060020000	3734561351
12090020000	3704561351
12120020000	3674561351
12150020000	3644561351
12180020000	3614561351
12210020000	3584561351
12240020000	3554561351
12270020000	3524561351
12300020000	3494561351
12330020000	3464561351
12360020000	3434561351
12390020000	3404561351
12420020000	3374561351
12450020000	3344561351
12480020000	3314561351
12510020000	3284561351
12540020000	3254561351
12570020000	3224561351
12600020000	3194561351
12630020000	3164561351
12660020000	3134561351
12690020000	3104561351
12720020000	3074561351
12750020000	3044561351
12780020000	3014561351
12810020000	2984561351
12840020000	2954561351
12870020000	2924561351
12900020000	2894561351
12930020000	2864561351
12960020000	2834561351
12990020000	2804561351
13020020000	2774561351
13050020000	2744561351
13080020000	2714561351
13110020000	2684561351
13140020000	2654561351
13170020000	2624561351
13200020000	2594561351
13230020000	2564561351
13260020000	2534561351
13290020000	2504561351
13320020000	2474561351
13350020000	2444561351
13380020000	2414561351
13410020000	2384561351
13440020000	2354561351
13470020000	2324561351
13500020000	2294561351
13530020000	2264561351
13560020000	2234561351
13590020000	2204561351
13620020000	2174561351
13650020000	2144561351
13680020000	2114561351
13710020000	2084561351
13740020000	2054561351
13770020000	2024561351
13800020000	1994561351
13830020000	1964561351
13860020000	1934561351
13890020000	1904561351
13920020000	1874561351
13950020000	1844561351
13980020000	1814561351
14010020000	1784561351
14040020000	1754561351
14070020000	1724561351
14100020000	1694561351
14130020000	1664561351
14160020000	1634561351
14190020000	1604561351
14220020000	1574561351
14250020000	1544561351
14280020000	1514561351
14310020000	1484561351
14340020000	1454561351
14370020000	1424561351
14400020000	1394561351
14430020000	1364561351
14460020000	1334561351
14490020000	1304561351
14520020000	1274561351
14550020000	1244561351
14580020000	1214561351
14610020000	1184561351
14640020000	1154561351
14670020000	1124561351
14700020000	1094561351
14730020000	1064561351
14760020000	1034561351
14790020000	1004561351
14820020000	974561351
14850020000	944561351
14880020000	914561351
14910020000	884561351
14940020000	854561351
14970020000	824561351
15000020000	794561351
15030020000	764561351
15060020000	734561351
15090020000	704561351
15120020000	674561351
15150020000	644561351
15180020000	614561351
15210020000	584561351
15240020000	554561351
15270020000	524561351
15300020000	494561351
15330020000	464561351
15360020000	434561351
15390020000	404561351
15420020000	374561351
15450020000	344561351
15480020000	314561351
15510020000	284561351
15540020000	254561351
15570020000	224561351
15600020000	194561351
15630020000	164561351
15660020000	142891879
15690020000	112891879
15720020000	82891879
15750020000	52891879
15780020000	22891879
15810020000	51899
15840020000	55799
15870020000	66119
15900020000	99579
15930020000	129070
15960020000	69583
15990020000	61755
16020020000	25921
16050020000	96817
16080020000	146233
16110020000	97396
16140020000	104206
16170020000	65639
16200020000	63297
16230020000	130982
16260020000	122737
16290020000	134771
16320020000	116297
16350020000	110765
16380020000	115807
16410020000	116009
16440020000	71757
16470020000	84854
16500020000	102757
16530020000	64471
16560020000	70906
16590020000	65823
16620020000	96044
16650020000	113674
16680020000	66320
16710020000	57780
16740020000	17463
16770020000	100313
16800020000	80435
16830020000	60703
16860020000	100076
16890020000	65819
16920020000	130548
16950020000	75005
16980020000	153965
17010020000	128295
17040020000	140232
17070020000	98723
17100020000	135526
17130020000	86267
17160020000	63056
17190020000	127448
17220020000	84226
17250020000	115803
17280020000	100606
17310020000	93959
17340020000	54101
17370020000	122743
17400020000	59569
17430020000	35461
17460020000	86101
17490020000	111439
17520020000	75955
17550020000	84507
17580020000	98912
17610020000	60115
17640020000	80761
17670020000	103886
17700020000	131795
17730020000	58463
17760020000	62995
17790020000	79353
17820020000	52995
17850020000	51240
17880020000	70467
17910020000	72480
17940020000	105878
17970020000	70898
18000020000	88138
18030020000	88399
18060020000	123249
18090020000	91249
18120020000	83619
18150020000	142107
18180020000	103471
18210020000	67148
18240020000	63891
18270020000	110917
18300020000	86322
18330020000	86380
18360020000	118437
18390020000	131939
18420020000	89978
18450020000	138053
18480020000	105931
18510020000	112276
18540020000	84922
18570020000	114387
18600020000	86312
18630020000	142456
18660020000	85255
18690020000	98715
18720020000	66370
18750020000	100194
18780020000	74843
18810020000	87448
18840020000	105380
18870020000	121358
18900020000	97741
18930020000	91415
18960020000	45853
18990020000	95178
19020020000	78762
19050020000	85598
19080020000	25728
19110020000	127922
19140020000	91747
19170020000	145032
19200020000	137502
19230020000	108448
19260020000	103925
19290020000	104211
19320020000	98244
19350020000	92031
19380020000	64274
19410020000	100424
19440020000	92521
19470020000	98790
19500020000	85773
19530020000	121076
19560020000	99658
19590020000	108498
19620020000	144581
19650020000	63671
19680020000	89860
19710020000	75283
19740020000	21922
19770020000	117541
19800020000	95204
19830020000	93409
19860020000	82741
19890020000	120249
19920020000	54572
19950020000	86757
19980020000	123642
20010020000	33547179
20040020000	3547179
20070020000	18682860
20100020000	11187396
20130020000	3840137
20160020000	19386665
20190020000	12363489
20220020000	4999203
20250020000	19850394
20280020000	12341817
20310020000	4783031
20340020000	19661558
20370020000	12116890
20400020000	4617990
20430020000	19095826
20460020000	11413115
20490020000	3342773
20520020000	17672306
20550020000	10485814
20580020000	2797100
20610020000	17486651
20640020000	9622346
20670020000	1666322
20700020000	16065578
20730020000	8507360
20760020000	22218747
20790020000	15683322
20820020000	7728956
20850020000	20785703
20880020000	14067444
20910020000	6396954
20940020000	20992015
20970020000	13585361
21000020000	5731248
21030020000	20064386
21060020000	12131322
21090020000	4305069
21120020000	19094275
21150020000	11215628
21180020000	3643877
21210020000	18027382
21240020000	10228617
21270020000	2654555
21300020000	17277614
21330020000	9559967
21360020000	1454491
21390020000	16195336
21420020000	8516284
21450020000	22108119
21480020000	15658065
21510020000	7262670
21540020000	20940391
21570020000	13103204
21600020000	5342372
21630020000	20114304
21660020000	12316725
21690020000	4578656
21720020000	19791378
21750020000	12201270
21780020000	4297768
21810020000	18957604
21840020000	11458262
21870020000	3889572
21900020000	18282478
21930020000	10228377
21960020000	2311146
21990020000	16998287
22020020000	9120364
22050020000	3590318
22080020000	18343399
22110020000	10632613
22140020000	3076701
22170020000	16995708
22200020000	9405045
22230020000	1477881
22260020000	15757057
22290020000	7984265
22320020000	21258241
22350020000	14376205
22380020000	6724689
22410020000	21003661
22440020000	13123786
22470020000	5394738
22500020000	19695783
22530020000	12067451
22560020000	4250714
22590020000	18033095
22620020000	9877909
22650020000	1916951
22680020000	15634213
22710020000	7382125
22740020000	20502773
22770020000	12019406
22800020000	3273805
22830020000	17172173
22860020000	8440629
22890020000	22940
22920020000	42815
22950020000	20513
22980020000	20206
23010020000	24083
23040020000	81691
23070020000	31608
23100020000	85654
23130020000	41723
23160020000	32397
23190020000	19957
23220020000	27275
23250020000	64193
23280020000	74083
23310020000	22624
23340020000	49157
23370020000	22175
23400020000	25072
23430020000	61507
23460020000	27602
23490020000	21882
23520020000	17406
23550020000	51665
23580020000	76368
23610020000	21177
23640020000	24625
23670020000	23418
23700020000	24447
23730020000	82280
23760020000	88955
23790020000	46540
23820020000	46502
23850020000	81729
23880020000	37919
23910020000	83926
23940020000	92052
23970020000	25055
24000020000	30530
24030020000	19171
24060020000	56623
24090020000	78997
24120020000	24370
24150020000	34683
24180020000	92626
24210020000	59822
24240020000	18577
24270020000	34930
24300020000	24157
24330020000	87891
24360020000	21831
24390020000	22274
24420020000	72397
24450020000	84659
24480020000	23182
24510020000	22994
24540020000	21562
24570020000	81102
24600020000	23474
24630020000	20041
24660020000	79445
24690020000	43483
24720020000	56304
24750020000	40322
24780020000	75827
24810020000	25495
24840020000	25410
24870020000	19788
24900020000	81522
24930020000	21264
24960020000	41616
24990020000	22662
25020020000	24258
25050020000	73974
25080020000	18714
25110020000	34642
25140020000	30046
25170020000	88132
25200020000	87581
25230020000	77678
25260020000	30436
25290020000	18223
25320020000	88205
25350020000	27499
25380020000	52412
25410020000	65686
25440020000	36234
25470020000	88151
25500020000	58231
25530020000	80241
25560020000	24965
25590020000	18673
25620020000	70474
25650020000	75990
25680020000	52308
25710020000	86253
25740020000	23296
25770020000	23986
25800020000	84924
25830020000	73390
25860020000	56926
25890020000	80827
25920020000	42257
25950020000	24735
25980020000	74641
26010020000	76321
26040020000	65602
26070020000	20011
26100020000	19325
26130020000	75090
26160020000	27448
26190020000	73072
26220020000	59255
26250020000	25499
26280020000	24635
26310020000	55951
26340020000	30925
26370020000	46594
26400020000	20793
26430020000	25975
26460020000	33221
26490020000	55666
26520020000	62826
26550020000	31490
26580020000	31639
26610020000	51862
26640020000	21479
26670020000	84051
26700020000	84025
26730020000	21081
26760020000	79718
26790020000	20928
26820020000	23693
26850020000	60399
26880020000	23742
26910020000	85063
26940020000	44531
26970020000	23582
27000020000	21737
27030020000	64554
27060020000	23209
27090020000	57016
27120020000	44808
27150020000	88669
27180020000	41117
27210020000	34123
27240020000	24217
27270020000	71671
27300020000	56488
27330020000	24379
27360020000	76779
27390020000	71029
27420020000	61782
27450020000	32157
27480020000	81450
27510020000	85995
27540020000	23158
27570020000	54498
27600020000	28446
27630020000	18139
27660020000	22742
27690020000	38882
27720020000	42888
27750020000	77856
27780020000	32870
27810020000	18251
27840020000	16680
27870020000	23599
27900020000	26010
27930020000	21491
27960020000	64727
27990020000	17934
28020020000	76177
28050020000	34494
28080020000	43320
28110020000	25714
28140020000	20374
28170020000	81114
28200020000	64313
28230020000	22311
28260020000	64362
28290020000	80127
28320020000	80878
28350020000	26280
28380020000	50274
28410020000	23148
28440020000	56120
28470020000	44692
28500020000	40552
28530020000	60905
28560020000	62113
28590020000	20218
28620020000	30730
28650020000	85135
28680020000	28988
28710020000	17724
28740020000	82284
28770020000	45062
28800020000	19552
28830020000	81850
28860020000	20379
28890020000	58877
28920020000	18065
28950020000	58192
28980020000	27426
29010020000	68698
29040020000	24269
29070020000	26854
29100020000	19815
29130020000	79829
29160020000	19221
29190020000	23709
29220020000	20089
29250020000	44882
29280020000	51973
29310020000	19821
29340020000	79934
29370020000	65257
29400020000	61748
29430020000	82981
29460020000	40081
29490020000	23811
29520020000	22764
29550020000	23896
29580020000	20691
29610020000	65959
29640020000	17212
29670020000	23639
29700020000	16690
29730020000	94104
29760020000	62961
29790020000	18820
29820020000	49999
29850020000	81775
29880020000	15982
29910020000	72500
29940020000	87863
29970020000	50692
