2000	53238636
30002000	23238636
60002000	18275508
90002000	1101913
120002000	234735
150002000	98521
180002000	131895
210002000	261953
240002000	239238
270002000	184403
300002000	251997
330002000	219444
360002000	81963
390002000	159875
420002000	253437
450002000	198750
480002000	215414
510002000	162571
540002000	275989
570002000	258280
600002000	152474
630002000	160316
660002000	208545
690002000	144197
720002000	96135
750002000	167428
780002000	260346
810002000	111968
840002000	129949
870002000	106512
900002000	232555
930002000	216744
960002000	230702
990002000	118653
1020002000	268648
1050002000	2779075
1080002000	193226
1110002000	196806
1140002000	110960
1170002000	97648
1200002000	191765
1230002000	265270
1260002000	83714
1290002000	240986
1320002000	265594
1350002000	251001
1380002000	261077
1410002000	147275
1440002000	154902
1470002000	225208
1500002000	235533
1530002000	127351
1560002000	196204
1590002000	192292
1620002000	160478
1650002000	233472
1680002000	182644
1710002000	214392
1740002000	284238
1770002000	110590
1800002000	162283
1830002000	202823
1860002000	101546
1890002000	251633
1920002000	172615
1950002000	190053
1980002000	258093
2010002000	268683
2040002000	194400
2070002000	236866
2100002000	1562790
2130002000	258599
2160002000	230806
2190002000	220407
2220002000	197955
2250002000	117667
2280002000	241465
2310002000	185063
2340002000	115249
2370002000	150287
2400002000	241139
2430002000	151438
2460002000	233692
2490002000	240295
2520002000	136741
2550002000	215477
2580002000	110923
2610002000	104336
2640002000	246852
2670002000	243074
2700002000	242246
2730002000	129596
2760002000	111489
2790002000	263423
2820002000	185880
2850002000	175300
2880002000	200020
2910002000	141699
2940002000	279575
2970002000	119744
3000002000	207562
3030002000	264070
3060002000	264147
3090002000	206601
3120002000	206071
3150002000	1184306
3180002000	104563
3210002000	241029
3240002000	262487
3270002000	230416
3300002000	246033
3330002000	180257
3360002000	109713
3390002000	131101
3420002000	256769
3450002000	178852
3480002000	260060
3510002000	229496
3540002000	107326
3570002000	113083
3600002000	207875
3630002000	146314
3660002000	196047
3690002000	82593
3720002000	227913
3750002000	268666
3780002000	132674
3810002000	238319
3840002000	142607
3870002000	162261
3900002000	267724
3930002000	163833
3960002000	286440
3990002000	79961
4020002000	2321025
4050002000	396988
4080002000	150269
4110002000	237663
4140002000	101518
4170002000	224344
4200002000	390545
4230002000	82536
4260002000	171536
4290002000	151475
4320002000	108483
4350002000	242536
4380002000	252833
4410002000	208157
4440002000	192134
4470002000	161487
4500002000	81240
4530002000	204978
4560002000	201506
4590002000	215749
4620002000	181561
4650002000	226799
4680002000	233593
4710002000	269999
4740002000	162462
4770002000	251021
4800002000	133646
4830002000	133846
4860002000	262358
4890002000	259175
4920002000	272898
4950002000	260097
4980002000	108929
5010002000	173337
5040002000	98553
5070002000	211167
5100002000	185971
5130002000	260597
5160002000	268232
5190002000	105593
5220002000	149431
5250002000	198438
5280002000	217147
5310002000	222761
5340002000	299242
5370002000	95121
5400002000	279757
5430002000	205224
5460002000	215528
5490002000	212506
5520002000	241905
5550002000	164896
5580002000	192514
5610002000	115056
5640002000	197134
5670002000	225862
5700002000	253814
5730002000	242654
5760002000	273803
5790002000	232601
5820002000	137904
5850002000	226109
5880002000	257988
5910002000	238177
5940002000	207017
5970002000	228397
6000002000	218963
6030002000	1676675
6060002000	204784
6090002000	114746
6120002000	212556
6150002000	266547
6180002000	217409
6210002000	200837
6240002000	126918
6270002000	206465
6300002000	143323
6330002000	121739
6360002000	99128
6390002000	110268
6420002000	246332
6450002000	212076
6480002000	252108
6510002000	230550
6540002000	98498
6570002000	106938
6600002000	234330
6630002000	212281
6660002000	141568
6690002000	163532
6720002000	118080
6750002000	254548
6780002000	223879
6810002000	160270
6840002000	102002
6870002000	133169
6900002000	80164
6930002000	87097
6960002000	216677
6990002000	245456
7020002000	255430
7050002000	102775
7080002000	775936
7110002000	253852
7140002000	123211
7170002000	221018
7200002000	272454
7230002000	171861
7260002000	258037
7290002000	113938
7320002000	201189
7350002000	145167
7380002000	233637
7410002000	263705
7440002000	142159
7470002000	137395
7500002000	97987
7530002000	269406
7560002000	266923
7590002000	252162
7620002000	93268
7650002000	243468
7680002000	151154
7710002000	174128
7740002000	244486
7770002000	246704
7800002000	130832
7830002000	255334
7860002000	123286
7890002000	86599
7920002000	89385
7950002000	232516
7980002000	236218
8010002000	223474
8040002000	189882
8070002000	173720
8100002000	110874
8130002000	377445
8160002000	82679
8190002000	135595
8220002000	268758
8250002000	110987
8280002000	188079
8310002000	251781
8340002000	95952
8370002000	182929
8400002000	108525
8430002000	116987
8460002000	192218
8490002000	165279
8520002000	212027
8550002000	252553
8580002000	171596
8610002000	266134
8640002000	251150
8670002000	150718
8700002000	248840
8730002000	76095
8760002000	88190
8790002000	267572
8820002000	213341
8850002000	196532
8880002000	83154
8910002000	167253
8940002000	201601
8970002000	256269
9000002000	267793
9030002000	265893
9060002000	227361
9090002000	197874
9120002000	198484
9150002000	75220
9180002000	121493
9210002000	220502
9240002000	148584
9270002000	159301
9300002000	348828
9330002000	232991
9360002000	115166
9390002000	256513
9420002000	88364
9450002000	270685
9480002000	155262
9510002000	81494
9540002000	210661
9570002000	106459
9600002000	225002
9630002000	204245
9660002000	221526
9690002000	132300
9720002000	216774
9750002000	78188
9780002000	262435
9810002000	248642
9840002000	237753
9870002000	132532
9900002000	241308
9930002000	223172
9960002000	275097
9990002000	127033
10020002000	3081401249
10050002000	3051401249
10080002000	3021401249
10110002000	2991401249
10140002000	2961401249
10170002000	2931401249
10200002000	2901401249
10230002000	2871401249
10260002000	2841401249
10290002000	2811401249
10320002000	2781401249
10350002000	2751401249
10380002000	2721401249
10410002000	2691401249
10440002000	2661401249
10470002000	2631401249
10500002000	2601401249
10530002000	2571401249
10560002000	2541401249
10590002000	2511401249
10620002000	2481401249
10650002000	2451401249
10680002000	2421401249
10710002000	2391401249
10740002000	2361401249
10770002000	2331401249
10800002000	2301401249
10830002000	2271401249
10860002000	2241401249
10890002000	2211401249
10920002000	2181401249
10950002000	2151401249
10980002000	2121401249
11010002000	2091401249
11040002000	2061401249
11070002000	2031401249
11100002000	2001401249
11130002000	1971401249
11160002000	1941401249
11190002000	1911401249
11220002000	1881401249
11250002000	1851401249
11280002000	1821401249
11310002000	1791401249
11340002000	1761401249
11370002000	1731401249
11400002000	1701401249
11430002000	1671401249
11460002000	1641401249
11490002000	1611401249
11520002000	1581401249
11550002000	1551401249
11580002000	1521401249
11610002000	1491401249
11640002000	1461401249
11670002000	1431401249
11700002000	1401401249
11730002000	1371401249
11760002000	1341401249
11790002000	1311401249
11820002000	1281401249
11850002000	1251401249
11880002000	1221401249
11910002000	1191401249
11940002000	1161401249
11970002000	1131401249
12000002000	1101401249
12030002000	1071401249
12060002000	1041401249
12090002000	1011401249
12120002000	1368411458
12150002000	1338411458
12180002000	1308411458
12210002000	1278411458
12240002000	1248411458
12270002000	1218411458
12300002000	1188411458
12330002000	1158411458
12360002000	1128411458
12390002000	1098411458
12420002000	1068411458
12450002000	1038411458
12480002000	1008411458
12510002000	978411458
12540002000	948411458
12570002000	918411458
12600002000	888411458
12630002000	858411458
12660002000	828411458
12690002000	798411458
12720002000	768411458
12750002000	738411458
12780002000	708411458
12810002000	678411458
12840002000	648411458
12870002000	618411458
12900002000	588411458
12930002000	558411458
12960002000	528411458
12990002000	498411458
13020002000	468411458
13050002000	438411458
13080002000	408411458
13110002000	378411458
13140002000	483689518
13170002000	453689518
13200002000	423689518
13230002000	393689518
13260002000	363689518
13290002000	333689518
13320002000	303689518
13350002000	273689518
13380002000	243689518
13410002000	213689518
13440002000	183689518
13470002000	153689518
13500002000	169567425
13530002000	139567425
13560002000	109567425
13590002000	79567425
13620002000	49567425
13650002000	35518496
13680002000	11845977
13710002000	172663
13740002000	239155
13770002000	186464
13800002000	208557
13830002000	209623
13860002000	184118
13890002000	147359
13920002000	102091
13950002000	108174
13980002000	213673
14010002000	221687
14040002000	224549
14070002000	206065
14100002000	242650
14130002000	185707
14160002000	163359
14190002000	168452
14220002000	170882
14250002000	138514
14280002000	209049
14310002000	118927
14340002000	213398
14370002000	177144
14400002000	238583
14430002000	220953
14460002000	216866
14490002000	180771
14520002000	208243
14550002000	241971
14580002000	134909
14610002000	187261
14640002000	140340
14670002000	169668
14700002000	203484
14730002000	213689
14760002000	203762
14790002000	226015
14820002000	221700
14850002000	231937
14880002000	153708
14910002000	118765
14940002000	172608
14970002000	238106
15000002000	191937
15030002000	90746
15060002000	144533
15090002000	166776
15120002000	204350
15150002000	210505
15180002000	188528
15210002000	214581
15240002000	193763
15270002000	156372
15300002000	234517
15330002000	238195
15360002000	106330
15390002000	205398
15420002000	193212
15450002000	120170
15480002000	127464
15510002000	168134
15540002000	217542
15570002000	213014
15600002000	99490
15630002000	185512
15660002000	240137
15690002000	114848
15720002000	233456
15750002000	199002
15780002000	250016
15810002000	95521
15840002000	203485
15870002000	229958
15900002000	180266
15930002000	232083
15960002000	154288
15990002000	208146
16020002000	236768
16050002000	237581
16080002000	96124
16110002000	166726
16140002000	195453
16170002000	194025
16200002000	207657
16230002000	177775
16260002000	231378
16290002000	255260
16320002000	164319
16350002000	189412
16380002000	101501
16410002000	171064
16440002000	248452
16470002000	236104
16500002000	113316
16530002000	187645
16560002000	170119
16590002000	179485
16620002000	198502
16650002000	208827
16680002000	186730
16710002000	180385
16740002000	112867
16770002000	229352
16800002000	218431
16830002000	157169
16860002000	173536
16890002000	212738
16920002000	217795
16950002000	100208
16980002000	221251
17010002000	130772
17040002000	1184134
17070002000	113401
17100002000	115347
17130002000	184138
17160002000	234072
17190002000	227705
17220002000	170203
17250002000	218646
17280002000	130818
17310002000	93402
17340002000	196415
17370002000	238741
17400002000	208086
17430002000	186291
17460002000	202780
17490002000	206564
17520002000	135412
17550002000	240300
17580002000	114138
17610002000	248769
17640002000	173934
17670002000	216841
17700002000	183256
17730002000	210537
17760002000	169620
17790002000	202200
17820002000	107754
17850002000	217256
17880002000	213843
17910002000	125698
17940002000	201373
17970002000	218782
18000002000	205915
18030002000	194374
18060002000	251844
18090002000	260727
18120002000	95640
18150002000	203628
18180002000	223208
18210002000	201428
18240002000	253017
18270002000	189727
18300002000	200578
18330002000	237441
18360002000	213179
18390002000	186828
18420002000	178771
18450002000	235682
18480002000	174136
18510002000	167866
18540002000	209396
18570002000	207504
18600002000	248228
18630002000	206575
18660002000	173593
18690002000	96309
18720002000	148577
18750002000	193082
18780002000	178596
18810002000	215816
18840002000	179763
18870002000	220901
18900002000	124624
18930002000	177663
18960002000	143820
18990002000	214813
19020002000	229246
19050002000	195621
19080002000	210084
19110002000	168115
19140002000	207347
19170002000	202410
19200002000	184458
19230002000	158661
19260002000	233238
19290002000	205154
19320002000	180721
19350002000	227772
19380002000	233723
19410002000	168637
19440002000	185965
19470002000	205330
19500002000	240616
19530002000	210697
19560002000	214145
19590002000	89557
19620002000	227159
19650002000	236834
19680002000	202871
19710002000	238550
19740002000	92915
19770002000	238594
19800002000	178713
19830002000	190326
19860002000	202888
19890002000	202577
19920002000	111917
19950002000	229515
19980002000	236145
20010002000	7549974
20040002000	4851561
20070002000	12301885
20100002000	9903306
20130002000	4220390
20160002000	12258252
20190002000	9528297
20220002000	6300006
20250002000	10871684
20280002000	9342728
20310002000	6519049
20340002000	14162615
20370002000	12123579
20400002000	14005235
20430002000	14571582
20460002000	13752753
20490002000	13712931
20520002000	14506936
20550002000	4498847
20580002000	4465318
20610002000	6103911
20640002000	6988817
20670002000	6032627
20700002000	8501508
20730002000	12170487
20760002000	14076084
20790002000	11651879
20820002000	14328745
20850002000	5071932
20880002000	5341461
20910002000	6097403
20940002000	9376899
20970002000	13280704
21000002000	14332511
21030002000	8511865
21060002000	18728782
21090002000	6558909
21120002000	10939908
21150002000	15157965
21180002000	13006085
21210002000	15615148
21240002000	7022264
21270002000	12560175
21300002000	16577962
21330002000	15522270
21360002000	8057035
21390002000	14045993
21420002000	14177779
21450002000	7772785
21480002000	12933012
21510002000	15542367
21540002000	11030916
21570002000	19419116
21600002000	8625646
21630002000	15915876
21660002000	18320257
21690002000	13918113
21720002000	14693287
21750002000	8742876
21780002000	15352763
21810002000	15806834
21840002000	9554940
21870002000	15785091
21900002000	16176338
21930002000	10838165
21960002000	14226662
21990002000	9692137
22020002000	21236127
22050002000	13251341
22080002000	16309261
22110002000	12829341
22140002000	118119
22170002000	158543
22200002000	206500
22230002000	199674
22260002000	231716
22290002000	228498
22320002000	124181
22350002000	242445
22380002000	120136
22410002000	205284
22440002000	174892
22470002000	191784
22500002000	238329
22530002000	100005
22560002000	338842
22590002000	73627
22620002000	266682
22650002000	198932
22680002000	204345
22710002000	242643
22740002000	272766
22770002000	83149
22800002000	246965
22830002000	245988
22860002000	183132
22890002000	238575
22920002000	205101
22950002000	75358
22980002000	97194
23010002000	73613
23040002000	122241
23070002000	2766126
23100002000	229307
23130002000	221320
23160002000	255080
23190002000	255291
23220002000	214775
23250002000	239761
23280002000	193243
23310002000	119352
23340002000	226750
23370002000	201155
23400002000	156097
23430002000	191174
23460002000	80201
23490002000	251694
23520002000	212612
23550002000	165168
23580002000	138377
23610002000	224020
23640002000	205635
23670002000	212966
23700002000	76813
23730002000	227687
23760002000	234883
23790002000	265770
23820002000	188873
23850002000	195772
23880002000	146051
23910002000	258499
23940002000	225061
23970002000	156827
24000002000	255976
24030002000	223853
24060002000	156839
24090002000	216245
24120002000	1443025
24150002000	118754
24180002000	247645
24210002000	175906
24240002000	233853
24270002000	157681
24300002000	92949
24330002000	78973
24360002000	266983
24390002000	76826
24420002000	109169
24450002000	225430
24480002000	257055
24510002000	195472
24540002000	87042
24570002000	240399
24600002000	243598
24630002000	215891
24660002000	90971
24690002000	171321
24720002000	262548
24750002000	205722
24780002000	210638
24810002000	226793
24840002000	92154
24870002000	239558
24900002000	270466
24930002000	242879
24960002000	230075
24990002000	233434
25020002000	98263
25050002000	204772
25080002000	224711
25110002000	95731
25140002000	223212
25170002000	945512
25200002000	78321
25230002000	83064
25260002000	201799
25290002000	236851
25320002000	182975
25350002000	254108
25380002000	246780
25410002000	255388
25440002000	124668
25470002000	79147
25500002000	154947
25530002000	155425
25560002000	131665
25590002000	249340
25620002000	143796
25650002000	264146
25680002000	120887
25710002000	121011
25740002000	252597
25770002000	124934
25800002000	150778
25830002000	206331
25860002000	228314
25890002000	82398
25920002000	164016
25950002000	154234
25980002000	225730
26010002000	95176
26040002000	247629
26070002000	149104
26100002000	125325
26130002000	208998
26160002000	192573
26190002000	257234
26220002000	612197
26250002000	216384
26280002000	217147
26310002000	231449
26340002000	234077
26370002000	88315
26400002000	90377
26430002000	171637
26460002000	267766
26490002000	76422
26520002000	159613
26550002000	234782
26580002000	228251
26610002000	189960
26640002000	177396
26670002000	217865
26700002000	77805
26730002000	141811
26760002000	226826
26790002000	221136
26820002000	238857
26850002000	163135
26880002000	80037
26910002000	79057
26940002000	236929
26970002000	258240
27000002000	203790
27030002000	186169
27060002000	179478
27090002000	92499
27120002000	147680
27150002000	219960
27180002000	74173
27210002000	218637
27240002000	219021
27270002000	331843
27300002000	201721
27330002000	227223
27360002000	238288
27390002000	74999
27420002000	223679
27450002000	200085
27480002000	200057
27510002000	200323
27540002000	260778
27570002000	147663
27600002000	219236
27630002000	238504
27660002000	231702
27690002000	220718
27720002000	259731
27750002000	219415
27780002000	210647
27810002000	189336
27840002000	172447
27870002000	229143
27900002000	147181
27930002000	207140
27960002000	211248
27990002000	111038
28020002000	266334
28050002000	1148415
28080002000	226834
28110002000	196463
28140002000	244123
28170002000	250421
28200002000	241990
28230002000	211184
28260002000	198930
28290002000	143948
28320002000	84548
28350002000	227975
28380002000	196972
28410002000	211540
28440002000	135757
28470002000	259189
28500002000	158099
28530002000	174941
28560002000	139165
28590002000	204458
28620002000	87024
28650002000	223796
28680002000	130231
28710002000	255917
28740002000	106342
28770002000	230665
28800002000	168250
28830002000	164529
28860002000	77318
28890002000	217954
28920002000	95928
28950002000	176786
28980002000	164772
29010002000	75694
29040002000	151999
29070002000	88182
29100002000	913751
29130002000	192943
29160002000	91495
29190002000	206307
29220002000	242469
29250002000	167523
29280002000	108135
29310002000	221272
29340002000	167566
29370002000	105280
29400002000	214676
29430002000	206700
29460002000	240387
29490002000	84077
29520002000	76888
29550002000	181970
29580002000	228215
29610002000	199535
29640002000	208745
29670002000	208452
29700002000	210860
29730002000	135086
29760002000	208642
29790002000	247474
29820002000	141944
29850002000	234023
29880002000	269452
29910002000	191958
29940002000	180816
29970002000	197786
