1818	66654278
29998818	36657278
59995818	33162552
89992818	19197494
119989818	8690153
149986818	616534
179983818	473733
209980818	635014
239977818	1121419
269974818	517023
299971818	530616
329968818	347606
359965818	303163
389962818	381269
419959818	518484
449956818	335188
479953818	1866520
509950818	481415
539947818	343799
569944818	414006
599941818	570030
629938818	522391
659935818	478052
689932818	387467
719929818	649977
749926818	509667
779923818	343001
809920818	556778
839917818	490979
869914818	533721
899911818	511031
929908818	527476
959905818	782377
989902818	337763
1019899818	440810
1049896818	573531
1079893818	391033
1109890818	370243
1139887818	603021
1169884818	424354
1199881818	638877
1229878818	397718
1259875818	425707
1289872818	510045
1319869818	488251
1349866818	467086
1379863818	610461
1409860818	542996
1439857818	624323
1469854818	363042
1499851818	582827
1529848818	403372
1559845818	363158
1589842818	484883
1619839818	609498
1649836818	607742
1679833818	306972
1709830818	409442
1739827818	571875
1769824818	396532
1799821818	473131
1829818818	502559
1859815818	538000
1889812818	501494
1919809818	581341
1949806818	384830
1979803818	373170
2009800818	328600
2039797818	505022
2069794818	304176
2099791818	374093
2129788818	470483
2159785818	397162
2189782818	494618
2219779818	356061
2249776818	579765
2279773818	477955
2309770818	463743
2339767818	441557
2369764818	329828
2399761818	602690
2429758818	323667
2459755818	609243
2489752818	348427
2519749818	613528
2549746818	517697
2579743818	310030
2609740818	382322
2639737818	441005
2669734818	498761
2699731818	402171
2729728818	420741
2759725818	392965
2789722818	540097
2819719818	418935
2849716818	330430
2879713818	641967
2909710818	313449
2939707818	341276
2969704818	550875
2999701818	463432
3029698818	308677
3059695818	313624
3089692818	436963
3119689818	492990
3149686818	362947
3179683818	507898
3209680818	578277
3239677818	327447
3269674818	319630
3299671818	444567
3329668818	524374
3359665818	533930
3389662818	572633
3419659818	477403
3449656818	518186
3479653818	629737
3509650818	445106
3539647818	574181
3569644818	379183
3599641818	417367
3629638818	340445
3659635818	375155
3689632818	486360
3719629818	540836
3749626818	491184
3779623818	425452
3809620818	485612
3839617818	431982
3869614818	535423
3899611818	454437
3929608818	588428
3959605818	496191
3989602818	591886
4019599818	315706
4049596818	455460
4079593818	562514
4109590818	407790
4139587818	465683
4169584818	352977
4199581818	334848
4229578818	451706
4259575818	334677
4289572818	3655378
4319569818	1492714
4349566818	740678
4379563818	661329
4409560818	404245
4439557818	576101
4469554818	427946
4499551818	435254
4529548818	1345028
4559545818	407897
4589542818	345841
4619539818	559657
4649536818	378203
4679533818	596552
4709530818	452258
4739527818	553765
4769524818	1417294
4799521818	586041
4829518818	333217
4859515818	357669
4889512818	577742
4919509818	467116
4949506818	595052
4979503818	613287
5009500818	591391
5039497818	491412
5069494818	435899
5099491818	362613
5129488818	426467
5159485818	1102182
5189482818	692899
5219479818	441400
5249476818	1294656
5279473818	493320
5309470818	445881
5339467818	401667
5369464818	345442
5399461818	486146
5429458818	356123
5459455818	400112
5489452818	411460
5519449818	489021
5549446818	303802
5579443818	413016
5609440818	432896
5639437818	337317
5669434818	609556
5699431818	548224
5729428818	609395
5759425818	502499
5789422818	321023
5819419818	491399
5849416818	343216
5879413818	407287
5909410818	317958
5939407818	343530
5969404818	359318
5999401818	456578
6029398818	370256
6059395818	422163
6089392818	452631
6119389818	326153
6149386818	395445
6179383818	468082
6209380818	494584
6239377818	529707
6269374818	519636
6299371818	579094
6329368818	331599
6359365818	449124
6389362818	579948
6419359818	522132
6449356818	424014
6479353818	355825
6509350818	531523
6539347818	462121
6569344818	612118
6599341818	614002
6629338818	531328
6659335818	561859
6689332818	399717
6719329818	387558
6749326818	535504
6779323818	304206
6809320818	386310
6839317818	396895
6869314818	3397823
6899311818	1124092
6929308818	664347
6959305818	570347
6989302818	405498
7019299818	368945
7049296818	471789
7079293818	485343
7109290818	329196
7139287818	491084
7169284818	529331
7199281818	458944
7229278818	571861
7259275818	312257
7289272818	311887
7319269818	583957
7349266818	384341
7379263818	582441
7409260818	557489
7439257818	436300
7469254818	437470
7499251818	562891
7529248818	407149
7559245818	354771
7589242818	593563
7619239818	407078
7649236818	513671
7679233818	344533
7709230818	440161
7739227818	749533
7769224818	363011
7799221818	440108
7829218818	577355
7859215818	517036
7889212818	452418
7919209818	587720
7949206818	518006
7979203818	479354
8009200818	378624
8039197818	415249
8069194818	548072
8099191818	312447
8129188818	504269
8159185818	370949
8189182818	456155
8219179818	622601
8249176818	381767
8279173818	487449
8309170818	459422
8339167818	421872
8369164818	577251
8399161818	400916
8429158818	322268
8459155818	309485
8489152818	553736
8519149818	360195
8549146818	319062
8579143818	3281075
8609140818	390568
8639137818	608597
8669134818	594125
8699131818	412107
8729128818	598249
8759125818	531818
8789122818	487305
8819119818	1265093
8849116818	521952
8879113818	606830
8909110818	514676
8939107818	371214
8969104818	492434
8999101818	356411
9029098818	492019
9059095818	1405873
9089092818	439884
9119089818	589540
9149086818	528612
9179083818	376066
9209080818	615396
9239077818	379976
9269074818	422070
9299071818	474968
9329068818	586871
9359065818	499064
9389062818	491236
9419059818	353380
9449056818	322819
9479053818	361464
9509050818	574596
9539047818	628800
9569044818	400360
9599041818	476562
9629038818	590797
9659035818	360828
9689032818	514644
9719029818	524722
9749026818	516879
9779023818	505408
9809020818	424515
9839017818	418833
9869014818	472156
9899011818	506910
9929008818	303625
9959005818	591062
9989002818	614478
10018999818	3835535278
10048996818	3805538278
10078993818	3775541278
10108990818	3745544278
10138987818	3715547278
10168984818	3685550278
10198981818	3655553278
10228978818	3625556278
10258975818	3595559278
10288972818	3565562278
10318969818	3535565278
10348966818	3505568278
10378963818	3475571278
10408960818	3445574278
10438957818	3415577278
10468954818	3385580278
10498951818	3355583278
10528948818	3325586278
10558945818	3295589278
10588942818	3265592278
10618939818	3235595278
10648936818	3205598278
10678933818	3175601278
10708930818	3145604278
10738927818	3115607278
10768924818	3085610278
10798921818	3055613278
10828918818	3025616278
10858915818	2995619278
10888912818	2965622278
10918909818	2935625278
10948906818	2905628278
10978903818	2875631278
11008900818	2845634278
11038897818	2815637278
11068894818	2785640278
11098891818	2755643278
11128888818	2725646278
11158885818	2695649278
11188882818	2665652278
11218879818	2635655278
11248876818	2605658278
11278873818	2575661278
11308870818	2545664278
11338867818	2515667278
11368864818	2485670278
11398861818	2455673278
11428858818	2425676278
11458855818	2395679278
11488852818	2365682278
11518849818	2335685278
11548846818	2305688278
11578843818	2275691278
11608840818	2245694278
11638837818	2215697278
11668834818	2185700278
11698831818	2155703278
11728828818	2125706278
11758825818	2095709278
11788822818	2065712278
11818819818	2035715278
11848816818	2005718278
11878813818	1975721278
11908810818	1945724278
11938807818	1915727278
11968804818	1885730278
11998801818	1855733278
12028798818	1825736278
12058795818	1795739278
12088792818	1765742278
12118789818	1735745278
12148786818	1705748278
12178783818	1675751278
12208780818	1645754278
12238777818	1615757278
12268774818	1585760278
12298771818	1555763278
12328768818	1525766278
12358765818	1495769278
12388762818	1465772278
12418759818	1435775278
12448756818	1405778278
12478753818	1375781278
12508750818	1345784278
12538747818	1315787278
12568744818	1285790278
12598741818	1255793278
12628738818	1225796278
12658735818	1195799278
12688732818	1165802278
12718729818	1135805278
12748726818	1105808278
12778723818	1075811278
12808720818	1045814278
12838717818	1015817278
12868714818	985820278
12898711818	1319332046
12928708818	1289335046
12958705818	1259338046
12988702818	1229341046
13018699818	1199344046
13048696818	1169347046
13078693818	1139350046
13108690818	1109353046
13138687818	1079356046
13168684818	1049359046
13198681818	1019362046
13228678818	989365046
13258675818	959368046
13288672818	929371046
13318669818	899374046
13348666818	869377046
13378663818	839380046
13408660818	809383046
13438657818	779386046
13468654818	749389046
13498651818	719392046
13528648818	689395046
13558645818	659398046
13588642818	629401046
13618639818	599404046
13648636818	569407046
13678633818	539410046
13708630818	509413046
13738627818	479416046
13768624818	449419046
13798621818	419422046
13828618818	389425046
13858615818	359428046
13888612818	462130664
13918609818	432133664
13948606818	402136664
13978603818	372139664
14008600818	342142664
14038597818	312145664
14068594818	282148664
14098591818	252151664
14128588818	222154664
14158585818	192157664
14188582818	162160664
14218579818	132163664
14248576818	152480869
14278573818	122483869
14308570818	92486869
14338567818	62489869
14368564818	52271958
14398561818	22274958
14428558818	3350803
14458555818	224389
14488552818	175072
14518549818	172213
14548546818	224016
14578543818	183927
14608540818	150583
14638537818	231841
14668534818	257473
14698531818	233513
14728528818	246414
14758525818	121261
14788522818	241472
14818519818	218715
14848516818	192034
14878513818	225240
14908510818	146320
14938507818	274385
14968504818	178134
14998501818	182031
15028498818	205739
15058495818	208892
15088492818	172864
15118489818	256130
15148486818	268533
15178483818	145148
15208480818	208384
15238477818	229463
15268474818	225589
15298471818	184199
15328468818	240033
15358465818	214881
15388462818	202049
15418459818	212928
15448456818	247123
15478453818	137859
15508450818	190498
15538447818	114713
15568444818	231135
15598441818	268249
15628438818	196847
15658435818	202400
15688432818	254196
15718429818	255513
15748426818	231527
15778423818	118927
15808420818	256991
15838417818	195194
15868414818	141687
15898411818	103292
15928408818	245197
15958405818	98688
15988402818	151143
16018399818	225742
16048396818	158355
16078393818	102109
16108390818	111471
16138387818	191325
16168384818	118976
16198381818	127331
16228378818	148703
16258375818	217873
16288372818	145009
16318369818	160309
16348366818	180059
16378363818	147971
16408360818	181547
16438357818	100950
16468354818	221864
16498351818	190106
16528348818	186400
16558345818	221153
16588342818	159812
16618339818	159342
16648336818	183801
16678333818	241824
16708330818	130741
16738327818	156303
16768324818	147397
16798321818	242183
16828318818	129607
16858315818	192357
16888312818	155935
16918309818	130110
16948306818	241980
16978303818	93803
17008300818	262748
17038297818	131911
17068294818	203373
17098291818	212272
17128288818	240040
17158285818	2099761
17188282818	145208
17218279818	133622
17248276818	198331
17278273818	254161
17308270818	213753
17338267818	130263
17368264818	191211
17398261818	208707
17428258818	132228
17458255818	232127
17488252818	198073
17518249818	191823
17548246818	195479
17578243818	235853
17608240818	171415
17638237818	181667
17668234818	118581
17698231818	159123
17728228818	249760
17758225818	200655
17788222818	131157
17818219818	197323
17848216818	217818
17878213818	99336
17908210818	166217
17938207818	185621
17968204818	228204
17998201818	236848
18028198818	181685
18058195818	223235
18088192818	149940
18118189818	239322
18148186818	239204
18178183818	250546
18208180818	251246
18238177818	240138
18268174818	175842
18298171818	232497
18328168818	225430
18358165818	210105
18388162818	186592
18418159818	230105
18448156818	240321
18478153818	124140
18508150818	98125
18538147818	193806
18568144818	268680
18598141818	205483
18628138818	267544
18658135818	166262
18688132818	120939
18718129818	213051
18748126818	233881
18778123818	144013
18808120818	204983
18838117818	171076
18868114818	201446
18898111818	152671
18928108818	125301
18958105818	225914
18988102818	262959
19018099818	217871
19048096818	191843
19078093818	221733
19108090818	205019
19138087818	180593
19168084818	231518
19198081818	157254
19228078818	207527
19258075818	211930
19288072818	201201
19318069818	108948
19348066818	155106
19378063818	214854
19408060818	180788
19438057818	182215
19468054818	251572
19498051818	128170
19528048818	224647
19558045818	195251
19588042818	176469
19618039818	140520
19648036818	206036
19678033818	193881
19708030818	199943
19738027818	145378
19768024818	241414
19798021818	229162
19828018818	218329
19858015818	227167
19888012818	233000
19918009818	243371
19948006818	237477
19978003818	238413
20008000818	10335322
20037997818	11815998
20067994818	11277196
20097991818	11429206
20127988818	7287501
20157985818	3598395
20187982818	11802057
20217979818	14046782
20247976818	11781293
20277973818	11317970
20307970818	8310987
20337967818	6819765
20367964818	6120193
20397961818	7180654
20427958818	5512765
20457955818	6164567
20487952818	7651074
20517949818	12970244
20547946818	15616408
20577943818	13971013
20607940818	5763517
20637937818	10360342
20667934818	14344782
20697931818	10859568
20727928818	13914884
20757925818	7936257
20787922818	13395158
20817919818	13892143
20847916818	6880906
20877913818	12479291
20907910818	15013514
20937907818	9235461
20967904818	13864695
20997901818	14412452
21027898818	8630148
21057895818	15664260
21087892818	15539305
21117889818	9980651
21147886818	16913791
21177883818	17571900
21207880818	13026333
21237877818	16588911
21267874818	11497700
21297871818	17919653
21327868818	19022761
21357865818	14849405
21387862818	17094138
21417859818	10570820
21447856818	20408924
21477853818	12062652
21507850818	15404679
21537847818	12248507
21567844818	15482410
21597841818	10724664
21627838818	13838837
21657835818	11112000
21687832818	15622729
21717829818	15122318
21747826818	20238308
21777823818	17865954
21807820818	9524443
21837817818	13959827
21867814818	11454012
21897811818	15257673
21927808818	13347399
21957805818	20795139
21987802818	19099221
22017799818	9171566
22047796818	20392574
22077793818	11479263
22107790818	17624161
22137787818	18609459
22167784818	10513278
22197781818	20604834
22227778818	21336312
22257775818	13948339
22287772818	22433355
22317769818	5953028
22347766818	682785
22377763818	468766
22407760818	504191
22437757818	358084
22467754818	458936
22497751818	452679
22527748818	524387
22557745818	489994
22587742818	450860
22617739818	417426
22647736818	313091
22677733818	539823
22707730818	374707
22737727818	303179
22767724818	579492
22797721818	588593
22827718818	551800
22857715818	339479
22887712818	366910
22917709818	306148
22947706818	598258
22977703818	471553
23007700818	440751
23037697818	442975
23067694818	349662
23097691818	465713
23127688818	303103
23157685818	320539
23187682818	609416
23217679818	507051
23247676818	605354
23277673818	371717
23307670818	556693
23337667818	327600
23367664818	459925
23397661818	363273
23427658818	535343
23457655818	390748
23487652818	343812
23517649818	560223
23547646818	470877
23577643818	383962
23607640818	526900
23637637818	483745
23667634818	497890
23697631818	419464
23727628818	315529
23757625818	319611
23787622818	373660
23817619818	494051
23847616818	587212
23877613818	556297
23907610818	427545
23937607818	498908
23967604818	322796
23997601818	482788
24027598818	350485
24057595818	546153
24087592818	806539
24117589818	538577
24147586818	496222
24177583818	622328
24207580818	439179
24237577818	664089
24267574818	361919
24297571818	487531
24327568818	623093
24357565818	346561
24387562818	624200
24417559818	585467
24447556818	574901
24477553818	502307
24507550818	588324
24537547818	412643
24567544818	337569
24597541818	493788
24627538818	406438
24657535818	370698
24687532818	632643
24717529818	344743
24747526818	522702
24777523818	467179
24807520818	516289
24837517818	551496
24867514818	320599
24897511818	375321
24927508818	427096
24957505818	425096
24987502818	426824
25017499818	316131
25047496818	378274
25077493818	447707
25107490818	459266
25137487818	363610
25167484818	477373
25197481818	484504
25227478818	520387
25257475818	418088
25287472818	524733
25317469818	815246
25347466818	521396
25377463818	1073245
25407460818	574752
25437457818	668490
25467454818	604408
25497451818	1973511
25527448818	606413
25557445818	629348
25587442818	674903
25617439818	441009
25647436818	492374
25677433818	558353
25707430818	451316
25737427818	1771258
25767424818	393423
25797421818	533854
25827418818	338427
25857415818	495124
25887412818	495783
25917409818	434591
25947406818	470519
25977403818	745294
26007400818	393871
26037397818	456091
26067394818	398236
26097391818	565028
26127388818	537846
26157385818	409254
26187382818	421566
26217379818	998372
26247376818	605220
26277373818	451209
26307370818	467947
26337367818	497666
26367364818	469579
26397361818	579502
26427358818	572510
26457355818	531214
26487352818	347201
26517349818	493501
26547346818	399208
26577343818	474851
26607340818	546431
26637337818	308962
26667334818	581279
26697331818	480590
26727328818	471731
26757325818	544879
26787322818	418032
26817319818	523255
26847316818	445149
26877313818	661914
26907310818	628292
26937307818	540744
26967304818	335480
26997301818	347933
27027298818	386871
27057295818	563950
27087292818	363835
27117289818	446472
27147286818	516247
27177283818	481286
27207280818	402209
27237277818	353957
27267274818	388931
27297271818	605158
27327268818	536668
27357265818	349703
27387262818	342873
27417259818	370555
27447256818	548606
27477253818	500681
27507250818	329373
27537247818	419425
27567244818	588665
27597241818	400196
27627238818	521238
27657235818	338443
27687232818	396994
27717229818	478130
27747226818	524511
27777223818	481602
27807220818	555502
27837217818	544815
27867214818	431219
27897211818	456206
27927208818	325058
27957205818	408622
27987202818	479127
28017199818	479715
28047196818	540252
28077193818	494441
28107190818	493840
28137187818	537211
28167184818	450838
28197181818	440367
28227178818	447577
28257175818	502393
28287172818	517577
28317169818	461155
28347166818	340231
28377163818	660194
28407160818	522903
28437157818	345476
28467154818	481252
28497151818	560314
28527148818	572184
28557145818	303090
28587142818	342441
28617139818	384830
28647136818	380954
28677133818	440638
28707130818	341940
28737127818	503359
28767124818	528460
28797121818	421127
28827118818	614954
28857115818	401569
28887112818	417116
28917109818	381465
28947106818	475922
28977103818	587453
29007100818	1774249
29037097818	389017
29067094818	476077
29097091818	325053
29127088818	462372
29157085818	560962
29187082818	549838
29217079818	385194
29247076818	599786
29277073818	352257
29307070818	461914
29337067818	451460
29367064818	425055
29397061818	455336
29427058818	600785
29457055818	610418
29487052818	423212
29517049818	492154
29547046818	423660
29577043818	370660
29607040818	451410
29637037818	524335
29667034818	380859
29697031818	576317
29727028818	483615
29757025818	326142
29787022818	1501823
29817019818	409347
29847016818	490736
29877013818	864921
29907010818	403358
29937007818	476948
29967004818	429480
