2000	55833001
30002000	25833001
60002000	25184560
90002000	7343559
120002000	547463
150002000	339535
180002000	406066
210002000	368196
240002000	300499
270002000	334706
300002000	306619
330002000	292314
360002000	333432
390002000	285680
420002000	354006
450002000	395050
480002000	442775
510002000	301710
540002000	403597
570002000	466027
600002000	527601
630002000	293586
660002000	528568
690002000	380950
720002000	556900
750002000	380723
780002000	540569
810002000	545899
840002000	530407
870002000	287908
900002000	365361
930002000	415022
960002000	290388
990002000	485616
1020002000	475461
1050002000	1642296
1080002000	349356
1110002000	369194
1140002000	304657
1170002000	329807
1200002000	466008
1230002000	471196
1260002000	541170
1290002000	464418
1320002000	482134
1350002000	309421
1380002000	554741
1410002000	288305
1440002000	466860
1470002000	287999
1500002000	536753
1530002000	428714
1560002000	322008
1590002000	341931
1620002000	424829
1650002000	463480
1680002000	423082
1710002000	559267
1740002000	596450
1770002000	346410
1800002000	473804
1830002000	582428
1860002000	501461
1890002000	554161
1920002000	506970
1950002000	556524
1980002000	360803
2010002000	378342
2040002000	574790
2070002000	441461
2100002000	895792
2130002000	404524
2160002000	467658
2190002000	409887
2220002000	407087
2250002000	551731
2280002000	416649
2310002000	500836
2340002000	447566
2370002000	452261
2400002000	457629
2430002000	427533
2460002000	370216
2490002000	523812
2520002000	361878
2550002000	620938
2580002000	511812
2610002000	536079
2640002000	467476
2670002000	491428
2700002000	559428
2730002000	476536
2760002000	511309
2790002000	325728
2820002000	593734
2850002000	611906
2880002000	370710
2910002000	343088
2940002000	396704
2970002000	342259
3000002000	620979
3030002000	476317
3060002000	544011
3090002000	608293
3120002000	379828
3150002000	874105
3180002000	533922
3210002000	564638
3240002000	457378
3270002000	447099
3300002000	430032
3330002000	430296
3360002000	549953
3390002000	406335
3420002000	391113
3450002000	575992
3480002000	379245
3510002000	494757
3540002000	521559
3570002000	561018
3600002000	354422
3630002000	440612
3660002000	446222
3690002000	582080
3720002000	498852
3750002000	503649
3780002000	530784
3810002000	404084
3840002000	528569
3870002000	349220
3900002000	600970
3930002000	540595
3960002000	495133
3990002000	392462
4020002000	676333
4050002000	604691
4080002000	676922
4110002000	380043
4140002000	354163
4170002000	623050
4200002000	561668
4230002000	698085
4260002000	494434
4290002000	408757
4320002000	478291
4350002000	438335
4380002000	621792
4410002000	584891
4440002000	432268
4470002000	467607
4500002000	435803
4530002000	566338
4560002000	640685
4590002000	528539
4620002000	663910
4650002000	482360
4680002000	452805
4710002000	437678
4740002000	695847
4770002000	588268
4800002000	632566
4830002000	481439
4860002000	444199
4890002000	629272
4920002000	630044
4950002000	512619
4980002000	684822
5010002000	635090
5040002000	596945
5070002000	399908
5100002000	614506
5130002000	564346
5160002000	468805
5190002000	1411168
5220002000	705059
5250002000	1053311
5280002000	795742
5310002000	434141
5340002000	774686
5370002000	669336
5400002000	425291
5430002000	773436
5460002000	629588
5490002000	564937
5520002000	708995
5550002000	664018
5580002000	556640
5610002000	610198
5640002000	481034
5670002000	642071
5700002000	405286
5730002000	592964
5760002000	815622
5790002000	564428
5820002000	578238
5850002000	480268
5880002000	753328
5910002000	809421
5940002000	747917
5970002000	677900
6000002000	779411
6030002000	2065208
6060002000	652858
6090002000	664541
6120002000	746125
6150002000	493762
6180002000	543704
6210002000	770974
6240002000	612414
6270002000	652978
6300002000	958007
6330002000	821714
6360002000	765973
6390002000	487901
6420002000	653142
6450002000	579759
6480002000	8263007
6510002000	2188856
6540002000	5340504
6570002000	2713116
6600002000	1160661
6630002000	447742
6660002000	455874
6690002000	960673
6720002000	3463580
6750002000	7572445
6780002000	9462135
6810002000	4452139
6840002000	5665787
6870002000	10293389
6900002000	26281814
6930002000	38925030
6960002000	30880946
6990002000	21495153
7020002000	19666700
7050002000	14068005
7080002000	21246217
7110002000	10314444
7140002000	46054006
7170002000	49621268
7200002000	66468218
7230002000	103394289
7260002000	73394289
7290002000	125458410
7320002000	95458410
7350002000	163279239
7380002000	133279239
7410002000	103279239
7440002000	198231985
7470002000	168231985
7500002000	138231985
7530002000	240093232
7560002000	210093232
7590002000	180093232
7620002000	150093232
7650002000	267033228
7680002000	237033228
7710002000	207033228
7740002000	177033228
7770002000	147033228
7800002000	254856550
7830002000	224856550
7860002000	194856550
7890002000	164856550
7920002000	246751311
7950002000	216751311
7980002000	186751311
8010002000	156751311
8040002000	126751311
8070002000	181666434
8100002000	151666434
8130002000	121666434
8160002000	91666434
8190002000	117638499
8220002000	87638499
8250002000	57638499
8280002000	69252982
8310002000	65713182
8340002000	35713182
8370002000	20178899
8400002000	6668082
8430002000	368474
8460002000	272162
8490002000	1157616
8520002000	289299
8550002000	360534
8580002000	355733
8610002000	380224
8640002000	470103
8670002000	297705
8700002000	284759
8730002000	244646
8760002000	334350
8790002000	281416
8820002000	391459
8850002000	367573
8880002000	389752
8910002000	319275
8940002000	322841
8970002000	407415
9000002000	262430
9030002000	236561
9060002000	416156
9090002000	316356
9120002000	358428
9150002000	388327
9180002000	427614
9210002000	338501
9240002000	302549
9270002000	239240
9300002000	333086
9330002000	285951
9360002000	302274
9390002000	395641
9420002000	245564
9450002000	249204
9480002000	384014
9510002000	369030
9540002000	423793
9570002000	311756
9600002000	403104
9630002000	353681
9660002000	251299
9690002000	348631
9720002000	335243
9750002000	380826
9780002000	291627
9810002000	397422
9840002000	318358
9870002000	252809
9900002000	252515
9930002000	285853
9960002000	220625
9990002000	433952
10020002000	5399021945
10050002000	5369021945
10080002000	5339021945
10110002000	5309021945
10140002000	5279021945
10170002000	5249021945
10200002000	5219021945
10230002000	5189021945
10260002000	5159021945
10290002000	5129021945
10320002000	5099021945
10350002000	5069021945
10380002000	5039021945
10410002000	5009021945
10440002000	4979021945
10470002000	4949021945
10500002000	4919021945
10530002000	4889021945
10560002000	4859021945
10590002000	4829021945
10620002000	4799021945
10650002000	4769021945
10680002000	4739021945
10710002000	4709021945
10740002000	4679021945
10770002000	4649021945
10800002000	4619021945
10830002000	4589021945
10860002000	4559021945
10890002000	4529021945
10920002000	4499021945
10950002000	4469021945
10980002000	4439021945
11010002000	4409021945
11040002000	4379021945
11070002000	4349021945
11100002000	4319021945
11130002000	4289021945
11160002000	4259021945
11190002000	4229021945
11220002000	4199021945
11250002000	4169021945
11280002000	4139021945
11310002000	4109021945
11340002000	4079021945
11370002000	4049021945
11400002000	4019021945
11430002000	3989021945
11460002000	3959021945
11490002000	3929021945
11520002000	3899021945
11550002000	3869021945
11580002000	3839021945
11610002000	3809021945
11640002000	3779021945
11670002000	3749021945
11700002000	3719021945
11730002000	3689021945
11760002000	3659021945
11790002000	3629021945
11820002000	3599021945
11850002000	3569021945
11880002000	3539021945
11910002000	3509021945
11940002000	3479021945
11970002000	3449021945
12000002000	3419021945
12030002000	3389021945
12060002000	3359021945
12090002000	3329021945
12120002000	3299021945
12150002000	3269021945
12180002000	3239021945
12210002000	3209021945
12240002000	3179021945
12270002000	3149021945
12300002000	3119021945
12330002000	3089021945
12360002000	3059021945
12390002000	3029021945
12420002000	2999021945
12450002000	2969021945
12480002000	2939021945
12510002000	2909021945
12540002000	2879021945
12570002000	2849021945
12600002000	2819021945
12630002000	2789021945
12660002000	2759021945
12690002000	2729021945
12720002000	2699021945
12750002000	2669021945
12780002000	2639021945
12810002000	2609021945
12840002000	2579021945
12870002000	2549021945
12900002000	2519021945
12930002000	2489021945
12960002000	2459021945
12990002000	2429021945
13020002000	2399021945
13050002000	2369021945
13080002000	2339021945
13110002000	2309021945
13140002000	2279021945
13170002000	2249021945
13200002000	2219021945
13230002000	2189021945
13260002000	2159021945
13290002000	2129021945
13320002000	2099021945
13350002000	2069021945
13380002000	2039021945
13410002000	2009021945
13440002000	1979021945
13470002000	1949021945
13500002000	1919021945
13530002000	1889021945
13560002000	1859021945
13590002000	1829021945
13620002000	1799021945
13650002000	1769021945
13680002000	1739021945
13710002000	1709021945
13740002000	1679021945
13770002000	1649021945
13800002000	1619021945
13830002000	1589021945
13860002000	1559021945
13890002000	1529021945
13920002000	1499021945
13950002000	1469021945
13980002000	1439021945
14010002000	1409021945
14040002000	1379021945
14070002000	1349021945
14100002000	1319021945
14130002000	1289021945
14160002000	1692883127
14190002000	1662883127
14220002000	1632883127
14250002000	1602883127
14280002000	1572883127
14310002000	1542883127
14340002000	1512883127
14370002000	1482883127
14400002000	1452883127
14430002000	1422883127
14460002000	1392883127
14490002000	1362883127
14520002000	1332883127
14550002000	1302883127
14580002000	1272883127
14610002000	1242883127
14640002000	1212883127
14670002000	1182883127
14700002000	1152883127
14730002000	1122883127
14760002000	1092883127
14790002000	1062883127
14820002000	1032883127
14850002000	1002883127
14880002000	972883127
14910002000	942883127
14940002000	912883127
14970002000	882883127
15000002000	852883127
15030002000	822883127
15060002000	792883127
15090002000	762883127
15120002000	732883127
15150002000	702883127
15180002000	672883127
15210002000	642883127
15240002000	612883127
15270002000	582883127
15300002000	552883127
15330002000	522883127
15360002000	492883127
15390002000	462883127
15420002000	432883127
15450002000	548943464
15480002000	518943464
15510002000	488943464
15540002000	458943464
15570002000	428943464
15600002000	398943464
15630002000	368943464
15660002000	338943464
15690002000	308943464
15720002000	278943464
15750002000	248943464
15780002000	218943464
15810002000	188943464
15840002000	158943464
15870002000	180615783
15900002000	150615783
15930002000	120615783
15960002000	90615783
15990002000	60615783
16020002000	49142557
16050002000	19142557
16080002000	587602
16110002000	161177
16140002000	234094
16170002000	192518
16200002000	221587
16230002000	88575
16260002000	211235
16290002000	194006
16320002000	215233
16350002000	247574
16380002000	172795
16410002000	165460
16440002000	214163
16470002000	209069
16500002000	242023
16530002000	213411
16560002000	95554
16590002000	266848
16620002000	92019
16650002000	157637
16680002000	172075
16710002000	226973
16740002000	122126
16770002000	241252
16800002000	170801
16830002000	255742
16860002000	116815
16890002000	155577
16920002000	126750
16950002000	239795
16980002000	144615
17010002000	165016
17040002000	1170136
17070002000	235146
17100002000	167968
17130002000	213724
17160002000	154106
17190002000	143125
17220002000	231519
17250002000	158513
17280002000	118084
17310002000	127131
17340002000	234395
17370002000	227287
17400002000	231480
17430002000	176227
17460002000	217742
17490002000	210514
17520002000	201228
17550002000	167179
17580002000	297391
17610002000	105531
17640002000	115554
17670002000	129380
17700002000	196658
17730002000	261862
17760002000	208622
17790002000	239896
17820002000	135804
17850002000	270408
17880002000	167950
17910002000	161559
17940002000	158944
17970002000	150289
18000002000	183460
18030002000	110865
18060002000	181277
18090002000	251657
18120002000	170236
18150002000	230448
18180002000	147971
18210002000	240557
18240002000	164517
18270002000	163355
18300002000	273957
18330002000	135443
18360002000	180409
18390002000	163225
18420002000	217839
18450002000	158306
18480002000	287751
18510002000	187057
18540002000	164699
18570002000	246255
18600002000	209715
18630002000	197196
18660002000	148460
18690002000	167870
18720002000	222524
18750002000	236689
18780002000	181568
18810002000	276065
18840002000	155827
18870002000	118200
18900002000	216343
18930002000	92516
18960002000	149416
18990002000	106668
19020002000	243162
19050002000	118722
19080002000	134559
19110002000	172270
19140002000	168762
19170002000	189458
19200002000	194960
19230002000	227095
19260002000	142682
19290002000	157135
19320002000	194538
19350002000	198461
19380002000	172157
19410002000	229438
19440002000	303692
19470002000	177117
19500002000	203604
19530002000	205648
19560002000	222214
19590002000	131948
19620002000	131309
19650002000	298745
19680002000	130770
19710002000	234259
19740002000	181608
19770002000	203345
19800002000	259752
19830002000	204572
19860002000	194777
19890002000	175956
19920002000	199647
19950002000	291913
19980002000	248839
20010002000	24968236
20040002000	29739954
20070002000	26751021
20100002000	23234550
20130002000	19059089
20160002000	15068931
20190002000	11666306
20220002000	7920090
20250002000	23358378
20280002000	19296245
20310002000	21603233
20340002000	17672283
20370002000	13799361
20400002000	10155871
20430002000	26712396
20460002000	25258370
20490002000	22535475
20520002000	27813062
20550002000	26255273
20580002000	24946016
20610002000	23528369
20640002000	22446458
20670002000	21114148
20700002000	19600899
20730002000	19986999
20760002000	19315441
20790002000	18538276
20820002000	17562432
20850002000	16816923
20880002000	16385336
20910002000	15867547
20940002000	15626625
20970002000	15821612
21000002000	16558654
21030002000	16374417
21060002000	15836903
21090002000	15726226
21120002000	15805394
21150002000	16164628
21180002000	16513595
21210002000	17319455
21240002000	18013060
21270002000	19881945
21300002000	20821699
21330002000	21687663
21360002000	22563244
21390002000	23194339
21420002000	24391648
21450002000	25621876
21480002000	27123141
21510002000	29811639
21540002000	31756988
21570002000	24143015
21600002000	26156785
21630002000	29468121
21660002000	32366422
21690002000	12028614
21720002000	14869557
21750002000	17431591
21780002000	21948934
21810002000	24768135
21840002000	27790813
21870002000	30387561
21900002000	23685306
21930002000	26525169
21960002000	29464940
21990002000	32767913
22020002000	12665874
22050002000	17174264
22080002000	20952243
22110002000	24500946
22140002000	28088692
22170002000	31839238
22200002000	25326192
22230002000	29522742
22260002000	34001011
22290002000	15053408
22320002000	20457422
22350002000	25426395
22380002000	30170241
22410002000	24199675
22440002000	29052013
22470002000	33799619
22500002000	14460859
22530002000	19298838
22560002000	25711768
22590002000	31269192
22620002000	25255842
22650002000	30403829
22680002000	11430788
22710002000	17041683
22740002000	22740026
22770002000	29117534
22800002000	35637344
22830002000	31317089
22860002000	12971236
22890002000	18783445
22920002000	24399514
22950002000	30192391
22980002000	24642839
23010002000	30366508
23040002000	11659875
23070002000	17987525
23100002000	24639936
23130002000	31009346
23160002000	25325127
23190002000	31484208
23220002000	13164356
23250002000	19401161
23280002000	26463335
23310002000	32944314
23340002000	29083324
23370002000	36501865
23400002000	18593427
23430002000	26017530
23460002000	33510630
23490002000	29091309
23520002000	36941496
23550002000	19407177
23580002000	27384890
23610002000	37470876
23640002000	33473641
23670002000	16242247
23700002000	24167632
23730002000	32469264
23760002000	28584566
23790002000	37572131
23820002000	20470913
23850002000	30309951
23880002000	27586595
23910002000	37661157
23940002000	21006258
23970002000	30706839
24000002000	27352963
24030002000	46645720
24060002000	35524473
24090002000	37312639
24120002000	25661541
24150002000	45828629
24180002000	46237955
24210002000	33320081
24240002000	32974166
24270002000	19062311
24300002000	7077058
24330002000	340890
24360002000	425259
24390002000	311036
24420002000	279690
24450002000	469264
24480002000	397551
24510002000	336288
24540002000	311292
24570002000	415474
24600002000	372536
24630002000	481090
24660002000	280518
24690002000	313146
24720002000	331654
24750002000	396910
24780002000	410199
24810002000	342891
24840002000	341559
24870002000	371370
24900002000	408013
24930002000	459654
24960002000	294686
24990002000	289644
25020002000	257602
25050002000	283589
25080002000	401408
25110002000	294359
25140002000	295699
25170002000	431058
25200002000	330522
25230002000	345204
25260002000	409896
25290002000	455537
25320002000	443359
25350002000	228050
25380002000	468512
25410002000	356327
25440002000	405376
25470002000	407556
25500002000	333421
25530002000	255092
25560002000	254423
25590002000	233865
25620002000	241380
25650002000	398234
25680002000	431540
25710002000	321720
25740002000	258609
25770002000	465352
25800002000	245785
25830002000	437625
25860002000	390433
25890002000	258777
25920002000	414673
25950002000	398423
25980002000	370799
26010002000	355337
26040002000	303446
26070002000	406246
26100002000	243508
26130002000	238519
26160002000	353026
26190002000	428733
26220002000	326867
26250002000	313333
26280002000	450582
26310002000	239099
26340002000	428726
26370002000	279237
26400002000	356800
26430002000	296900
26460002000	485997
26490002000	287889
26520002000	365430
26550002000	338093
26580002000	292149
26610002000	358155
26640002000	452006
26670002000	284617
26700002000	413302
26730002000	398364
26760002000	414098
26790002000	376233
26820002000	279333
26850002000	256929
26880002000	249950
26910002000	293472
26940002000	490304
26970002000	370412
27000002000	342899
27030002000	404387
27060002000	425221
27090002000	465693
27120002000	439210
27150002000	384862
27180002000	398437
27210002000	392409
27240002000	439375
27270002000	253525
27300002000	352284
27330002000	373379
27360002000	301272
27390002000	327187
27420002000	254767
27450002000	415352
27480002000	361619
27510002000	283202
27540002000	289796
27570002000	241687
27600002000	283315
27630002000	432597
27660002000	403832
27690002000	384147
27720002000	317590
27750002000	388052
27780002000	430440
27810002000	282108
27840002000	428798
27870002000	251585
27900002000	419268
27930002000	463586
27960002000	412579
27990002000	334373
28020002000	346304
28050002000	1483096
28080002000	294870
28110002000	395929
28140002000	265481
28170002000	333122
28200002000	236809
28230002000	424382
28260002000	268553
28290002000	261260
28320002000	365996
28350002000	441591
28380002000	364868
28410002000	370791
28440002000	318526
28470002000	430660
28500002000	350118
28530002000	468210
28560002000	354035
28590002000	447243
28620002000	413296
28650002000	308423
28680002000	271557
28710002000	262184
28740002000	316915
28770002000	276402
28800002000	341991
28830002000	249485
28860002000	268836
28890002000	342053
28920002000	353747
28950002000	242220
28980002000	445301
29010002000	322554
29040002000	374108
29070002000	319225
29100002000	857676
29130002000	418783
29160002000	246741
29190002000	289218
29220002000	252484
29250002000	267544
29280002000	348130
29310002000	335264
29340002000	436435
29370002000	442653
29400002000	453667
29430002000	315716
29460002000	388466
29490002000	402430
29520002000	349242
29550002000	420161
29580002000	347400
29610002000	377208
29640002000	279579
29670002000	309303
29700002000	313676
29730002000	461913
29760002000	354969
29790002000	412331
29820002000	334766
29850002000	453525
29880002000	356296
29910002000	420818
29940002000	272891
29970002000	247998
