20000	9684022
30020000	135341
60020000	47476
90020000	166213
120020000	155991
150020000	57135
180020000	50579
210020000	146774
240020000	179431
270020000	118666
300020000	127623
330020000	170171
360020000	60032
390020000	54276
420020000	58691
450020000	74938
480020000	53343
510020000	37826
540020000	23869
570020000	40217
600020000	19013
630020000	18074
660020000	69436
690020000	55231
720020000	76360
750020000	28067
780020000	20700
810020000	82370
840020000	23143
870020000	24919
900020000	82208
930020000	35584
960020000	15807
990020000	23797
1020020000	82504
1050020000	58201
1080020000	47995
1110020000	54772
1140020000	79608
1170020000	44644
1200020000	75420
1230020000	24357
1260020000	24409
1290020000	16519
1320020000	34691
1350020000	18122
1380020000	19530
1410020000	29146
1440020000	26313
1470020000	20387
1500020000	19869
1530020000	52545
1560020000	32167
1590020000	18426
1620020000	55353
1650020000	44348
1680020000	16763
1710020000	87829
1740020000	39415
1770020000	24173
1800020000	21591
1830020000	84015
1860020000	39656
1890020000	18621
1920020000	73823
1950020000	38156
1980020000	19957
2010020000	42070
2040020000	71569
2070020000	74419
2100020000	29189
2130020000	20428
2160020000	59368
2190020000	86970
2220020000	16355
2250020000	34247
2280020000	17211
2310020000	24319
2340020000	24322
2370020000	22902
2400020000	27217
2430020000	33031
2460020000	18651
2490020000	34338
2520020000	23511
2550020000	29426
2580020000	88442
2610020000	84306
2640020000	76083
2670020000	22731
2700020000	27560
2730020000	79732
2760020000	17966
2790020000	36438
2820020000	24075
2850020000	40791
2880020000	20332
2910020000	74442
2940020000	80421
2970020000	21075
3000020000	36267
3030020000	23419
3060020000	42616
3090020000	18880
3120020000	23616
3150020000	31186
3180020000	27857
3210020000	22768
3240020000	18916
3270020000	17213
3300020000	29015
3330020000	83182
3360020000	26757
3390020000	26744
3420020000	20462
3450020000	54814
3480020000	60610
3510020000	41006
3540020000	84131
3570020000	32253
3600020000	69933
3630020000	38366
3660020000	76834
3690020000	34337
3720020000	59747
3750020000	75515
3780020000	19284
3810020000	59115
3840020000	22746
3870020000	69813
3900020000	25694
3930020000	21709
3960020000	58085
3990020000	33532
4020020000	18805
4050020000	80730
4080020000	16431
4110020000	55920
4140020000	23928
4170020000	24267
4200020000	55288
4230020000	31647
4260020000	18998
4290020000	22091
4320020000	22666
4350020000	31502
4380020000	23838
4410020000	65256
4440020000	70289
4470020000	22540
4500020000	21486
4530020000	56648
4560020000	30116
4590020000	22040
4620020000	79105
4650020000	68911
4680020000	79926
4710020000	34717
4740020000	82162
4770020000	30867
4800020000	28035
4830020000	25011
4860020000	24855
4890020000	75436
4920020000	44675
4950020000	23503
4980020000	20034
5010020000	24220
5040020000	18335
5070020000	34662
5100020000	29940
5130020000	40101
5160020000	84648
5190020000	32065
5220020000	21473
5250020000	57454
5280020000	31137
5310020000	77211
5340020000	18500
5370020000	20128
5400020000	21995
5430020000	24793
5460020000	20289
5490020000	26397
5520020000	22892
5550020000	83682
5580020000	22031
5610020000	53555
5640020000	74722
5670020000	17701
5700020000	21024
5730020000	84085
5760020000	17023
5790020000	81237
5820020000	24292
5850020000	81127
5880020000	18079
5910020000	38967
5940020000	73434
5970020000	45950
6000020000	76488
6030020000	27859
6060020000	22700
6090020000	19490
6120020000	18331
6150020000	19250
6180020000	45193
6210020000	21444
6240020000	79805
6270020000	19415
6300020000	18964
6330020000	57824
6360020000	18164
6390020000	30331
6420020000	81062
6450020000	83565
6480020000	26250
6510020000	23553
6540020000	20124
6570020000	69647
6600020000	28537
6630020000	42873
6660020000	52859
6690020000	20248
6720020000	18873
6750020000	23894
6780020000	24611
6810020000	32091
6840020000	24409
6870020000	82756
6900020000	21060
6930020000	64011
6960020000	18323
6990020000	62185
7020020000	30585
7050020000	30442
7080020000	74063
7110020000	19312
7140020000	19090
7170020000	17068
7200020000	17345
7230020000	54752
7260020000	53496
7290020000	70109
7320020000	75368
7350020000	21253
7380020000	57793
7410020000	51644
7440020000	33105
7470020000	16292
7500020000	22479
7530020000	17171
7560020000	20570
7590020000	76752
7620020000	23204
7650020000	47046
7680020000	38557
7710020000	58002
7740020000	41107
7770020000	23202
7800020000	20068
7830020000	17115
7860020000	78237
7890020000	60388
7920020000	24226
7950020000	17216
7980020000	18912
8010020000	24545
8040020000	17418
8070020000	71876
8100020000	80595
8130020000	22647
8160020000	66956
8190020000	35726
8220020000	58080
8250020000	24723
8280020000	77689
8310020000	24760
8340020000	74381
8370020000	76033
8400020000	18213
8430020000	53311
8460020000	24808
8490020000	71767
8520020000	15973
8550020000	18190
8580020000	15765
8610020000	16433
8640020000	24000
8670020000	18686
8700020000	24948
8730020000	84102
8760020000	20731
8790020000	80617
8820020000	40251
8850020000	16469
8880020000	28835
8910020000	52006
8940020000	23402
8970020000	58749
9000020000	77669
9030020000	19281
9060020000	23735
9090020000	18372
9120020000	31548
9150020000	22810
9180020000	30973
9210020000	39164
9240020000	38974
9270020000	27333
9300020000	26106
9330020000	22967
9360020000	61682
9390020000	27129
9420020000	76660
9450020000	83274
9480020000	16149
9510020000	35590
9540020000	75203
9570020000	75741
9600020000	35365
9630020000	88683
9660020000	20923
9690020000	27515
9720020000	19073
9750020000	19049
9780020000	70623
9810020000	45387
9840020000	38947
9870020000	22445
9900020000	30373
9930020000	16299
9960020000	22265
9990020000	17800
10020020000	54133
10050020000	78689
10080020000	78017
10110020000	133335
10140020000	56999
10170020000	91862
10200020000	23819
10230020000	126655
10260020000	88703
10290020000	103464
10320020000	95035
10350020000	101306
10380020000	146375
10410020000	95970
10440020000	99046
10470020000	98037
10500020000	60795
10530020000	98481
10560020000	111988
10590020000	104835
10620020000	120784
10650020000	134765
10680020000	79685
10710020000	114613
10740020000	50313
10770020000	47961
10800020000	93249
10830020000	58908
10860020000	78729
10890020000	63309
10920020000	91441
10950020000	19168
10980020000	113316
11010020000	111395
11040020000	62517
11070020000	91495
11100020000	109544
11130020000	65519
11160020000	86133
11190020000	112634
11220020000	93638
11250020000	86902
11280020000	94130
11310020000	95622
11340020000	101449
11370020000	104114
11400020000	65710
11430020000	108872
11460020000	76270
11490020000	57172
11520020000	98925
11550020000	112022
11580020000	89302
11610020000	92331
11640020000	92478
11670020000	55920
11700020000	60264
11730020000	82536
11760020000	70894
11790020000	78822
11820020000	64793
11850020000	117376
11880020000	42861
11910020000	57584
11940020000	105892
11970020000	113508
12000020000	101071
12030020000	56080
12060020000	86515
12090020000	90119
12120020000	134238
12150020000	99539
12180020000	66092
12210020000	78447
12240020000	93999
12270020000	112004
12300020000	133534
12330020000	72847
12360020000	65453
12390020000	89596
12420020000	97671
12450020000	62316
12480020000	114866
12510020000	117301
12540020000	120862
12570020000	78620
12600020000	86495
12630020000	80710
12660020000	109262
12690020000	95419
12720020000	49229
12750020000	101874
12780020000	119593
12810020000	91616
12840020000	119008
12870020000	62867
12900020000	89617
12930020000	109530
12960020000	86309
12990020000	78973
13020020000	104250
13050020000	122342
13080020000	111384
13110020000	65758
13140020000	101627
13170020000	92056
13200020000	82950
13230020000	76324
13260020000	91012
13290020000	88877
13320020000	81576
13350020000	102645
13380020000	48500
13410020000	84182
13440020000	104600
13470020000	102045
13500020000	101485
13530020000	121102
13560020000	102592
13590020000	113034
13620020000	108677
13650020000	96643
13680020000	99297
13710020000	87281
13740020000	30733
13770020000	116621
13800020000	71252
13830020000	93455
13860020000	105617
13890020000	62617
13920020000	96928
13950020000	106157
13980020000	72963
14010020000	65402
14040020000	106788
14070020000	35617
14100020000	79500
14130020000	76112
14160020000	106469
14190020000	118805
14220020000	71538
14250020000	133804
14280020000	97143
14310020000	28185
14340020000	126664
14370020000	137162
14400020000	80924
14430020000	81445
14460020000	71234
14490020000	106516
14520020000	65374
14550020000	125770
14580020000	105631
14610020000	66111
14640020000	104017
14670020000	105158
14700020000	136946
14730020000	83787
14760020000	131901
14790020000	79195
14820020000	91810
14850020000	110730
14880020000	32026
14910020000	111552
14940020000	95271
14970020000	126285
15000020000	89835
15030020000	60307
15060020000	97645
15090020000	46603
15120020000	78799
15150020000	66282
15180020000	112239
15210020000	89185
15240020000	68811
15270020000	128639
15300020000	20056
15330020000	73218
15360020000	37792
15390020000	66246
15420020000	104654
15450020000	130065
15480020000	87639
15510020000	100042
15540020000	85250
15570020000	117100
15600020000	84336
15630020000	110937
15660020000	50788
15690020000	118344
15720020000	81131
15750020000	100624
15780020000	113652
15810020000	94648
15840020000	107531
15870020000	69335
15900020000	96298
15930020000	85966
15960020000	68268
15990020000	131327
16020020000	146294
16050020000	78314
16080020000	90232
16110020000	94907
16140020000	71360
16170020000	62897
16200020000	70888
16230020000	100277
16260020000	99795
16290020000	93669
16320020000	57267
16350020000	92122
16380020000	127211
16410020000	127146
16440020000	107032
16470020000	62094
16500020000	69487
16530020000	95509
16560020000	54503
16590020000	96049
16620020000	102045
16650020000	140423
16680020000	106196
16710020000	65053
16740020000	97784
16770020000	52092
16800020000	120119
16830020000	90650
16860020000	97244
16890020000	92923
16920020000	127518
16950020000	83573
16980020000	85954
17010020000	137420
17040020000	88269
17070020000	101730
17100020000	108414
17130020000	64286
17160020000	83743
17190020000	93670
17220020000	53298
17250020000	119476
17280020000	121689
17310020000	73494
17340020000	103710
17370020000	124820
17400020000	35345
17430020000	127594
17460020000	66373
17490020000	98265
17520020000	70199
17550020000	105255
17580020000	68403
17610020000	60741
17640020000	95140
17670020000	110877
17700020000	129464
17730020000	123051
17760020000	104534
17790020000	125531
17820020000	123098
17850020000	79238
17880020000	85527
17910020000	54447
17940020000	26438
17970020000	127389
18000020000	102685
18030020000	82464
18060020000	124879
18090020000	106670
18120020000	140156
18150020000	128284
18180020000	130679
18210020000	77301
18240020000	111625
18270020000	127082
18300020000	130000
18330020000	103328
18360020000	131991
18390020000	118204
18420020000	91264
18450020000	93819
18480020000	87244
18510020000	113674
18540020000	19317
18570020000	100421
18600020000	86383
18630020000	88108
18660020000	67009
18690020000	97522
18720020000	121170
18750020000	83987
18780020000	78970
18810020000	117270
18840020000	92051
18870020000	109112
18900020000	37599
18930020000	90584
18960020000	36331
18990020000	91437
19020020000	121159
19050020000	95614
19080020000	127566
19110020000	31370
19140020000	61814
19170020000	133349
19200020000	70453
19230020000	94405
19260020000	93165
19290020000	132947
19320020000	50747
19350020000	23497
19380020000	58744
19410020000	38029
19440020000	81874
19470020000	94622
19500020000	119567
19530020000	110919
19560020000	94036
19590020000	87227
19620020000	108477
19650020000	110570
19680020000	88406
19710020000	63167
19740020000	76729
19770020000	71336
19800020000	98352
19830020000	79551
19860020000	126278
19890020000	67468
19920020000	127746
19950020000	80981
19980020000	98228
20010020000	236768
20040020000	21095
20070020000	79213
20100020000	40038
20130020000	39149
20160020000	25906
20190020000	21171
20220020000	90268
20250020000	81900
20280020000	76398
20310020000	24491
20340020000	75680
20370020000	24771
20400020000	31138
20430020000	16571
20460020000	20161
20490020000	19768
20520020000	62161
20550020000	36304
20580020000	18491
20610020000	18269
20640020000	79425
20670020000	73058
20700020000	19488
20730020000	17974
20760020000	88484
20790020000	18802
20820020000	19034
20850020000	19065
20880020000	22664
20910020000	19693
20940020000	17113
20970020000	62400
21000020000	21871
21030020000	21478
21060020000	23281
21090020000	78086
21120020000	21971
21150020000	16453
21180020000	20365
21210020000	75534
21240020000	27332
21270020000	82624
21300020000	16963
21330020000	22869
21360020000	28723
21390020000	24659
21420020000	66997
21450020000	23650
21480020000	35448
21510020000	28796
21540020000	16213
21570020000	49774
21600020000	22285
21630020000	19618
21660020000	20732
21690020000	19480
21720020000	22200
21750020000	27235
21780020000	76977
21810020000	58185
21840020000	36641
21870020000	20467
21900020000	22483
21930020000	56774
21960020000	57069
21990020000	78250
22020020000	84435
22050020000	77935
22080020000	21556
22110020000	19781
22140020000	23527
22170020000	58953
22200020000	77361
22230020000	55040
22260020000	70338
22290020000	63066
22320020000	24203
22350020000	72039
22380020000	81441
22410020000	24735
22440020000	21658
22470020000	78730
22500020000	25122
22530020000	55015
22560020000	78560
22590020000	32573
22620020000	78483
22650020000	79068
22680020000	59322
22710020000	79677
22740020000	15821
22770020000	81665
22800020000	22192
22830020000	75211
22860020000	16937
22890020000	29009
22920020000	26546
22950020000	23879
22980020000	44182
23010020000	60834
23040020000	17257
23070020000	16860
23100020000	34998
23130020000	20473
23160020000	80288
23190020000	73503
23220020000	37236
23250020000	31510
23280020000	25852
23310020000	34955
23340020000	50030
23370020000	75884
23400020000	78392
23430020000	58763
23460020000	24451
23490020000	22125
23520020000	20997
23550020000	54992
23580020000	21265
23610020000	23665
23640020000	37055
23670020000	78218
23700020000	15958
23730020000	29492
23760020000	17065
23790020000	21809
23820020000	73377
23850020000	30760
23880020000	23843
23910020000	28330
23940020000	37806
23970020000	61361
24000020000	19332
24030020000	20825
24060020000	18682
24090020000	19762
24120020000	41702
24150020000	19737
24180020000	27258
24210020000	53210
24240020000	34599
24270020000	79683
24300020000	78927
24330020000	32090
24360020000	20221
24390020000	55217
24420020000	16088
24450020000	35146
24480020000	49623
24510020000	43154
24540020000	19111
24570020000	43275
24600020000	82299
24630020000	60126
24660020000	26857
24690020000	18530
24720020000	24341
24750020000	74282
24780020000	17075
24810020000	25133
24840020000	49987
24870020000	22114
24900020000	58169
24930020000	19335
24960020000	21680
24990020000	17683
25020020000	24537
25050020000	25791
25080020000	16036
25110020000	20401
25140020000	43773
25170020000	22839
25200020000	23495
25230020000	22792
25260020000	21556
25290020000	21417
25320020000	17191
25350020000	23868
25380020000	16345
25410020000	38055
25440020000	44880
25470020000	25447
25500020000	37997
25530020000	28954
25560020000	25092
25590020000	84130
25620020000	17914
25650020000	15820
25680020000	20254
25710020000	24557
25740020000	91545
25770020000	22148
25800020000	16360
25830020000	17304
25860020000	38615
25890020000	85913
25920020000	24229
25950020000	16859
25980020000	23056
26010020000	75862
26040020000	31583
26070020000	96085
26100020000	18712
26130020000	22948
26160020000	21126
26190020000	17674
26220020000	24730
26250020000	73037
26280020000	89799
26310020000	17077
26340020000	20461
26370020000	16403
26400020000	23959
26430020000	26092
26460020000	19392
26490020000	22445
26520020000	27608
26550020000	88434
26580020000	22105
26610020000	21693
26640020000	19239
26670020000	17626
26700020000	40422
26730020000	38820
26760020000	78779
26790020000	16251
26820020000	22997
26850020000	23486
26880020000	19786
26910020000	15842
26940020000	56178
26970020000	19239
27000020000	20085
27030020000	27795
27060020000	16783
27090020000	23020
27120020000	74457
27150020000	75574
27180020000	86166
27210020000	21125
27240020000	18478
27270020000	16446
27300020000	77047
27330020000	16276
27360020000	30940
27390020000	32351
27420020000	17038
27450020000	20712
27480020000	71218
27510020000	22007
27540020000	75632
27570020000	42480
27600020000	16873
27630020000	86878
27660020000	24880
27690020000	17944
27720020000	18493
27750020000	24140
27780020000	19218
27810020000	22032
27840020000	18039
27870020000	38403
27900020000	24638
27930020000	16132
27960020000	31654
27990020000	29149
28020020000	23169
28050020000	34578
28080020000	27009
28110020000	76884
28140020000	22337
28170020000	77355
28200020000	24587
28230020000	25189
28260020000	19723
28290020000	51508
28320020000	77634
28350020000	17394
28380020000	21850
28410020000	28236
28440020000	16975
28470020000	65193
28500020000	30188
28530020000	28957
28560020000	74119
28590020000	29254
28620020000	78834
28650020000	61738
28680020000	80941
28710020000	22164
28740020000	23497
28770020000	41823
28800020000	21426
28830020000	72965
28860020000	18092
28890020000	18846
28920020000	53270
28950020000	20722
28980020000	22395
29010020000	19543
29040020000	16964
29070020000	79408
29100020000	35081
29130020000	22139
29160020000	41464
29190020000	22152
29220020000	25580
29250020000	29678
29280020000	61436
29310020000	25184
29340020000	28509
29370020000	16452
29400020000	16896
29430020000	80265
29460020000	59094
29490020000	16225
29520020000	29922
29550020000	32822
29580020000	25883
29610020000	35658
29640020000	17857
29670020000	84959
29700020000	24535
29730020000	80414
29760020000	84273
29790020000	36555
29820020000	16632
29850020000	23701
29880020000	24888
29910020000	21280
29940020000	33914
29970020000	29030
