20000	4618814
30020000	90223
60020000	35110
90020000	42152
120020000	22554
150020000	21878
180020000	41198
210020000	73008
240020000	22711
270020000	26736
300020000	26372
330020000	32614
360020000	21971
390020000	49082
420020000	68654
450020000	95125
480020000	37513
510020000	55525
540020000	27590
570020000	24408
600020000	75460
630020000	35509
660020000	77896
690020000	19188
720020000	25448
750020000	35915
780020000	45398
810020000	53895
840020000	79591
870020000	84133
900020000	50016
930020000	40537
960020000	43032
990020000	17887
1020020000	47518
1050020000	29628
1080020000	33963
1110020000	78006
1140020000	74509
1170020000	15962
1200020000	80109
1230020000	79853
1260020000	77927
1290020000	27939
1320020000	57230
1350020000	30409
1380020000	58386
1410020000	40050
1440020000	24902
1470020000	84030
1500020000	17507
1530020000	42517
1560020000	26720
1590020000	35802
1620020000	91748
1650020000	48832
1680020000	80382
1710020000	81804
1740020000	78405
1770020000	61099
1800020000	32525
1830020000	46322
1860020000	58963
1890020000	87498
1920020000	40373
1950020000	18052
1980020000	25003
2010020000	22606
2040020000	22402
2070020000	82906
2100020000	34934
2130020000	82638
2160020000	88011
2190020000	83161
2220020000	50886
2250020000	60642
2280020000	25102
2310020000	55097
2340020000	64705
2370020000	87443
2400020000	58803
2430020000	22835
2460020000	81239
2490020000	42806
2520020000	79024
2550020000	61370
2580020000	31647
2610020000	34263
2640020000	24945
2670020000	88701
2700020000	25184
2730020000	93373
2760020000	84131
2790020000	85918
2820020000	23537
2850020000	39107
2880020000	69882
2910020000	56659
2940020000	19555
2970020000	55903
3000020000	76406
3030020000	57701
3060020000	59677
3090020000	28086
3120020000	23129
3150020000	42115
3180020000	83305
3210020000	34017
3240020000	26379
3270020000	26738
3300020000	33560
3330020000	66302
3360020000	50872
3390020000	78810
3420020000	29163
3450020000	83490
3480020000	65701
3510020000	76643
3540020000	88099
3570020000	82355
3600020000	66742
3630020000	44402
3660020000	62340
3690020000	47585
3720020000	25394
3750020000	33565
3780020000	79118
3810020000	63232
3840020000	79331
3870020000	27908
3900020000	86770
3930020000	61934
3960020000	33831
3990020000	23095
4020020000	31368
4050020000	30774
4080020000	28323
4110020000	63866
4140020000	81701
4170020000	44077
4200020000	45124
4230020000	64460
4260020000	69065
4290020000	53371
4320020000	90309
4350020000	22474
4380020000	26289
4410020000	81332
4440020000	51794
4470020000	16470
4500020000	60372
4530020000	94601
4560020000	93907
4590020000	22270
4620020000	89587
4650020000	86136
4680020000	62637
4710020000	25817
4740020000	31082
4770020000	22173
4800020000	71248
4830020000	90423
4860020000	35361
4890020000	77353
4920020000	35172
4950020000	21598
4980020000	34052
5010020000	22193
5040020000	61491
5070020000	53264
5100020000	73498
5130020000	57741
5160020000	84577
5190020000	75105
5220020000	26617
5250020000	37131
5280020000	83114
5310020000	62555
5340020000	20928
5370020000	80510
5400020000	61378
5430020000	85441
5460020000	33559
5490020000	75795
5520020000	82276
5550020000	87272
5580020000	19752
5610020000	25768
5640020000	76867
5670020000	76713
5700020000	51178
5730020000	31414
5760020000	84324
5790020000	73520
5820020000	91540
5850020000	21648
5880020000	73223
5910020000	40886
5940020000	32466
5970020000	87103
6000020000	33055
6030020000	16698
6060020000	23951
6090020000	76648
6120020000	28203
6150020000	53869
6180020000	81882
6210020000	61966
6240020000	18132
6270020000	84007
6300020000	46300
6330020000	28156
6360020000	66233
6390020000	50535
6420020000	96201
6450020000	32953
6480020000	33850
6510020000	87408
6540020000	25570
6570020000	84007
6600020000	36711
6630020000	28957
6660020000	41267
6690020000	84605
6720020000	34471
6750020000	126508
6780020000	81572
6810020000	29617
6840020000	29102
6870020000	31080
6900020000	32022
6930020000	81442
6960020000	52591
6990020000	96371
7020020000	40745
7050020000	20706
7080020000	61156
7110020000	22695
7140020000	76477
7170020000	22645
7200020000	28356
7230020000	68083
7260020000	48763
7290020000	44874
7320020000	20554
7350020000	91380
7380020000	86480
7410020000	37640
7440020000	42444
7470020000	44978
7500020000	82489
7530020000	19543
7560020000	24139
7590020000	59238
7620020000	80901
7650020000	25943
7680020000	86290
7710020000	33603
7740020000	89137
7770020000	79618
7800020000	86282
7830020000	42323
7860020000	26824
7890020000	26205
7920020000	29020
7950020000	91484
7980020000	47697
8010020000	61381
8040020000	41425
8070020000	72344
8100020000	78860
8130020000	41554
8160020000	78520
8190020000	63770
8220020000	41535
8250020000	89773
8280020000	20881
8310020000	21815
8340020000	88042
8370020000	30810
8400020000	46967
8430020000	19607
8460020000	45603
8490020000	95859
8520020000	272568
8550020000	22525
8580020000	76266
8610020000	80644
8640020000	19330
8670020000	91701
8700020000	37977
8730020000	56007
8760020000	84824
8790020000	20972
8820020000	35162
8850020000	40956
8880020000	50231
8910020000	62973
8940020000	50907
8970020000	31090
9000020000	81428
9030020000	154162
9060020000	40187
9090020000	27003
9120020000	40408
9150020000	80242
9180020000	64501
9210020000	62022
9240020000	37699
9270020000	39759
9300020000	88048
9330020000	50545
9360020000	95832
9390020000	52391
9420020000	17709
9450020000	75756
9480020000	31174
9510020000	49892
9540020000	27643
9570020000	22168
9600020000	73194
9630020000	34275
9660020000	21916
9690020000	59816
9720020000	23491
9750020000	67332
9780020000	87509
9810020000	27544
9840020000	55573
9870020000	67082
9900020000	22068
9930020000	63473
9960020000	20283
9990020000	26356
10020020000	393736553
10050020000	363736553
10080020000	333736553
10110020000	303736553
10140020000	273736553
10170020000	243736553
10200020000	213736553
10230020000	183736553
10260020000	153736553
10290020000	123736553
10320020000	93736553
10350020000	63736553
10380020000	33736553
10410020000	5494698
10440020000	63171
10470020000	100950
10500020000	89436
10530020000	131699
10560020000	128423
10590020000	106967
10620020000	101067
10650020000	124026
10680020000	33469
10710020000	59572
10740020000	116963
10770020000	123093
10800020000	71067
10830020000	93283
10860020000	107927
10890020000	107197
10920020000	117556
10950020000	98959
10980020000	126443
11010020000	119655
11040020000	94933
11070020000	65107
11100020000	105546
11130020000	69614
11160020000	91969
11190020000	110870
11220020000	68183
11250020000	63528
11280020000	89490
11310020000	114506
11340020000	138983
11370020000	101492
11400020000	121202
11430020000	97594
11460020000	92025
11490020000	139009
11520020000	67673
11550020000	130564
11580020000	81234
11610020000	109777
11640020000	69941
11670020000	86347
11700020000	139089
11730020000	128893
11760020000	112589
11790020000	84086
11820020000	90431
11850020000	86656
11880020000	95255
11910020000	129399
11940020000	98920
11970020000	110953
12000020000	90041
12030020000	79635
12060020000	127555
12090020000	47844
12120020000	118426
12150020000	112745
12180020000	86147
12210020000	65375
12240020000	135153
12270020000	117291
12300020000	59261
12330020000	41960
12360020000	72014
12390020000	103176
12420020000	92549
12450020000	105849
12480020000	71815
12510020000	87308
12540020000	74492
12570020000	99075
12600020000	145650
12630020000	35738
12660020000	131987
12690020000	131116
12720020000	116672
12750020000	119349
12780020000	62113
12810020000	85351
12840020000	91966
12870020000	62103
12900020000	98054
12930020000	69774
12960020000	133516
12990020000	88161
13020020000	120562
13050020000	54785
13080020000	111716
13110020000	128963
13140020000	132605
13170020000	101576
13200020000	122902
13230020000	92901
13260020000	76213
13290020000	142914
13320020000	84585
13350020000	77978
13380020000	103569
13410020000	115867
13440020000	106264
13470020000	120377
13500020000	89241
13530020000	119551
13560020000	135559
13590020000	125277
13620020000	62817
13650020000	145804
13680020000	88750
13710020000	103551
13740020000	133767
13770020000	84941
13800020000	104512
13830020000	136117
13860020000	86492
13890020000	79183
13920020000	104271
13950020000	125090
13980020000	122356
14010020000	120907
14040020000	96382
14070020000	61317
14100020000	98846
14130020000	64054
14160020000	129806
14190020000	110621
14220020000	133340
14250020000	136730
14280020000	120548
14310020000	136114
14340020000	97709
14370020000	136411
14400020000	135842
14430020000	71437
14460020000	141781
14490020000	61902
14520020000	109096
14550020000	94311
14580020000	130739
14610020000	134218
14640020000	118801
14670020000	74262
14700020000	83036
14730020000	111641
14760020000	83893
14790020000	88508
14820020000	116474
14850020000	100740
14880020000	74022
14910020000	112609
14940020000	81528
14970020000	98266
15000020000	106180
15030020000	82780
15060020000	115086
15090020000	125819
15120020000	63535
15150020000	113896
15180020000	111950
15210020000	82558
15240020000	94577
15270020000	89589
15300020000	116292
15330020000	132455
15360020000	134911
15390020000	57682
15420020000	89554
15450020000	125324
15480020000	102870
15510020000	86116
15540020000	100056
15570020000	127358
15600020000	90071
15630020000	129378
15660020000	123441
15690020000	81255
15720020000	123686
15750020000	139265
15780020000	104781
15810020000	97734
15840020000	51992
15870020000	131440
15900020000	81782
15930020000	129436
15960020000	127810
15990020000	116679
16020020000	80388
16050020000	115766
16080020000	99489
16110020000	83383
16140020000	108894
16170020000	89877
16200020000	122677
16230020000	106885
16260020000	81556
16290020000	93968
16320020000	29908
16350020000	91259
16380020000	88922
16410020000	98893
16440020000	113884
16470020000	97492
16500020000	131675
16530020000	126421
16560020000	81744
16590020000	69310
16620020000	58756
16650020000	74846
16680020000	69116
16710020000	79409
16740020000	86291
16770020000	101313
16800020000	81770
16830020000	94492
16860020000	127242
16890020000	127239
16920020000	63902
16950020000	111211
16980020000	60886
17010020000	46189
17040020000	102162
17070020000	107235
17100020000	73923
17130020000	139741
17160020000	106291
17190020000	115328
17220020000	119088
17250020000	37387
17280020000	52870
17310020000	121250
17340020000	113457
17370020000	67010
17400020000	105511
17430020000	126045
17460020000	78232
17490020000	96714
17520020000	112983
17550020000	92912
17580020000	128183
17610020000	145547
17640020000	112377
17670020000	87753
17700020000	73923
17730020000	127501
17760020000	135236
17790020000	105794
17820020000	85889
17850020000	96032
17880020000	109032
17910020000	115524
17940020000	95348
17970020000	117993
18000020000	61432
18030020000	27239
18060020000	100461
18090020000	83236
18120020000	133338
18150020000	105441
18180020000	69720
18210020000	70968
18240020000	117489
18270020000	58633
18300020000	54491
18330020000	103434
18360020000	96927
18390020000	127530
18420020000	139442
18450020000	53664
18480020000	131465
18510020000	116318
18540020000	54726
18570020000	67893
18600020000	84078
18630020000	114301
18660020000	83512
18690020000	109324
18720020000	64578
18750020000	78106
18780020000	123314
18810020000	104767
18840020000	99670
18870020000	110551
18900020000	134017
18930020000	91660
18960020000	69455
18990020000	88058
19020020000	116443
19050020000	111148
19080020000	95929
19110020000	86949
19140020000	68262
19170020000	85689
19200020000	137512
19230020000	65578
19260020000	117775
19290020000	124966
19320020000	96315
19350020000	58478
19380020000	140855
19410020000	76047
19440020000	88977
19470020000	60003
19500020000	112572
19530020000	123982
19560020000	80843
19590020000	110566
19620020000	87266
19650020000	92898
19680020000	113042
19710020000	121874
19740020000	130305
19770020000	96206
19800020000	127689
19830020000	100278
19860020000	126479
19890020000	135041
19920020000	103001
19950020000	119628
19980020000	120341
20010020000	1858888
20040020000	562170
20070020000	571696
20100020000	910694
20130020000	1461976
20160020000	1458704
20190020000	1651816
20220020000	1521779
20250020000	32619
20280020000	40779
20310020000	74717
20340020000	43469
20370020000	31633
20400020000	88318
20430020000	74041
20460020000	80971
20490020000	41118
20520020000	94861
20550020000	76672
20580020000	19870
20610020000	54973
20640020000	58778
20670020000	59615
20700020000	30494
20730020000	24562
20760020000	59707
20790020000	40661
20820020000	17307
20850020000	28506
20880020000	51936
20910020000	24497
20940020000	28444
20970020000	20859
21000020000	29222
21030020000	82309
21060020000	40650
21090020000	47593
21120020000	27918
21150020000	61138
21180020000	83665
21210020000	74205
21240020000	35867
21270020000	88600
21300020000	95649
21330020000	39536
21360020000	76372
21390020000	29046
21420020000	23901
21450020000	23407
21480020000	63286
21510020000	50954
21540020000	75597
21570020000	58479
21600020000	50239
21630020000	75610
21660020000	77526
21690020000	75846
21720020000	83235
21750020000	21055
21780020000	22061
21810020000	34509
21840020000	19889
21870020000	40976
21900020000	40448
21930020000	74741
21960020000	18386
21990020000	82515
22020020000	56016
22050020000	51467
22080020000	22590
22110020000	47144
22140020000	45586
22170020000	36013
22200020000	56816
22230020000	19461
22260020000	18432
22290020000	79183
22320020000	17504
22350020000	88484
22380020000	20532
22410020000	38210
22440020000	24169
22470020000	26133
22500020000	23631
22530020000	82447
22560020000	83480
22590020000	42856
22620020000	30934
22650020000	78681
22680020000	69829
22710020000	41487
22740020000	68856
22770020000	81025
22800020000	29290
22830020000	19614
22860020000	60463
22890020000	18604
22920020000	80731
22950020000	101464
22980020000	27440
23010020000	30488
23040020000	89674
23070020000	21058
23100020000	92160
23130020000	24281
23160020000	90137
23190020000	22698
23220020000	22287
23250020000	27912
23280020000	79561
23310020000	55841
23340020000	70705
23370020000	79121
23400020000	76531
23430020000	20721
23460020000	83927
23490020000	18092
23520020000	43543
23550020000	21407
23580020000	28140
23610020000	31901
23640020000	18594
23670020000	66474
23700020000	25135
23730020000	85020
23760020000	34595
23790020000	16849
23820020000	77991
23850020000	25374
23880020000	22921
23910020000	34733
23940020000	33063
23970020000	42799
24000020000	90250
24030020000	84295
24060020000	72483
24090020000	77718
24120020000	29309
24150020000	81323
24180020000	72301
24210020000	79136
24240020000	64057
24270020000	51527
24300020000	91820
24330020000	19980
24360020000	83885
24390020000	93063
24420020000	76218
24450020000	61424
24480020000	62808
24510020000	75584
24540020000	18637
24570020000	25851
24600020000	18762
24630020000	89268
24660020000	23676
24690020000	25857
24720020000	83234
24750020000	83801
24780020000	70419
24810020000	31327
24840020000	25375
24870020000	76990
24900020000	84275
24930020000	30781
24960020000	75931
24990020000	87668
25020020000	35968
25050020000	19144
25080020000	52889
25110020000	58987
25140020000	89317
25170020000	66497
25200020000	46230
25230020000	51757
25260020000	84343
25290020000	39417
25320020000	49677
25350020000	89073
25380020000	26380
25410020000	54302
25440020000	76157
25470020000	41329
25500020000	28686
25530020000	78713
25560020000	49742
25590020000	64140
25620020000	87287
25650020000	17180
25680020000	83892
25710020000	70041
25740020000	41830
25770020000	90361
25800020000	42035
25830020000	30354
25860020000	93119
25890020000	87325
25920020000	28192
25950020000	30012
25980020000	19926
26010020000	81211
26040020000	29372
26070020000	80723
26100020000	50481
26130020000	31029
26160020000	76719
26190020000	83180
26220020000	82179
26250020000	31988
26280020000	62700
26310020000	65957
26340020000	62725
26370020000	60368
26400020000	20919
26430020000	59749
26460020000	77067
26490020000	73443
26520020000	33330
26550020000	38773
26580020000	57267
26610020000	19380
26640020000	76933
26670020000	20440
26700020000	75569
26730020000	46318
26760020000	83314
26790020000	92006
26820020000	86455
26850020000	80479
26880020000	43635
26910020000	22626
26940020000	20741
26970020000	63219
27000020000	19870
27030020000	76488
27060020000	21337
27090020000	76538
27120020000	56376
27150020000	40986
27180020000	87739
27210020000	90795
27240020000	86432
27270020000	23341
27300020000	61963
27330020000	33790
27360020000	38596
27390020000	60212
27420020000	15957
27450020000	84521
27480020000	75107
27510020000	33724
27540020000	23322
27570020000	81955
27600020000	27933
27630020000	54423
27660020000	62639
27690020000	43520
27720020000	34902
27750020000	28716
27780020000	95289
27810020000	22717
27840020000	79005
27870020000	72656
27900020000	84266
27930020000	24836
27960020000	75609
27990020000	28829
28020020000	23964
28050020000	20479
28080020000	31510
28110020000	27857
28140020000	42388
28170020000	24199
28200020000	41664
28230020000	76040
28260020000	17463
28290020000	76606
28320020000	90830
28350020000	25526
28380020000	77788
28410020000	85446
28440020000	74199
28470020000	21193
28500020000	17219
28530020000	47563
28560020000	63685
28590020000	20968
28620020000	87153
28650020000	45747
28680020000	73905
28710020000	34771
28740020000	45373
28770020000	37887
28800020000	94736
28830020000	71346
28860020000	79045
28890020000	18433
28920020000	82418
28950020000	18280
28980020000	18591
29010020000	21164
29040020000	76545
29070020000	64758
29100020000	29975
29130020000	45462
29160020000	80018
29190020000	81489
29220020000	89747
29250020000	45929
29280020000	20703
29310020000	41410
29340020000	20829
29370020000	65380
29400020000	50595
29430020000	90695
29460020000	49015
29490020000	18925
29520020000	76823
29550020000	26488
29580020000	48239
29610020000	77958
29640020000	18692
29670020000	34198
29700020000	48186
29730020000	38788
29760020000	20593
29790020000	89259
29820020000	84554
29850020000	56461
29880020000	81726
29910020000	41199
29940020000	85222
29970020000	43313
