1538	82863864
29992538	52872864
59983538	62979549
89974538	63038852
119965538	33047852
149956538	25059504
179947538	22292979
209938538	8225374
239929538	3236610
269920538	1533080
299911538	694262
329902538	619573
359893538	955044
389884538	992366
419875538	847330
449866538	767093
479857538	851351
509848538	753130
539839538	778148
569830538	914813
599821538	889741
629812538	681511
659803538	894574
689794538	894145
719785538	759816
749776538	713914
779767538	865789
809758538	3514782
839749538	572179
869740538	559750
899731538	700833
929722538	731090
959713538	717510
989704538	885546
1019695538	1098050
1049686538	593749
1079677538	542268
1109668538	626027
1139659538	915361
1169650538	921211
1199641538	879874
1229632538	1033442
1259623538	546073
1289614538	565086
1319605538	827924
1349596538	902367
1379587538	883847
1409578538	675587
1439569538	811275
1469560538	734218
1499551538	695737
1529542538	718394
1559533538	636657
1589524538	934181
1619515538	1693162
1649506538	576455
1679497538	895799
1709488538	894127
1739479538	903813
1769470538	821830
1799461538	895006
1829452538	778933
1859443538	932257
1889434538	946683
1919425538	985264
1949416538	739104
1979407538	703222
2009398538	578040
2039389538	937805
2069380538	750575
2099371538	589148
2129362538	943536
2159353538	934308
2189344538	686393
2219335538	2327552
2249326538	593711
2279317538	1003103
2309308538	507512
2339299538	869261
2369290538	671785
2399281538	543930
2429272538	1315568
2459263538	977755
2489254538	961873
2519245538	893231
2549236538	833548
2579227538	928412
2609218538	906662
2639209538	851686
2669200538	632540
2699191538	850253
2729182538	866387
2759173538	921078
2789164538	831118
2819155538	840164
2849146538	766653
2879137538	805586
2909128538	623092
2939119538	663265
2969110538	964559
2999101538	940340
3029092538	1398955
3059083538	850013
3089074538	674106
3119065538	715504
3149056538	516963
3179047538	873893
3209038538	716542
3239029538	1467703
3269020538	584871
3299011538	892951
3329002538	841144
3358993538	707587
3388984538	637594
3418975538	571256
3448966538	826020
3478957538	570911
3508948538	906292
3538939538	924898
3568930538	886843
3598921538	875347
3628912538	4658913
3658903538	735695
3688894538	666415
3718885538	905983
3748876538	708120
3778867538	903454
3808858538	630908
3838849538	1007864
3868840538	866983
3898831538	755460
3928822538	600112
3958813538	686807
3988804538	766108
4018795538	969081
4048786538	1239177
4078777538	939654
4108768538	802357
4138759538	679497
4168750538	583431
4198741538	742462
4228732538	720556
4258723538	775409
4288714538	4220455
4318705538	5390351
4348696538	3807092
4378687538	1948584
4408678538	2037167
4438669538	4617080
4468660538	1254061
4498651538	946435
4528642538	633176
4558633538	828212
4588624538	644664
4618615538	921938
4648606538	958800
4678597538	648428
4708588538	964915
4738579538	571015
4768570538	564913
4798561538	651820
4828552538	727676
4858543538	1035415
4888534538	729926
4918525538	723406
4948516538	778839
4978507538	729011
5008498538	877258
5038489538	749232
5068480538	880136
5098471538	685328
5128462538	589984
5158453538	2803391
5188444538	2018947
5218435538	959368
5248426538	3086921
5278417538	960193
5308408538	852086
5338399538	676468
5368390538	991417
5398381538	854634
5428372538	781332
5458363538	728803
5488354538	665665
5518345538	585636
5548336538	817346
5578327538	861612
5608318538	892643
5638309538	530447
5668300538	734004
5698291538	522282
5728282538	506637
5758273538	929104
5788264538	835210
5818255538	760895
5848246538	2361481
5878237538	889263
5908228538	956429
5938219538	699991
5968210538	622793
5998201538	617146
6028192538	792435
6058183538	2024718
6088174538	959399
6118165538	691037
6148156538	649739
6178147538	761469
6208138538	785405
6238129538	990020
6268120538	1020848
6298111538	927103
6328102538	760577
6358093538	959010
6388084538	906983
6418075538	895390
6448066538	829688
6478057538	726578
6508048538	703523
6538039538	765570
6568030538	877894
6598021538	766127
6628012538	909030
6658003538	1412473
6687994538	619570
6717985538	593188
6747976538	985764
6777967538	1002949
6807958538	537641
6837949538	984181
6867940538	11411883
6897931538	4244435
6927922538	1317396
6957913538	1534079
6987904538	711793
7017895538	568691
7047886538	573549
7077877538	517433
7107868538	910409
7137859538	1006748
7167850538	859379
7197841538	923908
7227832538	755143
7257823538	4268417
7287814538	946150
7317805538	630995
7347796538	866537
7377787538	913879
7407778538	901311
7437769538	762522
7467760538	1025241
7497751538	581363
7527742538	933523
7557733538	528141
7587724538	739319
7617715538	716998
7647706538	557260
7677697538	1011399
7707688538	2419349
7737679538	768732
7767670538	817357
7797661538	753481
7827652538	510304
7857643538	945806
7887634538	926618
7917625538	612200
7947616538	579054
7977607538	928046
8007598538	796833
8037589538	723113
8067580538	2989742
8097571538	975672
8127562538	881551
8157553538	756001
8187544538	576236
8217535538	520298
8247526538	948566
8277517538	1074647
8307508538	707297
8337499538	661548
8367490538	653561
8397481538	751634
8427472538	838257
8457463538	921151
8487454538	655319
8517445538	526175
8547436538	813738
8577427538	768752
8607418538	905085
8637409538	794498
8667400538	721586
8697391538	604657
8727382538	748150
8757373538	570908
8787364538	950750
8817355538	786159
8847346538	673074
8877337538	1725227
8907328538	875548
8937319538	730671
8967310538	868002
8997301538	801987
9027292538	840780
9057283538	767188
9087274538	983230
9117265538	781126
9147256538	753554
9177247538	679594
9207238538	653599
9237229538	975676
9267220538	833280
9297211538	1028012
9327202538	827718
9357193538	891501
9387184538	899601
9417175538	982626
9447166538	824224
9477157538	2076770
9507148538	504883
9537139538	888076
9567130538	864805
9597121538	815908
9627112538	689544
9657103538	674023
9687094538	1339494
9717085538	715708
9747076538	525045
9777067538	760955
9807058538	651608
9837049538	569731
9867040538	928987
9897031538	921833
9927022538	874533
9957013538	882191
9987004538	882022
10016995538	3453715377
10046986538	3423724377
10076977538	3393733377
10106968538	3363742377
10136959538	3333751377
10166950538	3303760377
10196941538	3273769377
10226932538	3243778377
10256923538	3213787377
10286914538	3183796377
10316905538	3153805377
10346896538	3123814377
10376887538	3093823377
10406878538	3063832377
10436869538	3033841377
10466860538	3003850377
10496851538	2973859377
10526842538	2943868377
10556833538	2913877377
10586824538	2883886377
10616815538	2853895377
10646806538	2823904377
10676797538	2793913377
10706788538	2763922377
10736779538	2733931377
10766770538	2703940377
10796761538	2673949377
10826752538	2643958377
10856743538	2613967377
10886734538	2583976377
10916725538	2553985377
10946716538	2523994377
10976707538	2494003377
11006698538	2464012377
11036689538	2434021377
11066680538	2404030377
11096671538	2374039377
11126662538	2344048377
11156653538	2314057377
11186644538	2284066377
11216635538	2254075377
11246626538	2224084377
11276617538	2194093377
11306608538	2164102377
11336599538	2134111377
11366590538	2104120377
11396581538	2074129377
11426572538	2044138377
11456563538	2014147377
11486554538	1984156377
11516545538	1954165377
11546536538	1924174377
11576527538	1894183377
11606518538	1864192377
11636509538	1834201377
11666500538	1804210377
11696491538	1774219377
11726482538	1744228377
11756473538	1714237377
11786464538	1684246377
11816455538	1654255377
11846446538	1624264377
11876437538	1594273377
11906428538	1564282377
11936419538	1534291377
11966410538	1504300377
11996401538	1474309377
12026392538	1444318377
12056383538	1414327377
12086374538	1384336377
12116365538	1354345377
12146356538	1324354377
12176347538	1294363377
12206338538	1264372377
12236329538	1234381377
12266320538	1204390377
12296311538	1174399377
12326302538	1144408377
12356293538	1114417377
12386284538	1084426377
12416275538	1054435377
12446266538	1024444377
12476257538	1457340822
12506248538	1427349822
12536239538	1397358822
12566230538	1367367822
12596221538	1337376822
12626212538	1307385822
12656203538	1277394822
12686194538	1247403822
12716185538	1217412822
12746176538	1187421822
12776167538	1157430822
12806158538	1127439822
12836149538	1097448822
12866140538	1067457822
12896131538	1037466822
12926122538	1007475822
12956113538	977484822
12986104538	947493822
13016095538	917502822
13046086538	887511822
13076077538	857520822
13106068538	827529822
13136059538	797538822
13166050538	767547822
13196041538	737556822
13226032538	707565822
13256023538	677574822
13286014538	647583822
13316005538	617592822
13345996538	587601822
13375987538	557610822
13405978538	527619822
13435969538	497628822
13465960538	467637822
13495951538	646453752
13525942538	616462752
13555933538	586471752
13585924538	556480752
13615915538	526489752
13645906538	496498752
13675897538	466507752
13705888538	436516752
13735879538	406525752
13765870538	376534752
13795861538	346543752
13825852538	316552752
13855843538	286561752
13885834538	256570752
13915825538	226579752
13945816538	290896086
13975807538	260905086
14005798538	230914086
14035789538	200923086
14065780538	170932086
14095771538	140941086
14125762538	110950086
14155753538	124866885
14185744538	94875885
14215735538	64884885
14245726538	54471025
14275717538	24480025
14305708538	7630287
14335699538	309833
14365690538	219007
14395681538	323715
14425672538	207752
14455663538	366964
14485654538	263362
14515645538	2180336
14545636538	159476
14575627538	369402
14605618538	295475
14635609538	399711
14665600538	266827
14695591538	228723
14725582538	253083
14755573538	279088
14785564538	295607
14815555538	210411
14845546538	403491
14875537538	371249
14905528538	349457
14935519538	147150
14965510538	232918
14995501538	305290
15025492538	184093
15055483538	243637
15085474538	333194
15115465538	114757
15145456538	194202
15175447538	358718
15205438538	221631
15235429538	135029
15265420538	327602
15295411538	235541
15325402538	639432
15355393538	204194
15385384538	336746
15415375538	233704
15445366538	227239
15475357538	146892
15505348538	322117
15535339538	295935
15565330538	148991
15595321538	229311
15625312538	380618
15655303538	1538086
15685294538	351189
15715285538	241725
15745276538	210932
15775267538	142953
15805258538	223065
15835249538	301023
15865240538	330009
15895231538	313764
15925222538	229239
15955213538	242204
15985204538	254489
16015195538	244192
16045186538	253765
16075177538	160941
16105168538	237064
16135159538	296194
16165150538	242372
16195141538	171982
16225132538	149841
16255123538	264213
16285114538	293146
16315105538	189973
16345096538	224734
16375087538	201397
16405078538	312106
16435069538	250315
16465060538	256050
16495051538	298658
16525042538	217618
16555033538	203500
16585024538	131606
16615015538	236713
16645006538	334469
16674997538	223053
16704988538	302262
16734979538	268747
16764970538	290120
16794961538	204366
16824952538	151023
16854943538	292030
16884934538	294877
16914925538	226507
16944916538	193509
16974907538	269356
17004898538	237127
17034889538	205175
17064880538	173598
17094871538	211383
17124862538	162567
17154853538	208718
17184844538	314724
17214835538	277668
17244826538	365750
17274817538	192603
17304808538	189271
17334799538	255968
17364790538	414093
17394781538	268247
17424772538	173779
17454763538	133335
17484754538	311867
17514745538	183597
17544736538	295508
17574727538	171736
17604718538	289353
17634709538	247217
17664700538	350396
17694691538	283457
17724682538	120787
17754673538	307110
17784664538	301823
17814655538	296921
17844646538	294260
17874637538	153421
17904628538	275996
17934619538	910631
17964610538	386946
17994601538	422021
18024592538	375377
18054583538	255725
18084574538	317225
18114565538	108319
18144556538	2180898
18174547538	134758
18204538538	275484
18234529538	329810
18264520538	161220
18294511538	360604
18324502538	231428
18354493538	287463
18384484538	370372
18414475538	407281
18444466538	273608
18474457538	300432
18504448538	316158
18534439538	300820
18564430538	208864
18594421538	151623
18624412538	284675
18654403538	305606
18684394538	230080
18714385538	277844
18744376538	261177
18774367538	247412
18804358538	304081
18834349538	314680
18864340538	252977
18894331538	398820
18924322538	374296
18954313538	676733
18984304538	330492
19014295538	205926
19044286538	182656
19074277538	234018
19104268538	218915
19134259538	227487
19164250538	244894
19194241538	316716
19224232538	398294
19254223538	233905
19284214538	278826
19314205538	283264
19344196538	303543
19374187538	252143
19404178538	287018
19434169538	328596
19464160538	260574
19494151538	321340
19524142538	206597
19554133538	121737
19584124538	300788
19614115538	229156
19644106538	275873
19674097538	144351
19704088538	223334
19734079538	248272
19764070538	272927
19794061538	171958
19824052538	135042
19854043538	251794
19884034538	280327
19914025538	157459
19944016538	132785
19974007538	280581
20003998538	16795983
20033989538	9019255
20063980538	13583119
20093971538	11967519
20123962538	13925068
20153953538	15070724
20183944538	8648793
20213935538	11554890
20243926538	15203348
20273917538	13956612
20303908538	5462056
20333899538	8454852
20363890538	12024376
20393881538	17908141
20423872538	17526913
20453863538	11457283
20483854538	16533016
20513845538	16029077
20543836538	11327147
20573827538	16489770
20603818538	13839488
20633809538	16128831
20663800538	12805485
20693791538	16113783
20723782538	13955036
20753773538	17069833
20783764538	16975048
20813755538	8675838
20843746538	18287356
20873737538	8208140
20903728538	14052889
20933719538	12514716
20963710538	18025250
20993701538	21833331
21023692538	13945701
21053683538	19413216
21083674538	20061095
21113665538	12121973
21143656538	16755154
21173647538	16175087
21203638538	7561765
21233629538	21519768
21263620538	14442629
21293611538	20741413
21323602538	21107200
21353593538	14650683
21383584538	27504492
21413575538	23183705
21443566538	17796566
21473557538	20989606
21503548538	15636648
21533539538	8691746
21563530538	17453376
21593521538	21014807
21623512538	14891417
21653503538	10094010
21683494538	20421430
21713485538	23760652
21743476538	18031977
21773467538	14475775
21803458538	12768718
21833449538	25916784
21863440538	22546404
21893431538	20212610
21923422538	17291791
21953413538	22931901
21983404538	19156025
22013395538	16616510
22043386538	14392535
22073377538	12486238
22103368538	27653650
22133359538	26665828
22163350538	25671196
22193341538	28015116
22223332538	28429747
22253323538	28240154
22283314538	28364604
22313305538	27459811
22343296538	26814156
22373287538	27616266
22403278538	29477968
22433269538	29758792
22463260538	29313354
22493251538	28881371
22523242538	28200540
22553233538	27884914
22583224538	30697145
22613215538	14267764
22643206538	16782277
22673197538	19117058
22703188538	21013696
22733179538	24623026
22763170538	27654469
22793161538	32951741
22823152538	23566626
22853143538	28260019
22883134538	33881756
22913125538	18471509
22943116538	23532277
22973107538	30024694
23003098538	23453678
23033089538	20429097
23063080538	9139325
23093071538	1343558
23123062538	795367
23153053538	956504
23183044538	2740845
23213035538	604596
23243026538	925505
23273017538	851741
23303008538	674471
23332999538	990488
23362990538	962401
23392981538	1870343
23422972538	567908
23452963538	958334
23482954538	589681
23512945538	583519
23542936538	820336
23572927538	771282
23602918538	976297
23632909538	941594
23662900538	778368
23692891538	690045
23722882538	580511
23752873538	946208
23782864538	767891
23812855538	544953
23842846538	921602
23872837538	789730
23902828538	609928
23932819538	954212
23962810538	504428
23992801538	1813141
24022792538	720434
24052783538	564110
24082774538	716267
24112765538	957964
24142756538	790562
24172747538	789666
24202738538	1515816
24232729538	821553
24262720538	962936
24292711538	951300
24322702538	756929
24352693538	595955
24382684538	928429
24412675538	514296
24442666538	976906
24472657538	914853
24502648538	987470
24532639538	920385
24562630538	658623
24592621538	688289
24622612538	555803
24652603538	636940
24682594538	826282
24712585538	670551
24742576538	642930
24772567538	937630
24802558538	1158136
24832549538	582300
24862540538	989350
24892531538	986583
24922522538	830706
24952513538	918868
24982504538	883576
25012495538	937313
25042486538	534707
25072477538	844116
25102468538	914637
25132459538	1010875
25162450538	1005629
25192441538	964336
25222432538	791304
25252423538	953641
25282414538	574889
25312405538	713099
25342396538	613136
25372387538	924868
25402378538	3609762
25432369538	863447
25462360538	829610
25492351538	597195
25522342538	704624
25552333538	842404
25582324538	919944
25612315538	1115458
25642306538	755284
25672297538	712565
25702288538	677753
25732279538	628030
25762270538	781379
25792261538	697187
25822252538	1128863
25852243538	507548
25882234538	704604
25912225538	527215
25942216538	572053
25972207538	697779
26002198538	617499
26032189538	777833
26062180538	562419
26092171538	982938
26122162538	670949
26152153538	502145
26182144538	650002
26212135538	2065538
26242126538	978367
26272117538	953975
26302108538	922110
26332099538	7105045
26362090538	4171729
26392081538	3220192
26422072538	1836758
26452063538	1316494
26482054538	1113865
26512045538	848686
26542036538	1036975
26572027538	784704
26602018538	817309
26632009538	812745
26662000538	937424
26691991538	623457
26721982538	840393
26751973538	737405
26781964538	599310
26811955538	2784732
26841946538	603319
26871937538	574705
26901928538	574308
26931919538	562220
26961910538	687826
26991901538	525479
27021892538	1963823
27051883538	633419
27081874538	564081
27111865538	703882
27141856538	733939
27171847538	702181
27201838538	816974
27231829538	1013854
27261820538	975082
27291811538	858336
27321802538	738665
27351793538	619662
27381784538	679696
27411775538	980223
27441766538	866461
27471757538	689654
27501748538	661672
27531739538	1316603
27561730538	555597
27591721538	695516
27621712538	1462072
27651703538	920364
27681694538	580200
27711685538	993534
27741676538	758398
27771667538	516764
27801658538	625874
27831649538	1651602
27861640538	905363
27891631538	1039633
27921622538	903267
27951613538	725073
27981604538	751698
28011595538	815991
28041586538	977661
28071577538	752680
28101568538	935249
28131559538	846192
28161550538	613297
28191541538	701637
28221532538	546854
28251523538	540292
28281514538	530128
28311505538	889156
28341496538	923906
28371487538	809706
28401478538	945461
28431469538	1157553
28461460538	888287
28491451538	719755
28521442538	539104
28551433538	806241
28581424538	821407
28611415538	898615
28641406538	1152272
28671397538	712977
28701388538	783043
28731379538	545237
28761370538	925463
28791361538	962078
28821352538	867158
28851343538	701199
28881334538	588570
28911325538	753124
28941316538	673381
28971307538	581039
29001298538	995740
29031289538	2530934
29061280538	967051
29091271538	958700
29121262538	929831
29151253538	783594
29181244538	844005
29211235538	902279
29241226538	1138410
29271217538	856651
29301208538	887810
29331199538	721063
29361190538	496162
29391181538	1240375
29421172538	856396
29451163538	943828
29481154538	772781
29511145538	763673
29541136538	712707
29571127538	601429
29601118538	862116
29631109538	935946
29661100538	917988
29691091538	849859
29721082538	883203
29751073538	851708
29781064538	833953
29811055538	989377
29841046538	2425835
29871037538	959183
29901028538	845407
29931019538	768369
29961010538	686398
