2000	56196065
30002000	26196065
60002000	25014320
90002000	6716149
120002000	620978
150002000	486407
180002000	449406
210002000	566086
240002000	361886
270002000	402206
300002000	439189
330002000	338735
360002000	406852
390002000	418865
420002000	502116
450002000	382419
480002000	402843
510002000	392765
540002000	384917
570002000	423627
600002000	405618
630002000	501095
660002000	300915
690002000	589563
720002000	299959
750002000	450621
780002000	449490
810002000	442036
840002000	501146
870002000	524947
900002000	336920
930002000	583279
960002000	297536
990002000	534069
1020002000	532248
1050002000	483539
1080002000	369401
1110002000	473407
1140002000	350220
1170002000	431959
1200002000	465735
1230002000	357462
1260002000	544925
1290002000	442060
1320002000	436614
1350002000	600649
1380002000	541904
1410002000	567923
1440002000	325824
1470002000	520604
1500002000	434880
1530002000	300790
1560002000	516830
1590002000	492126
1620002000	340119
1650002000	588289
1680002000	461036
1710002000	595096
1740002000	380045
1770002000	533126
1800002000	569872
1830002000	529462
1860002000	571601
1890002000	523026
1920002000	512504
1950002000	576373
1980002000	377757
2010002000	479849
2040002000	390625
2070002000	466148
2100002000	335133
2130002000	540784
2160002000	494461
2190002000	589754
2220002000	363772
2250002000	383104
2280002000	355113
2310002000	353150
2340002000	607232
2370002000	318383
2400002000	614961
2430002000	618262
2460002000	450275
2490002000	490116
2520002000	585196
2550002000	429208
2580002000	490833
2610002000	554419
2640002000	595325
2670002000	350864
2700002000	595853
2730002000	603795
2760002000	495977
2790002000	467132
2820002000	538700
2850002000	575203
2880002000	1671510
2910002000	467943
2940002000	345388
2970002000	347031
3000002000	346571
3030002000	403804
3060002000	475301
3090002000	601705
3120002000	415233
3150002000	507986
3180002000	461531
3210002000	631341
3240002000	430461
3270002000	453162
3300002000	443647
3330002000	523490
3360002000	392942
3390002000	569046
3420002000	550361
3450002000	389257
3480002000	571168
3510002000	555088
3540002000	597697
3570002000	537854
3600002000	439711
3630002000	495643
3660002000	587351
3690002000	554568
3720002000	549163
3750002000	575550
3780002000	512017
3810002000	344822
3840002000	343909
3870002000	381296
3900002000	312585
3930002000	566637
3960002000	349724
3990002000	441463
4020002000	432641
4050002000	347034
4080002000	551344
4110002000	600111
4140002000	521852
4170002000	317874
4200002000	332575
4230002000	406470
4260002000	525503
4290002000	540610
4320002000	499866
4350002000	466659
4380002000	383234
4410002000	606086
4440002000	554569
4470002000	500576
4500002000	480979
4530002000	513783
4560002000	328416
4590002000	559789
4620002000	464136
4650002000	539375
4680002000	522767
4710002000	623410
4740002000	355840
4770002000	401431
4800002000	528791
4830002000	335856
4860002000	354879
4890002000	485994
4920002000	475303
4950002000	584514
4980002000	545340
5010002000	439186
5040002000	360999
5070002000	598010
5100002000	358377
5130002000	478399
5160002000	504531
5190002000	657304
5220002000	551932
5250002000	582958
5280002000	370152
5310002000	404779
5340002000	517141
5370002000	440398
5400002000	387408
5430002000	606664
5460002000	545768
5490002000	337565
5520002000	657274
5550002000	655662
5580002000	633470
5610002000	417288
5640002000	599559
5670002000	428933
5700002000	551970
5730002000	504660
5760002000	425808
5790002000	652810
5820002000	627606
5850002000	611686
5880002000	557738
5910002000	547766
5940002000	426694
5970002000	424632
6000002000	421358
6030002000	668017
6060002000	657038
6090002000	563433
6120002000	434483
6150002000	529312
6180002000	651310
6210002000	597803
6240002000	407969
6270002000	574614
6300002000	482876
6330002000	647570
6360002000	600460
6390002000	361399
6420002000	575617
6450002000	446509
6480002000	501098
6510002000	560831
6540002000	629118
6570002000	554306
6600002000	361230
6630002000	425946
6660002000	576231
6690002000	554857
6720002000	419960
6750002000	539903
6780002000	682821
6810002000	518943
6840002000	345302
6870002000	632498
6900002000	459652
6930002000	584218
6960002000	639875
6990002000	700250
7020002000	356942
7050002000	345145
7080002000	560217
7110002000	370845
7140002000	616035
7170002000	648292
7200002000	559455
7230002000	406446
7260002000	418864
7290002000	432274
7320002000	487745
7350002000	494380
7380002000	499113
7410002000	690763
7440002000	400750
7470002000	511289
7500002000	671693
7530002000	682580
7560002000	543363
7590002000	361701
7620002000	620953
7650002000	634694
7680002000	571225
7710002000	551172
7740002000	596076
7770002000	620035
7800002000	633746
7830002000	607751
7860002000	711641
7890002000	360105
7920002000	400710
7950002000	363334
7980002000	363813
8010002000	491949
8040002000	422119
8070002000	464336
8100002000	588309
8130002000	465662
8160002000	474274
8190002000	377488
8220002000	591279
8250002000	660487
8280002000	675024
8310002000	716303
8340002000	417976
8370002000	616581
8400002000	571270
8430002000	630237
8460002000	399160
8490002000	475014
8520002000	417121
8550002000	510690
8580002000	560494
8610002000	426611
8640002000	488134
8670002000	443724
8700002000	378643
8730002000	415445
8760002000	629043
8790002000	601657
8820002000	659491
8850002000	509032
8880002000	551995
8910002000	740174
8940002000	659051
8970002000	617488
9000002000	446045
9030002000	680680
9060002000	446595
9090002000	573536
9120002000	674356
9150002000	497721
9180002000	439283
9210002000	564292
9240002000	668800
9270002000	423068
9300002000	705527
9330002000	425342
9360002000	581738
9390002000	687943
9420002000	363530
9450002000	409806
9480002000	740157
9510002000	552548
9540002000	525222
9570002000	517148
9600002000	361896
9630002000	714569
9660002000	680761
9690002000	439964
9720002000	394024
9750002000	451472
9780002000	661175
9810002000	484733
9840002000	601207
9870002000	495361
9900002000	634523
9930002000	514286
9960002000	596655
9990002000	541921
10020002000	10797959310
10050002000	10767959310
10080002000	10737959310
10110002000	10707959310
10140002000	10677959310
10170002000	10647959310
10200002000	10617959310
10230002000	10587959310
10260002000	10557959310
10290002000	10527959310
10320002000	10497959310
10350002000	10467959310
10380002000	10437959310
10410002000	10407959310
10440002000	10377959310
10470002000	10347959310
10500002000	10317959310
10530002000	10287959310
10560002000	10257959310
10590002000	10227959310
10620002000	10197959310
10650002000	10167959310
10680002000	10137959310
10710002000	10107959310
10740002000	10077959310
10770002000	10047959310
10800002000	10017959310
10830002000	9987959310
10860002000	9957959310
10890002000	9927959310
10920002000	9897959310
10950002000	9867959310
10980002000	9837959310
11010002000	9807959310
11040002000	9777959310
11070002000	9747959310
11100002000	9717959310
11130002000	9687959310
11160002000	9657959310
11190002000	9627959310
11220002000	9597959310
11250002000	9567959310
11280002000	9537959310
11310002000	9507959310
11340002000	9477959310
11370002000	9447959310
11400002000	9417959310
11430002000	9387959310
11460002000	9357959310
11490002000	9327959310
11520002000	9297959310
11550002000	9267959310
11580002000	9237959310
11610002000	9207959310
11640002000	9177959310
11670002000	9147959310
11700002000	9117959310
11730002000	9087959310
11760002000	9057959310
11790002000	9027959310
11820002000	8997959310
11850002000	8967959310
11880002000	8937959310
11910002000	8907959310
11940002000	8877959310
11970002000	8847959310
12000002000	8817959310
12030002000	8787959310
12060002000	8757959310
12090002000	8727959310
12120002000	8697959310
12150002000	8667959310
12180002000	8637959310
12210002000	8607959310
12240002000	8577959310
12270002000	8547959310
12300002000	8517959310
12330002000	8487959310
12360002000	8457959310
12390002000	8427959310
12420002000	8397959310
12450002000	8367959310
12480002000	8337959310
12510002000	8307959310
12540002000	8277959310
12570002000	8247959310
12600002000	8217959310
12630002000	8187959310
12660002000	8157959310
12690002000	8127959310
12720002000	8097959310
12750002000	8067959310
12780002000	8037959310
12810002000	8007959310
12840002000	7977959310
12870002000	7947959310
12900002000	7917959310
12930002000	7887959310
12960002000	7857959310
12990002000	7827959310
13020002000	7797959310
13050002000	7767959310
13080002000	7737959310
13110002000	7707959310
13140002000	7677959310
13170002000	7647959310
13200002000	7617959310
13230002000	7587959310
13260002000	7557959310
13290002000	7527959310
13320002000	7497959310
13350002000	7467959310
13380002000	7437959310
13410002000	7407959310
13440002000	7377959310
13470002000	7347959310
13500002000	7317959310
13530002000	7287959310
13560002000	7257959310
13590002000	7227959310
13620002000	7197959310
13650002000	7167959310
13680002000	7137959310
13710002000	7107959310
13740002000	7077959310
13770002000	7047959310
13800002000	7017959310
13830002000	6987959310
13860002000	6957959310
13890002000	6927959310
13920002000	6897959310
13950002000	6867959310
13980002000	6837959310
14010002000	6807959310
14040002000	6777959310
14070002000	6747959310
14100002000	6717959310
14130002000	6687959310
14160002000	6657959310
14190002000	6627959310
14220002000	6597959310
14250002000	6567959310
14280002000	6537959310
14310002000	6507959310
14340002000	6477959310
14370002000	6447959310
14400002000	6417959310
14430002000	6387959310
14460002000	6357959310
14490002000	6327959310
14520002000	6297959310
14550002000	6267959310
14580002000	6237959310
14610002000	6207959310
14640002000	6177959310
14670002000	6147959310
14700002000	6117959310
14730002000	6087959310
14760002000	6057959310
14790002000	6027959310
14820002000	5997959310
14850002000	5967959310
14880002000	5937959310
14910002000	5907959310
14940002000	5877959310
14970002000	5847959310
15000002000	5817959310
15030002000	5787959310
15060002000	5757959310
15090002000	5727959310
15120002000	5697959310
15150002000	5667959310
15180002000	5637959310
15210002000	5607959310
15240002000	5577959310
15270002000	5547959310
15300002000	5517959310
15330002000	5487959310
15360002000	5457959310
15390002000	5427959310
15420002000	5397959310
15450002000	5367959310
15480002000	5337959310
15510002000	5307959310
15540002000	5277959310
15570002000	5247959310
15600002000	5217959310
15630002000	5187959310
15660002000	5157959310
15690002000	5127959310
15720002000	5097959310
15750002000	5067959310
15780002000	5037959310
15810002000	5007959310
15840002000	4977959310
15870002000	4947959310
15900002000	4917959310
15930002000	4887959310
15960002000	4857959310
15990002000	4827959310
16020002000	4797959310
16050002000	4767959310
16080002000	4737959310
16110002000	4707959310
16140002000	4677959310
16170002000	4647959310
16200002000	4617959310
16230002000	4587959310
16260002000	4557959310
16290002000	4527959310
16320002000	4497959310
16350002000	4467959310
16380002000	4437959310
16410002000	4407959310
16440002000	4377959310
16470002000	4347959310
16500002000	4317959310
16530002000	4287959310
16560002000	4257959310
16590002000	4227959310
16620002000	4197959310
16650002000	4167959310
16680002000	4137959310
16710002000	4107959310
16740002000	4077959310
16770002000	4047959310
16800002000	4017959310
16830002000	3987959310
16860002000	3957959310
16890002000	3927959310
16920002000	3897959310
16950002000	3867959310
16980002000	3837959310
17010002000	3807959310
17040002000	3777959310
17070002000	3747959310
17100002000	3717959310
17130002000	3687959310
17160002000	3657959310
17190002000	3627959310
17220002000	3597959310
17250002000	3567959310
17280002000	3537959310
17310002000	3507959310
17340002000	3477959310
17370002000	3447959310
17400002000	3417959310
17430002000	3387959310
17460002000	3357959310
17490002000	3327959310
17520002000	3297959310
17550002000	4386158803
17580002000	4356158803
17610002000	4326158803
17640002000	4296158803
17670002000	4266158803
17700002000	4236158803
17730002000	4206158803
17760002000	4176158803
17790002000	4146158803
17820002000	4116158803
17850002000	4086158803
17880002000	4056158803
17910002000	4026158803
17940002000	3996158803
17970002000	3966158803
18000002000	3936158803
18030002000	3906158803
18060002000	3876158803
18090002000	3846158803
18120002000	3816158803
18150002000	3786158803
18180002000	3756158803
18210002000	3726158803
18240002000	3696158803
18270002000	3666158803
18300002000	3636158803
18330002000	3606158803
18360002000	3576158803
18390002000	3546158803
18420002000	3516158803
18450002000	3486158803
18480002000	3456158803
18510002000	3426158803
18540002000	3396158803
18570002000	3366158803
18600002000	3336158803
18630002000	3306158803
18660002000	3276158803
18690002000	3246158803
18720002000	3216158803
18750002000	3186158803
18780002000	3156158803
18810002000	3126158803
18840002000	3096158803
18870002000	3066158803
18900002000	3036158803
18930002000	3006158803
18960002000	2976158803
18990002000	2946158803
19020002000	2916158803
19050002000	2886158803
19080002000	2856158803
19110002000	2826158803
19140002000	2796158803
19170002000	2766158803
19200002000	2736158803
19230002000	2706158803
19260002000	2676158803
19290002000	2646158803
19320002000	2616158803
19350002000	2586158803
19380002000	2556158803
19410002000	2526158803
19440002000	2496158803
19470002000	2466158803
19500002000	2436158803
19530002000	2406158803
19560002000	2376158803
19590002000	2346158803
19620002000	2316158803
19650002000	2286158803
19680002000	2256158803
19710002000	2226158803
19740002000	2196158803
19770002000	2166158803
19800002000	2136158803
19830002000	2106158803
19860002000	2076158803
19890002000	2046158803
19920002000	2016158803
19950002000	1986158803
19980002000	1956158803
20010002000	1926158803
20040002000	1896158803
20070002000	1866158803
20100002000	1836158803
20130002000	1806158803
20160002000	1776158803
20190002000	1746158803
20220002000	1716158803
20250002000	1686158803
20280002000	1656158803
20310002000	1626158803
20340002000	1596158803
20370002000	1566158803
20400002000	1536158803
20430002000	1506158803
20460002000	1476158803
20490002000	1446158803
20520002000	1416158803
20550002000	1386158803
20580002000	1356158803
20610002000	1326158803
20640002000	1296158803
20670002000	1266158803
20700002000	1236158803
20730002000	1206158803
20760002000	1176158803
20790002000	1146158803
20820002000	1116158803
20850002000	1086158803
20880002000	1512908722
20910002000	1482908722
20940002000	1452908722
20970002000	1422908722
21000002000	1392908722
21030002000	1362908722
21060002000	1332908722
21090002000	1302908722
21120002000	1272908722
21150002000	1242908722
21180002000	1212908722
21210002000	1182908722
21240002000	1152908722
21270002000	1122908722
21300002000	1092908722
21330002000	1062908722
21360002000	1032908722
21390002000	1002908722
21420002000	972908722
21450002000	942908722
21480002000	912908722
21510002000	882908722
21540002000	852908722
21570002000	822908722
21600002000	792908722
21630002000	762908722
21660002000	732908722
21690002000	702908722
21720002000	672908722
21750002000	642908722
21780002000	612908722
21810002000	582908722
21840002000	552908722
21870002000	522908722
21900002000	492908722
21930002000	462908722
21960002000	588498936
21990002000	558498936
22020002000	528498936
22050002000	498498936
22080002000	468498936
22110002000	438498936
22140002000	408498936
22170002000	378498936
22200002000	348498936
22230002000	318498936
22260002000	288498936
22290002000	258498936
22320002000	228498936
22350002000	198498936
22380002000	168498936
22410002000	235323191
22440002000	205323191
22470002000	175323191
22500002000	145323191
22530002000	115323191
22560002000	117627711
22590002000	87627711
22620002000	57627711
22650002000	72965938
22680002000	57880046
22710002000	27880046
22740002000	48389146
22770002000	18389146
22800002000	37920924
22830002000	44811031
22860002000	27114771
22890002000	49717021
22920002000	19717021
22950002000	38986645
22980002000	45204867
23010002000	27284973
23040002000	46726282
23070002000	16726282
23100002000	36983972
23130002000	44536150
23160002000	27354080
23190002000	48446094
23220002000	18446094
23250002000	39209833
23280002000	47491245
23310002000	30636238
23340002000	38433499
23370002000	21451987
23400002000	42280696
23430002000	50439671
23460002000	33706431
23490002000	41360864
23520002000	24467080
23550002000	44994110
23580002000	14994110
23610002000	38590411
23640002000	48870841
23670002000	33322226
23700002000	44484174
23730002000	29121498
23760002000	55034804
23790002000	25034804
23820002000	50541380
23850002000	20541380
23880002000	45942052
23910002000	15942052
23940002000	40180324
23970002000	50294973
24000002000	34672729
24030002000	44827734
24060002000	29327430
24090002000	54720951
24120002000	24720951
24150002000	50872308
24180002000	20872308
24210002000	48135020
24240002000	18135020
24270002000	44813693
24300002000	56502357
24330002000	41798029
24360002000	53303840
24390002000	38611851
24420002000	49448522
24450002000	34603518
24480002000	48683524
24510002000	37912365
24540002000	52870256
24570002000	41562215
24600002000	55616631
24630002000	43376529
24660002000	57279685
24690002000	44632956
24720002000	57487938
24750002000	44187372
24780002000	57074184
24810002000	43538288
24840002000	57118894
24870002000	43958980
24900002000	56316663
24930002000	42607062
24960002000	54950461
24990002000	41234900
25020002000	53342745
25050002000	39549314
25080002000	52245017
25110002000	38863360
25140002000	51158686
25170002000	37807040
25200002000	50804021
25230002000	37483643
25260002000	50482947
25290002000	37210919
25320002000	50307505
25350002000	37126638
25380002000	49575159
25410002000	36271638
25440002000	49289882
25470002000	36200479
25500002000	49411432
25530002000	36443901
25560002000	49797761
25590002000	36749460
25620002000	49579929
25650002000	36542444
25680002000	50185633
25710002000	37798408
25740002000	51403417
25770002000	39203083
25800002000	53482908
25830002000	41445781
25860002000	55663537
25890002000	43610892
25920002000	58541740
25950002000	46800533
25980002000	61701742
26010002000	49748927
26040002000	19748927
26070002000	53585887
26100002000	23585887
26130002000	56805537
26160002000	26805537
26190002000	58783979
26220002000	28783979
26250002000	60540891
26280002000	30540891
26310002000	43966264
26340002000	31787479
26370002000	45921604
26400002000	34179713
26430002000	48829239
26460002000	37222673
26490002000	51843957
26520002000	40716479
26550002000	55792150
26580002000	44551961
26610002000	59816401
26640002000	48933477
26670002000	64798409
26700002000	54017367
26730002000	24017367
26760002000	57692499
26790002000	27692499
26820002000	61840102
26850002000	31840102
26880002000	46340780
26910002000	35214179
26940002000	50215089
26970002000	39340751
27000002000	55504464
27030002000	45392548
27060002000	64292328
27090002000	60664326
27120002000	30664326
27150002000	51719352
27180002000	46674941
27210002000	66116742
27240002000	58722370
27270002000	28722370
27300002000	68968751
27330002000	38968751
27360002000	57208911
27390002000	48663633
27420002000	65280190
27450002000	55965991
27480002000	25965991
27510002000	62259425
27540002000	32259425
27570002000	49999633
27600002000	41107831
27630002000	57913906
27660002000	49005882
27690002000	67140139
27720002000	58332472
27750002000	28332472
27780002000	65977696
27810002000	35977696
27840002000	52562074
27870002000	43311313
27900002000	59382594
27930002000	50090512
27960002000	65169011
27990002000	55529442
28020002000	25529442
28050002000	60935105
28080002000	30935105
28110002000	45762474
28140002000	35913931
28170002000	51097386
28200002000	41623302
28230002000	56840530
28260002000	47294988
28290002000	62646626
28320002000	53121645
28350002000	23121645
28380002000	59796794
28410002000	29796794
28440002000	45094946
28470002000	35637207
28500002000	52189243
28530002000	43383478
28560002000	59291682
28590002000	50263755
28620002000	66041510
28650002000	57408617
28680002000	27408617
28710002000	64212864
28740002000	34212864
28770002000	50306327
28800002000	41655591
28830002000	57807926
28860002000	49284779
28890002000	65675756
28920002000	57326827
28950002000	27326827
28980002000	65254588
29010002000	35254588
29040002000	52308954
29070002000	44367346
29100002000	61185087
29130002000	53231385
29160002000	23231385
29190002000	63037572
29220002000	33037572
29250002000	50537565
29280002000	42922255
29310002000	60329413
29340002000	52732960
29370002000	22732960
29400002000	63714665
29430002000	33714665
29460002000	51573338
29490002000	44525962
29520002000	62794494
29550002000	55812888
29580002000	25812888
29610002000	66009339
29640002000	36009339
29670002000	54282713
29700002000	52201687
29730002000	74532092
29760002000	71646549
29790002000	41646549
29820002000	62972636
29850002000	58701337
29880002000	28701337
29910002000	73676962
29940002000	43676962
29970002000	62517064
