20000	4482571
30020000	92365
60020000	25655
90020000	95241
120020000	25576
150020000	18645
180020000	64215
210020000	42389
240020000	84563
270020000	76248
300020000	50428
330020000	86034
360020000	25758
390020000	86745
420020000	40994
450020000	93631
480020000	21327
510020000	35247
540020000	22096
570020000	63227
600020000	47480
630020000	19522
660020000	28389
690020000	16860
720020000	31406
750020000	23712
780020000	20920
810020000	23895
840020000	24783
870020000	26454
900020000	23749
930020000	75821
960020000	17724
990020000	85396
1020020000	24650
1050020000	67801
1080020000	22886
1110020000	48013
1140020000	29683
1170020000	60854
1200020000	92909
1230020000	24210
1260020000	90864
1290020000	92173
1320020000	22602
1350020000	24779
1380020000	93056
1410020000	40408
1440020000	23187
1470020000	64932
1500020000	20205
1530020000	67416
1560020000	90163
1590020000	18803
1620020000	26433
1650020000	27404
1680020000	21503
1710020000	84569
1740020000	83404
1770020000	25345
1800020000	62014
1830020000	25794
1860020000	26150
1890020000	61920
1920020000	34679
1950020000	81378
1980020000	21428
2010020000	30307
2040020000	76424
2070020000	47348
2100020000	28557
2130020000	83461
2160020000	87904
2190020000	24484
2220020000	29528
2250020000	82724
2280020000	87739
2310020000	20260
2340020000	69391
2370020000	27602
2400020000	43518
2430020000	77591
2460020000	30487
2490020000	82886
2520020000	24817
2550020000	71492
2580020000	91418
2610020000	86470
2640020000	81938
2670020000	23691
2700020000	24529
2730020000	82532
2760020000	93334
2790020000	85053
2820020000	24896
2850020000	20665
2880020000	40028
2910020000	81255
2940020000	30266
2970020000	22324
3000020000	94458
3030020000	87321
3060020000	24653
3090020000	86617
3120020000	25820
3150020000	92346
3180020000	84378
3210020000	24228
3240020000	28250
3270020000	34677
3300020000	53040
3330020000	56816
3360020000	57802
3390020000	24495
3420020000	46160
3450020000	23829
3480020000	29783
3510020000	94338
3540020000	20938
3570020000	28634
3600020000	86328
3630020000	86112
3660020000	61525
3690020000	23328
3720020000	30263
3750020000	80513
3780020000	25080
3810020000	28236
3840020000	26995
3870020000	30603
3900020000	19892
3930020000	21465
3960020000	27501
3990020000	44527
4020020000	47283
4050020000	95690
4080020000	25154
4110020000	31672
4140020000	88623
4170020000	78115
4200020000	94760
4230020000	25648
4260020000	47525
4290020000	48383
4320020000	44163
4350020000	72191
4380020000	53644
4410020000	19806
4440020000	64267
4470020000	34660
4500020000	18473
4530020000	80388
4560020000	66357
4590020000	44061
4620020000	87371
4650020000	82809
4680020000	81914
4710020000	41734
4740020000	35267
4770020000	96081
4800020000	81493
4830020000	52601
4860020000	20253
4890020000	20362
4920020000	75550
4950020000	22684
4980020000	46131
5010020000	41343
5040020000	45637
5070020000	17483
5100020000	20897
5130020000	88148
5160020000	89428
5190020000	24837
5220020000	27493
5250020000	24339
5280020000	27064
5310020000	41723
5340020000	66612
5370020000	86767
5400020000	19421
5430020000	42799
5460020000	82625
5490020000	21204
5520020000	30646
5550020000	71489
5580020000	26975
5610020000	20043
5640020000	16983
5670020000	28089
5700020000	86472
5730020000	71126
5760020000	69621
5790020000	79949
5820020000	60677
5850020000	43713
5880020000	62740
5910020000	24260
5940020000	64061
5970020000	88048
6000020000	49101
6030020000	66257
6060020000	97642
6090020000	79678
6120020000	45411
6150020000	18255
6180020000	23066
6210020000	86915
6240020000	86099
6270020000	25380
6300020000	83041
6330020000	46657
6360020000	29854
6390020000	26526
6420020000	87874
6450020000	65567
6480020000	32250
6510020000	27348
6540020000	83475
6570020000	77384
6600020000	71095
6630020000	64597
6660020000	31602
6690020000	25586
6720020000	27285
6750020000	26326
6780020000	49716
6810020000	85291
6840020000	86354
6870020000	27742
6900020000	21008
6930020000	44948
6960020000	35100
6990020000	22635
7020020000	54143
7050020000	58126
7080020000	32029
7110020000	33628
7140020000	84591
7170020000	28853
7200020000	45631
7230020000	17228
7260020000	22582
7290020000	58819
7320020000	19647
7350020000	19626
7380020000	87223
7410020000	86575
7440020000	36870
7470020000	21838
7500020000	24424
7530020000	92642
7560020000	35611
7590020000	48377
7620020000	82999
7650020000	83129
7680020000	26864
7710020000	86149
7740020000	25665
7770020000	89286
7800020000	27678
7830020000	80895
7860020000	30741
7890020000	83739
7920020000	84137
7950020000	90425
7980020000	20197
8010020000	22607
8040020000	84624
8070020000	65798
8100020000	55056
8130020000	85554
8160020000	85246
8190020000	46293
8220020000	25589
8250020000	82564
8280020000	96347
8310020000	31265
8340020000	22495
8370020000	36031
8400020000	51103
8430020000	38777
8460020000	47545
8490020000	74925
8520020000	25894
8550020000	26612
8580020000	80769
8610020000	32058
8640020000	31116
8670020000	93477
8700020000	21000
8730020000	85911
8760020000	22337
8790020000	71450
8820020000	48463
8850020000	28936
8880020000	26141
8910020000	24901
8940020000	87697
8970020000	21810
9000020000	21683
9030020000	89082
9060020000	24677
9090020000	87700
9120020000	71665
9150020000	81142
9180020000	81425
9210020000	29632
9240020000	89332
9270020000	75304
9300020000	25590
9330020000	88659
9360020000	52508
9390020000	17166
9420020000	84793
9450020000	30179
9480020000	88412
9510020000	24430
9540020000	71914
9570020000	92487
9600020000	91262
9630020000	24043
9660020000	23414
9690020000	46919
9720020000	26994
9750020000	22891
9780020000	92922
9810020000	87528
9840020000	18169
9870020000	92370
9900020000	44043
9930020000	88064
9960020000	21489
9990020000	79743
10020020000	12264809693
10050020000	12234809693
10080020000	12204809693
10110020000	12174809693
10140020000	12144809693
10170020000	12114809693
10200020000	12084809693
10230020000	12054809693
10260020000	12024809693
10290020000	11994809693
10320020000	11964809693
10350020000	11934809693
10380020000	11904809693
10410020000	11874809693
10440020000	11844809693
10470020000	11814809693
10500020000	11784809693
10530020000	11754809693
10560020000	11724809693
10590020000	11694809693
10620020000	11664809693
10650020000	11634809693
10680020000	11604809693
10710020000	11574809693
10740020000	11544809693
10770020000	11514809693
10800020000	11484809693
10830020000	11454809693
10860020000	11424809693
10890020000	11394809693
10920020000	11364809693
10950020000	11334809693
10980020000	11304809693
11010020000	11274809693
11040020000	11244809693
11070020000	11214809693
11100020000	11184809693
11130020000	11154809693
11160020000	11124809693
11190020000	11094809693
11220020000	11064809693
11250020000	11034809693
11280020000	11004809693
11310020000	10974809693
11340020000	10944809693
11370020000	10914809693
11400020000	10884809693
11430020000	10854809693
11460020000	10824809693
11490020000	10794809693
11520020000	10764809693
11550020000	10734809693
11580020000	10704809693
11610020000	10674809693
11640020000	10644809693
11670020000	10614809693
11700020000	10584809693
11730020000	10554809693
11760020000	10524809693
11790020000	10494809693
11820020000	10464809693
11850020000	10434809693
11880020000	10404809693
11910020000	10374809693
11940020000	10344809693
11970020000	10314809693
12000020000	10284809693
12030020000	10254809693
12060020000	10224809693
12090020000	10194809693
12120020000	10164809693
12150020000	10134809693
12180020000	10104809693
12210020000	10074809693
12240020000	10044809693
12270020000	10014809693
12300020000	9984809693
12330020000	9954809693
12360020000	9924809693
12390020000	9894809693
12420020000	9864809693
12450020000	9834809693
12480020000	9804809693
12510020000	9774809693
12540020000	9744809693
12570020000	9714809693
12600020000	9684809693
12630020000	9654809693
12660020000	9624809693
12690020000	9594809693
12720020000	9564809693
12750020000	9534809693
12780020000	9504809693
12810020000	9474809693
12840020000	9444809693
12870020000	9414809693
12900020000	9384809693
12930020000	9354809693
12960020000	9324809693
12990020000	9294809693
13020020000	9264809693
13050020000	9234809693
13080020000	9204809693
13110020000	9174809693
13140020000	9144809693
13170020000	9114809693
13200020000	9084809693
13230020000	9054809693
13260020000	9024809693
13290020000	8994809693
13320020000	8964809693
13350020000	8934809693
13380020000	8904809693
13410020000	8874809693
13440020000	8844809693
13470020000	8814809693
13500020000	8784809693
13530020000	8754809693
13560020000	8724809693
13590020000	8694809693
13620020000	8664809693
13650020000	8634809693
13680020000	8604809693
13710020000	8574809693
13740020000	8544809693
13770020000	8514809693
13800020000	8484809693
13830020000	8454809693
13860020000	8424809693
13890020000	8394809693
13920020000	8364809693
13950020000	8334809693
13980020000	8304809693
14010020000	8274809693
14040020000	8244809693
14070020000	8214809693
14100020000	8184809693
14130020000	8154809693
14160020000	8124809693
14190020000	8094809693
14220020000	8064809693
14250020000	8034809693
14280020000	8004809693
14310020000	7974809693
14340020000	7944809693
14370020000	7914809693
14400020000	7884809693
14430020000	7854809693
14460020000	7824809693
14490020000	7794809693
14520020000	7764809693
14550020000	7734809693
14580020000	7704809693
14610020000	7674809693
14640020000	7644809693
14670020000	7614809693
14700020000	7584809693
14730020000	7554809693
14760020000	7524809693
14790020000	7494809693
14820020000	7464809693
14850020000	7434809693
14880020000	7404809693
14910020000	7374809693
14940020000	7344809693
14970020000	7314809693
15000020000	7284809693
15030020000	7254809693
15060020000	7224809693
15090020000	7194809693
15120020000	7164809693
15150020000	7134809693
15180020000	7104809693
15210020000	7074809693
15240020000	7044809693
15270020000	7014809693
15300020000	6984809693
15330020000	6954809693
15360020000	6924809693
15390020000	6894809693
15420020000	6864809693
15450020000	6834809693
15480020000	6804809693
15510020000	6774809693
15540020000	6744809693
15570020000	6714809693
15600020000	6684809693
15630020000	6654809693
15660020000	6624809693
15690020000	6594809693
15720020000	6564809693
15750020000	6534809693
15780020000	6504809693
15810020000	6474809693
15840020000	6444809693
15870020000	6414809693
15900020000	6384809693
15930020000	6354809693
15960020000	6324809693
15990020000	6294809693
16020020000	6264809693
16050020000	6234809693
16080020000	6204809693
16110020000	6174809693
16140020000	6144809693
16170020000	6114809693
16200020000	6084809693
16230020000	6054809693
16260020000	6024809693
16290020000	5994809693
16320020000	5964809693
16350020000	5934809693
16380020000	5904809693
16410020000	5874809693
16440020000	5844809693
16470020000	5814809693
16500020000	5784809693
16530020000	5754809693
16560020000	5724809693
16590020000	5694809693
16620020000	5664809693
16650020000	5634809693
16680020000	5604809693
16710020000	5574809693
16740020000	5544809693
16770020000	5514809693
16800020000	5484809693
16830020000	5454809693
16860020000	5424809693
16890020000	5394809693
16920020000	5364809693
16950020000	5334809693
16980020000	5304809693
17010020000	5274809693
17040020000	5244809693
17070020000	5214809693
17100020000	5184809693
17130020000	5154809693
17160020000	5124809693
17190020000	5094809693
17220020000	5064809693
17250020000	5034809693
17280020000	5004809693
17310020000	4974809693
17340020000	4944809693
17370020000	4914809693
17400020000	4884809693
17430020000	4854809693
17460020000	4824809693
17490020000	4794809693
17520020000	4764809693
17550020000	4734809693
17580020000	4704809693
17610020000	4674809693
17640020000	4644809693
17670020000	4614809693
17700020000	4584809693
17730020000	4554809693
17760020000	4524809693
17790020000	4494809693
17820020000	4464809693
17850020000	4434809693
17880020000	4404809693
17910020000	4374809693
17940020000	4344809693
17970020000	4314809693
18000020000	4284809693
18030020000	4254809693
18060020000	4224809693
18090020000	4194809693
18120020000	4164809693
18150020000	4134809693
18180020000	4104809693
18210020000	4074809693
18240020000	4044809693
18270020000	4014809693
18300020000	3984809693
18330020000	3954809693
18360020000	3924809693
18390020000	3894809693
18420020000	3864809693
18450020000	3834809693
18480020000	3804809693
18510020000	3774809693
18540020000	3744809693
18570020000	3714809693
18600020000	3684809693
18630020000	3654809693
18660020000	3624809693
18690020000	3594809693
18720020000	3564809693
18750020000	3534809693
18780020000	3504809693
18810020000	3474809693
18840020000	3444809693
18870020000	3414809693
18900020000	3384809693
18930020000	3354809693
18960020000	3324809693
18990020000	3294809693
19020020000	3264809693
19050020000	3234809693
19080020000	3204809693
19110020000	3174809693
19140020000	3144809693
19170020000	3114809693
19200020000	3084809693
19230020000	3054809693
19260020000	3024809693
19290020000	2994809693
19320020000	2964809693
19350020000	2934809693
19380020000	2904809693
19410020000	2874809693
19440020000	2844809693
19470020000	2814809693
19500020000	2784809693
19530020000	2754809693
19560020000	2724809693
19590020000	2694809693
19620020000	2664809693
19650020000	2634809693
19680020000	2604809693
19710020000	2574809693
19740020000	2544809693
19770020000	2514809693
19800020000	2484809693
19830020000	2454809693
19860020000	2424809693
19890020000	2394809693
19920020000	2364809693
19950020000	2334809693
19980020000	2304809693
20010020000	2274809693
20040020000	2244809693
20070020000	2214809693
20100020000	2184809693
20130020000	2154809693
20160020000	2124809693
20190020000	2094809693
20220020000	2064809693
20250020000	2034809693
20280020000	2004809693
20310020000	1974809693
20340020000	1944809693
20370020000	1914809693
20400020000	1884809693
20430020000	1854809693
20460020000	1824809693
20490020000	1794809693
20520020000	1764809693
20550020000	1734809693
20580020000	1704809693
20610020000	1674809693
20640020000	1644809693
20670020000	1614809693
20700020000	1584809693
20730020000	1554809693
20760020000	1524809693
20790020000	1494809693
20820020000	1464809693
20850020000	1434809693
20880020000	1404809693
20910020000	1374809693
20940020000	1344809693
20970020000	1314809693
21000020000	1284809693
21030020000	1254809693
21060020000	1224809693
21090020000	1194809693
21120020000	1164809693
21150020000	1134809693
21180020000	1104809693
21210020000	1074809693
21240020000	1044809693
21270020000	1014809693
21300020000	984809693
21330020000	954809693
21360020000	924809693
21390020000	894809693
21420020000	864809693
21450020000	834809693
21480020000	804809693
21510020000	774809693
21540020000	744809693
21570020000	714809693
21600020000	684809693
21630020000	654809693
21660020000	624809693
21690020000	710622519
21720020000	680622519
21750020000	650622519
21780020000	620622519
21810020000	590622519
21840020000	560622519
21870020000	530622519
21900020000	500622519
21930020000	470622519
21960020000	440622519
21990020000	410622519
22020020000	380622519
22050020000	350622519
22080020000	320622519
22110020000	290622519
22140020000	260622519
22170020000	230622519
22200020000	200622519
22230020000	170622519
22260020000	140622519
22290020000	110622519
22320020000	84839302
22350020000	54839302
22380020000	24839302
22410020000	38708165
22440020000	8708165
22470020000	24610598
22500020000	40659028
22530020000	10659028
22560020000	26015041
22590020000	42000812
22620020000	12000812
22650020000	27855125
22680020000	45471567
22710020000	15471567
22740020000	31268272
22770020000	45300377
22800020000	16965850
22830020000	33124723
22860020000	3124723
22890020000	19551661
22920020000	35422916
22950020000	5422916
22980020000	21482306
23010020000	37712901
23040020000	7712901
23070020000	23542813
23100020000	39306176
23130020000	9306176
23160020000	25063172
23190020000	40614560
23220020000	10614560
23250020000	25986500
23280020000	41550452
23310020000	11550452
23340020000	27270946
23370020000	43019614
23400020000	13019614
23430020000	29270079
23460020000	45317218
23490020000	15317218
23520020000	31067421
23550020000	45129387
23580020000	16800938
23610020000	32493810
23640020000	2493810
23670020000	17888314
23700020000	33582413
23730020000	3582413
23760020000	19729715
23790020000	35699319
23820020000	5699319
23850020000	21541062
23880020000	39348136
23910020000	9348136
23940020000	26446992
23970020000	42292859
24000020000	12292859
24030020000	28325118
24060020000	43653140
24090020000	13653140
24120020000	29798306
24150020000	45749925
24180020000	15749925
24210020000	31849651
24240020000	1849651
24270020000	18960088
24300020000	35752276
24330020000	5752276
24360020000	21538782
24390020000	37525312
24420020000	7525312
24450020000	23570401
24480020000	39838563
24510020000	9838563
24540020000	25677665
24570020000	41590837
24600020000	11590837
24630020000	27862134
24660020000	43809246
24690020000	13809246
24720020000	30182798
24750020000	44370599
24780020000	16196988
24810020000	32038947
24840020000	2038947
24870020000	18201165
24900020000	34418841
24930020000	4418841
24960020000	20355505
24990020000	35888660
25020020000	5888660
25050020000	22118303
25080020000	38310085
25110020000	8310085
25140020000	25106261
25170020000	41752290
25200020000	11752290
25230020000	28383026
25260020000	44782366
25290020000	14782366
25320020000	31198762
25350020000	45412382
25380020000	17286941
25410020000	33904764
25440020000	3904764
25470020000	19523505
25500020000	35359036
25530020000	5359036
25560020000	21248848
25590020000	37551504
25620020000	7551504
25650020000	23789584
25680020000	40222297
25710020000	10222297
25740020000	26479893
25770020000	43332669
25800020000	13332669
25830020000	29233173
25860020000	45322623
25890020000	15322623
25920020000	31568552
25950020000	45988715
25980020000	17902714
26010020000	34179281
26040020000	4179281
26070020000	21017728
26100020000	37609864
26130020000	7609864
26160020000	24039862
26190020000	40308184
26220020000	10308184
26250020000	26423266
26280020000	41835758
26310020000	11835758
26340020000	27721601
26370020000	43490291
26400020000	13490291
26430020000	29465093
26460020000	45447375
26490020000	15447375
26520020000	33516692
26550020000	3516692
26580020000	20129160
26610020000	36756910
26640020000	6756910
26670020000	22672399
26700020000	39041600
26730020000	9041600
26760020000	24884978
26790020000	40477078
26820020000	10477078
26850020000	26791646
26880020000	42772544
26910020000	12772544
26940020000	28967296
26970020000	44397838
27000020000	14397838
27030020000	30136566
27060020000	43803379
27090020000	15867712
27120020000	31878595
27150020000	45313583
27180020000	17473255
27210020000	33032733
27240020000	3032733
27270020000	18836322
27300020000	34244894
27330020000	4244894
27360020000	19689362
27390020000	35660718
27420020000	5660718
27450020000	21281918
27480020000	36701841
27510020000	6701841
27540020000	22302783
27570020000	37865303
27600020000	7865303
27630020000	22936304
27660020000	38344129
27690020000	8344129
27720020000	23430549
27750020000	38458127
27780020000	8458127
27810020000	23580052
27840020000	38691473
27870020000	8691473
27900020000	23945029
27930020000	38741747
27960020000	8741747
27990020000	23407526
28020020000	37433369
28050020000	7433369
28080020000	21230480
28110020000	35372951
28140020000	5372951
28170020000	18835813
28200020000	32636439
28230020000	2636439
28260020000	90202
28290020000	33955
28320020000	33932
28350020000	21601
28380020000	18512
28410020000	52817
28440020000	44514
28470020000	23536
28500020000	73935
28530020000	25803
28560020000	19887
28590020000	25409
28620020000	55834
28650020000	94648
28680020000	45038
28710020000	87521
28740020000	50329
28770020000	87664
28800020000	88288
28830020000	27062
28860020000	51855
28890020000	64814
28920020000	25662
28950020000	27056
28980020000	90340
29010020000	98858
29040020000	85771
29070020000	20333
29100020000	26751
29130020000	81208
29160020000	52302
29190020000	86879
29220020000	70893
29250020000	69224
29280020000	80609
29310020000	50308
29340020000	25759
29370020000	17776
29400020000	32065
29430020000	63956
29460020000	45959
29490020000	90192
29520020000	22646
29550020000	70199
29580020000	35456
29610020000	46966
29640020000	87425
29670020000	84572
29700020000	43765
29730020000	69815
29760020000	58816
29790020000	23548
29820020000	27976
29850020000	91146
29880020000	49951
29910020000	86245
29940020000	28674
29970020000	24477
