2000	56394822
30002000	26394822
60002000	26057110
90002000	8455540
120002000	1759112
150002000	328428
180002000	557130
210002000	546186
240002000	342320
270002000	367903
300002000	514430
330002000	414133
360002000	579639
390002000	321875
420002000	440053
450002000	591452
480002000	306336
510002000	539910
540002000	312689
570002000	596658
600002000	368102
630002000	382629
660002000	382267
690002000	419535
720002000	413158
750002000	588263
780002000	473536
810002000	412292
840002000	405729
870002000	355610
900002000	517755
930002000	432913
960002000	558846
990002000	419978
1020002000	572463
1050002000	568635
1080002000	498303
1110002000	610680
1140002000	477628
1170002000	494394
1200002000	343099
1230002000	344541
1260002000	495622
1290002000	461220
1320002000	406898
1350002000	461753
1380002000	490585
1410002000	613441
1440002000	560794
1470002000	502193
1500002000	487073
1530002000	576854
1560002000	370463
1590002000	454093
1620002000	481577
1650002000	565571
1680002000	421009
1710002000	593872
1740002000	413347
1770002000	352006
1800002000	568358
1830002000	608908
1860002000	537941
1890002000	389244
1920002000	597606
1950002000	481569
1980002000	551809
2010002000	578075
2040002000	326607
2070002000	535827
2100002000	344837
2130002000	491113
2160002000	395546
2190002000	645226
2220002000	388633
2250002000	533402
2280002000	459048
2310002000	630197
2340002000	593583
2370002000	336269
2400002000	441539
2430002000	338438
2460002000	315752
2490002000	418714
2520002000	337976
2550002000	453803
2580002000	339690
2610002000	516139
2640002000	316998
2670002000	516836
2700002000	482633
2730002000	451216
2760002000	320373
2790002000	327836
2820002000	416887
2850002000	591936
2880002000	371704
2910002000	318104
2940002000	312889
2970002000	516382
3000002000	600888
3030002000	534379
3060002000	354985
3090002000	538553
3120002000	545205
3150002000	580559
3180002000	380480
3210002000	483820
3240002000	315312
3270002000	470252
3300002000	540573
3330002000	391942
3360002000	337768
3390002000	418906
3420002000	329783
3450002000	463467
3480002000	377943
3510002000	474471
3540002000	444665
3570002000	469864
3600002000	311356
3630002000	328054
3660002000	322301
3690002000	550048
3720002000	374278
3750002000	535800
3780002000	626357
3810002000	381484
3840002000	309445
3870002000	404892
3900002000	465085
3930002000	380322
3960002000	401893
3990002000	344872
4020002000	493064
4050002000	387997
4080002000	603035
4110002000	330784
4140002000	552986
4170002000	373778
4200002000	500575
4230002000	590609
4260002000	392957
4290002000	620551
4320002000	537724
4350002000	321484
4380002000	564198
4410002000	321253
4440002000	404853
4470002000	631655
4500002000	333821
4530002000	427393
4560002000	483100
4590002000	443046
4620002000	539722
4650002000	416407
4680002000	351190
4710002000	575285
4740002000	622167
4770002000	324858
4800002000	475715
4830002000	535198
4860002000	469482
4890002000	349211
4920002000	572062
4950002000	494966
4980002000	464414
5010002000	574160
5040002000	449713
5070002000	405509
5100002000	427513
5130002000	641873
5160002000	479556
5190002000	400660
5220002000	593375
5250002000	531477
5280002000	583240
5310002000	350424
5340002000	528522
5370002000	443411
5400002000	588007
5430002000	346805
5460002000	431905
5490002000	624124
5520002000	544049
5550002000	387511
5580002000	334818
5610002000	538807
5640002000	630614
5670002000	595791
5700002000	549459
5730002000	450097
5760002000	388641
5790002000	584168
5820002000	364311
5850002000	487759
5880002000	403779
5910002000	1660054
5940002000	332988
5970002000	495722
6000002000	427089
6030002000	361341
6060002000	493435
6090002000	616053
6120002000	347049
6150002000	493337
6180002000	425643
6210002000	567739
6240002000	604300
6270002000	641533
6300002000	622539
6330002000	484389
6360002000	409640
6390002000	620989
6420002000	343872
6450002000	663095
6480002000	533641
6510002000	497012
6540002000	359032
6570002000	561525
6600002000	520815
6630002000	643166
6660002000	652954
6690002000	398703
6720002000	388490
6750002000	660316
6780002000	453915
6810002000	510924
6840002000	495905
6870002000	567272
6900002000	337965
6930002000	418583
6960002000	377204
6990002000	543058
7020002000	537264
7050002000	630064
7080002000	422949
7110002000	534959
7140002000	489905
7170002000	1171424
7200002000	363149
7230002000	526025
7260002000	350504
7290002000	425802
7320002000	462985
7350002000	517087
7380002000	583506
7410002000	405587
7440002000	611626
7470002000	576730
7500002000	555331
7530002000	538321
7560002000	462613
7590002000	473339
7620002000	440444
7650002000	558072
7680002000	566539
7710002000	580130
7740002000	574365
7770002000	415622
7800002000	464283
7830002000	386774
7860002000	409551
7890002000	362529
7920002000	576066
7950002000	683710
7980002000	499128
8010002000	437079
8040002000	634597
8070002000	465803
8100002000	488573
8130002000	669754
8160002000	528075
8190002000	432161
8220002000	435615
8250002000	560916
8280002000	486791
8310002000	369994
8340002000	479133
8370002000	434966
8400002000	487249
8430002000	603841
8460002000	403437
8490002000	337669
8520002000	643305
8550002000	509674
8580002000	479213
8610002000	365637
8640002000	587572
8670002000	593917
8700002000	662404
8730002000	538539
8760002000	610627
8790002000	567728
8820002000	448164
8850002000	461117
8880002000	495491
8910002000	503543
8940002000	486444
8970002000	570002
9000002000	536325
9030002000	373626
9060002000	448055
9090002000	389319
9120002000	368872
9150002000	620276
9180002000	648697
9210002000	472504
9240002000	452197
9270002000	349025
9300002000	422060
9330002000	376771
9360002000	523339
9390002000	432817
9420002000	673033
9450002000	425491
9480002000	567701
9510002000	439015
9540002000	696811
9570002000	548329
9600002000	622581
9630002000	423098
9660002000	425368
9690002000	428979
9720002000	370268
9750002000	649311
9780002000	526699
9810002000	425500
9840002000	389885
9870002000	553907
9900002000	562591
9930002000	361622
9960002000	548419
9990002000	463298
10020002000	20871792261
10050002000	20841792261
10080002000	20811792261
10110002000	20781792261
10140002000	20751792261
10170002000	20721792261
10200002000	20691792261
10230002000	20661792261
10260002000	20631792261
10290002000	20601792261
10320002000	20571792261
10350002000	20541792261
10380002000	20511792261
10410002000	20481792261
10440002000	20451792261
10470002000	20421792261
10500002000	20391792261
10530002000	20361792261
10560002000	20331792261
10590002000	20301792261
10620002000	20271792261
10650002000	20241792261
10680002000	20211792261
10710002000	20181792261
10740002000	20151792261
10770002000	20121792261
10800002000	20091792261
10830002000	20061792261
10860002000	20031792261
10890002000	20001792261
10920002000	19971792261
10950002000	19941792261
10980002000	19911792261
11010002000	19881792261
11040002000	19851792261
11070002000	19821792261
11100002000	19791792261
11130002000	19761792261
11160002000	19731792261
11190002000	19701792261
11220002000	19671792261
11250002000	19641792261
11280002000	19611792261
11310002000	19581792261
11340002000	19551792261
11370002000	19521792261
11400002000	19491792261
11430002000	19461792261
11460002000	19431792261
11490002000	19401792261
11520002000	19371792261
11550002000	19341792261
11580002000	19311792261
11610002000	19281792261
11640002000	19251792261
11670002000	19221792261
11700002000	19191792261
11730002000	19161792261
11760002000	19131792261
11790002000	19101792261
11820002000	19071792261
11850002000	19041792261
11880002000	19011792261
11910002000	18981792261
11940002000	18951792261
11970002000	18921792261
12000002000	18891792261
12030002000	18861792261
12060002000	18831792261
12090002000	18801792261
12120002000	18771792261
12150002000	18741792261
12180002000	18711792261
12210002000	18681792261
12240002000	18651792261
12270002000	18621792261
12300002000	18591792261
12330002000	18561792261
12360002000	18531792261
12390002000	18501792261
12420002000	18471792261
12450002000	18441792261
12480002000	18411792261
12510002000	18381792261
12540002000	18351792261
12570002000	18321792261
12600002000	18291792261
12630002000	18261792261
12660002000	18231792261
12690002000	18201792261
12720002000	18171792261
12750002000	18141792261
12780002000	18111792261
12810002000	18081792261
12840002000	18051792261
12870002000	18021792261
12900002000	17991792261
12930002000	17961792261
12960002000	17931792261
12990002000	17901792261
13020002000	17871792261
13050002000	17841792261
13080002000	17811792261
13110002000	17781792261
13140002000	17751792261
13170002000	17721792261
13200002000	17691792261
13230002000	17661792261
13260002000	17631792261
13290002000	17601792261
13320002000	17571792261
13350002000	17541792261
13380002000	17511792261
13410002000	17481792261
13440002000	17451792261
13470002000	17421792261
13500002000	17391792261
13530002000	17361792261
13560002000	17331792261
13590002000	17301792261
13620002000	17271792261
13650002000	17241792261
13680002000	17211792261
13710002000	17181792261
13740002000	17151792261
13770002000	17121792261
13800002000	17091792261
13830002000	17061792261
13860002000	17031792261
13890002000	17001792261
13920002000	16971792261
13950002000	16941792261
13980002000	16911792261
14010002000	16881792261
14040002000	16851792261
14070002000	16821792261
14100002000	16791792261
14130002000	16761792261
14160002000	16731792261
14190002000	16701792261
14220002000	16671792261
14250002000	16641792261
14280002000	16611792261
14310002000	16581792261
14340002000	16551792261
14370002000	16521792261
14400002000	16491792261
14430002000	16461792261
14460002000	16431792261
14490002000	16401792261
14520002000	16371792261
14550002000	16341792261
14580002000	16311792261
14610002000	16281792261
14640002000	16251792261
14670002000	16221792261
14700002000	16191792261
14730002000	16161792261
14760002000	16131792261
14790002000	16101792261
14820002000	16071792261
14850002000	16041792261
14880002000	16011792261
14910002000	15981792261
14940002000	15951792261
14970002000	15921792261
15000002000	15891792261
15030002000	15861792261
15060002000	15831792261
15090002000	15801792261
15120002000	15771792261
15150002000	15741792261
15180002000	15711792261
15210002000	15681792261
15240002000	15651792261
15270002000	15621792261
15300002000	15591792261
15330002000	15561792261
15360002000	15531792261
15390002000	15501792261
15420002000	15471792261
15450002000	15441792261
15480002000	15411792261
15510002000	15381792261
15540002000	15351792261
15570002000	15321792261
15600002000	15291792261
15630002000	15261792261
15660002000	15231792261
15690002000	15201792261
15720002000	15171792261
15750002000	15141792261
15780002000	15111792261
15810002000	15081792261
15840002000	15051792261
15870002000	15021792261
15900002000	14991792261
15930002000	14961792261
15960002000	14931792261
15990002000	14901792261
16020002000	14871792261
16050002000	14841792261
16080002000	14811792261
16110002000	14781792261
16140002000	14751792261
16170002000	14721792261
16200002000	14691792261
16230002000	14661792261
16260002000	14631792261
16290002000	14601792261
16320002000	14571792261
16350002000	14541792261
16380002000	14511792261
16410002000	14481792261
16440002000	14451792261
16470002000	14421792261
16500002000	14391792261
16530002000	14361792261
16560002000	14331792261
16590002000	14301792261
16620002000	14271792261
16650002000	14241792261
16680002000	14211792261
16710002000	14181792261
16740002000	14151792261
16770002000	14121792261
16800002000	14091792261
16830002000	14061792261
16860002000	14031792261
16890002000	14001792261
16920002000	13971792261
16950002000	13941792261
16980002000	13911792261
17010002000	13881792261
17040002000	13851792261
17070002000	13821792261
17100002000	13791792261
17130002000	13761792261
17160002000	13731792261
17190002000	13701792261
17220002000	13671792261
17250002000	13641792261
17280002000	13611792261
17310002000	13581792261
17340002000	13551792261
17370002000	13521792261
17400002000	13491792261
17430002000	13461792261
17460002000	13431792261
17490002000	13401792261
17520002000	13371792261
17550002000	13341792261
17580002000	13311792261
17610002000	13281792261
17640002000	13251792261
17670002000	13221792261
17700002000	13191792261
17730002000	13161792261
17760002000	13131792261
17790002000	13101792261
17820002000	13071792261
17850002000	13041792261
17880002000	13011792261
17910002000	12981792261
17940002000	12951792261
17970002000	12921792261
18000002000	12891792261
18030002000	12861792261
18060002000	12831792261
18090002000	12801792261
18120002000	12771792261
18150002000	12741792261
18180002000	12711792261
18210002000	12681792261
18240002000	12651792261
18270002000	12621792261
18300002000	12591792261
18330002000	12561792261
18360002000	12531792261
18390002000	12501792261
18420002000	12471792261
18450002000	12441792261
18480002000	12411792261
18510002000	12381792261
18540002000	12351792261
18570002000	12321792261
18600002000	12291792261
18630002000	12261792261
18660002000	12231792261
18690002000	12201792261
18720002000	12171792261
18750002000	12141792261
18780002000	12111792261
18810002000	12081792261
18840002000	12051792261
18870002000	12021792261
18900002000	11991792261
18930002000	11961792261
18960002000	11931792261
18990002000	11901792261
19020002000	11871792261
19050002000	11841792261
19080002000	11811792261
19110002000	11781792261
19140002000	11751792261
19170002000	11721792261
19200002000	11691792261
19230002000	11661792261
19260002000	11631792261
19290002000	11601792261
19320002000	11571792261
19350002000	11541792261
19380002000	11511792261
19410002000	11481792261
19440002000	11451792261
19470002000	11421792261
19500002000	11391792261
19530002000	11361792261
19560002000	11331792261
19590002000	11301792261
19620002000	11271792261
19650002000	11241792261
19680002000	11211792261
19710002000	11181792261
19740002000	11151792261
19770002000	11121792261
19800002000	11091792261
19830002000	11061792261
19860002000	11031792261
19890002000	11001792261
19920002000	10971792261
19950002000	10941792261
19980002000	10911792261
20010002000	10881792261
20040002000	10851792261
20070002000	10821792261
20100002000	10791792261
20130002000	10761792261
20160002000	10731792261
20190002000	10701792261
20220002000	10671792261
20250002000	10641792261
20280002000	10611792261
20310002000	10581792261
20340002000	10551792261
20370002000	10521792261
20400002000	10491792261
20430002000	10461792261
20460002000	10431792261
20490002000	10401792261
20520002000	10371792261
20550002000	10341792261
20580002000	10311792261
20610002000	10281792261
20640002000	10251792261
20670002000	10221792261
20700002000	10191792261
20730002000	10161792261
20760002000	10131792261
20790002000	10101792261
20820002000	10071792261
20850002000	10041792261
20880002000	10011792261
20910002000	9981792261
20940002000	9951792261
20970002000	9921792261
21000002000	9891792261
21030002000	9861792261
21060002000	9831792261
21090002000	9801792261
21120002000	9771792261
21150002000	9741792261
21180002000	9711792261
21210002000	9681792261
21240002000	9651792261
21270002000	9621792261
21300002000	9591792261
21330002000	9561792261
21360002000	9531792261
21390002000	9501792261
21420002000	9471792261
21450002000	9441792261
21480002000	9411792261
21510002000	9381792261
21540002000	9351792261
21570002000	9321792261
21600002000	9291792261
21630002000	9261792261
21660002000	9231792261
21690002000	9201792261
21720002000	9171792261
21750002000	9141792261
21780002000	9111792261
21810002000	9081792261
21840002000	9051792261
21870002000	9021792261
21900002000	8991792261
21930002000	8961792261
21960002000	8931792261
21990002000	8901792261
22020002000	8871792261
22050002000	8841792261
22080002000	8811792261
22110002000	8781792261
22140002000	8751792261
22170002000	8721792261
22200002000	8691792261
22230002000	8661792261
22260002000	8631792261
22290002000	8601792261
22320002000	8571792261
22350002000	8541792261
22380002000	8511792261
22410002000	8481792261
22440002000	8451792261
22470002000	8421792261
22500002000	8391792261
22530002000	8361792261
22560002000	8331792261
22590002000	8301792261
22620002000	8271792261
22650002000	8241792261
22680002000	8211792261
22710002000	8181792261
22740002000	8151792261
22770002000	8121792261
22800002000	8091792261
22830002000	8061792261
22860002000	8031792261
22890002000	8001792261
22920002000	7971792261
22950002000	7941792261
22980002000	7911792261
23010002000	7881792261
23040002000	7851792261
23070002000	7821792261
23100002000	7791792261
23130002000	7761792261
23160002000	7731792261
23190002000	7701792261
23220002000	7671792261
23250002000	7641792261
23280002000	7611792261
23310002000	7581792261
23340002000	7551792261
23370002000	7521792261
23400002000	7491792261
23430002000	7461792261
23460002000	7431792261
23490002000	7401792261
23520002000	7371792261
23550002000	7341792261
23580002000	7311792261
23610002000	7281792261
23640002000	7251792261
23670002000	7221792261
23700002000	7191792261
23730002000	7161792261
23760002000	7131792261
23790002000	7101792261
23820002000	7071792261
23850002000	7041792261
23880002000	7011792261
23910002000	6981792261
23940002000	6951792261
23970002000	6921792261
24000002000	6891792261
24030002000	6861792261
24060002000	6831792261
24090002000	6801792261
24120002000	6771792261
24150002000	6741792261
24180002000	6711792261
24210002000	6681792261
24240002000	6651792261
24270002000	6621792261
24300002000	6591792261
24330002000	6561792261
24360002000	6531792261
24390002000	6501792261
24420002000	6471792261
24450002000	6441792261
24480002000	6411792261
24510002000	6381792261
24540002000	6351792261
24570002000	6321792261
24600002000	6291792261
24630002000	6261792261
24660002000	6231792261
24690002000	6201792261
24720002000	6171792261
24750002000	6141792261
24780002000	6111792261
24810002000	6081792261
24840002000	6051792261
24870002000	6021792261
24900002000	5991792261
24930002000	5961792261
24960002000	5931792261
24990002000	5901792261
25020002000	5871792261
25050002000	5841792261
25080002000	5811792261
25110002000	5781792261
25140002000	5751792261
25170002000	5721792261
25200002000	9434140720
25230002000	9404140720
25260002000	9374140720
25290002000	9344140720
25320002000	9314140720
25350002000	9284140720
25380002000	9254140720
25410002000	9224140720
25440002000	9194140720
25470002000	9164140720
25500002000	9134140720
25530002000	9104140720
25560002000	9074140720
25590002000	9044140720
25620002000	9014140720
25650002000	8984140720
25680002000	8954140720
25710002000	8924140720
25740002000	8894140720
25770002000	8864140720
25800002000	8834140720
25830002000	8804140720
25860002000	8774140720
25890002000	8744140720
25920002000	8714140720
25950002000	8684140720
25980002000	8654140720
26010002000	8624140720
26040002000	8594140720
26070002000	8564140720
26100002000	8534140720
26130002000	8504140720
26160002000	8474140720
26190002000	8444140720
26220002000	8414140720
26250002000	8384140720
26280002000	8354140720
26310002000	8324140720
26340002000	8294140720
26370002000	8264140720
26400002000	8234140720
26430002000	8204140720
26460002000	8174140720
26490002000	8144140720
26520002000	8114140720
26550002000	8084140720
26580002000	8054140720
26610002000	8024140720
26640002000	7994140720
26670002000	7964140720
26700002000	7934140720
26730002000	7904140720
26760002000	7874140720
26790002000	7844140720
26820002000	7814140720
26850002000	7784140720
26880002000	7754140720
26910002000	7724140720
26940002000	7694140720
26970002000	7664140720
27000002000	7634140720
27030002000	7604140720
27060002000	7574140720
27090002000	7544140720
27120002000	7514140720
27150002000	7484140720
27180002000	7454140720
27210002000	7424140720
27240002000	7394140720
27270002000	7364140720
27300002000	7334140720
27330002000	7304140720
27360002000	7274140720
27390002000	7244140720
27420002000	7214140720
27450002000	7184140720
27480002000	7154140720
27510002000	7124140720
27540002000	7094140720
27570002000	7064140720
27600002000	7034140720
27630002000	7004140720
27660002000	6974140720
27690002000	6944140720
27720002000	6914140720
27750002000	6884140720
27780002000	6854140720
27810002000	6824140720
27840002000	6794140720
27870002000	6764140720
27900002000	6734140720
27930002000	6704140720
27960002000	6674140720
27990002000	6644140720
28020002000	6614140720
28050002000	6584140720
28080002000	6554140720
28110002000	6524140720
28140002000	6494140720
28170002000	6464140720
28200002000	6434140720
28230002000	6404140720
28260002000	6374140720
28290002000	6344140720
28320002000	6314140720
28350002000	6284140720
28380002000	6254140720
28410002000	6224140720
28440002000	6194140720
28470002000	6164140720
28500002000	6134140720
28530002000	6104140720
28560002000	6074140720
28590002000	6044140720
28620002000	6014140720
28650002000	5984140720
28680002000	5954140720
28710002000	5924140720
28740002000	5894140720
28770002000	5864140720
28800002000	5834140720
28830002000	5804140720
28860002000	5774140720
28890002000	5744140720
28920002000	5714140720
28950002000	5684140720
28980002000	5654140720
29010002000	5624140720
29040002000	5594140720
29070002000	5564140720
29100002000	5534140720
29130002000	5504140720
29160002000	5474140720
29190002000	5444140720
29220002000	5414140720
29250002000	5384140720
29280002000	5354140720
29310002000	5324140720
29340002000	5294140720
29370002000	5264140720
29400002000	5234140720
29430002000	5204140720
29460002000	5174140720
29490002000	5144140720
29520002000	5114140720
29550002000	5084140720
29580002000	5054140720
29610002000	5024140720
29640002000	4994140720
29670002000	4964140720
29700002000	4934140720
29730002000	4904140720
29760002000	4874140720
29790002000	4844140720
29820002000	4814140720
29850002000	4784140720
29880002000	4754140720
29910002000	4724140720
29940002000	4694140720
29970002000	4664140720
