worker 00:	8315	14339	44644	14236638	(of 150000 measurements)
00	latency	200000	431448
00	latency	30200000	18965
00	latency	60200000	15525
00	latency	90200000	13447
00	latency	120200000	15209
00	latency	150200000	14034
00	latency	180200000	60916
00	latency	210200000	16773
00	latency	240200000	15189
00	latency	270200000	25748
00	latency	300200000	17687
00	latency	330200000	10163
00	latency	360200000	13275
00	latency	390200000	20482
00	latency	420200000	16633
00	latency	450200000	20389
00	latency	480200000	12533
00	latency	510200000	11169
00	latency	540200000	12014
00	latency	570200000	11455
00	latency	600200000	10542
00	latency	630200000	10095
00	latency	660200000	11467
00	latency	690200000	10919
00	latency	720200000	14292
00	latency	750200000	11786
00	latency	780200000	12812
00	latency	810200000	19829
00	latency	840200000	14828
00	latency	870200000	17923
00	latency	900200000	16792
00	latency	930200000	13717
00	latency	960200000	16521
00	latency	990200000	14682
00	latency	1020200000	14396
00	latency	1050200000	16810
00	latency	1080200000	11845
00	latency	1110200000	16301
00	latency	1140200000	18451
00	latency	1170200000	10395
00	latency	1200200000	16911
00	latency	1230200000	12295
00	latency	1260200000	15852
00	latency	1290200000	16339
00	latency	1320200000	16655
00	latency	1350200000	11740
00	latency	1380200000	14783
00	latency	1410200000	10022
00	latency	1440200000	16609
00	latency	1470200000	12789
00	latency	1500200000	12557
00	latency	1530200000	13766
00	latency	1560200000	15000
00	latency	1590200000	9840
00	latency	1620200000	13210
00	latency	1650200000	16132
00	latency	1680200000	17428
00	latency	1710200000	11954
00	latency	1740200000	16617
00	latency	1770200000	11971
00	latency	1800200000	13799
00	latency	1830200000	12949
00	latency	1860200000	12592
00	latency	1890200000	13337
00	latency	1920200000	16041
00	latency	1950200000	13947
00	latency	1980200000	12006
00	latency	2010200000	11465
00	latency	2040200000	13256
00	latency	2070200000	16402
00	latency	2100200000	15492
00	latency	2130200000	10017
00	latency	2160200000	15802
00	latency	2190200000	15486
00	latency	2220200000	12252
00	latency	2250200000	15777
00	latency	2280200000	14793
00	latency	2310200000	10933
00	latency	2340200000	12809
00	latency	2370200000	17089
00	latency	2400200000	11751
00	latency	2430200000	15981
00	latency	2460200000	12757
00	latency	2490200000	11661
00	latency	2520200000	17637
00	latency	2550200000	15089
00	latency	2580200000	13249
00	latency	2610200000	16838
00	latency	2640200000	16926
00	latency	2670200000	16696
00	latency	2700200000	14385
00	latency	2730200000	11087
00	latency	2760200000	16031
00	latency	2790200000	11012
00	latency	2820200000	11455
00	latency	2850200000	15375
00	latency	2880200000	16080
00	latency	2910200000	16007
00	latency	2940200000	18510
00	latency	2970200000	17751
00	latency	3000200000	13385
00	latency	3030200000	14340
00	latency	3060200000	11139
00	latency	3090200000	14070
00	latency	3120200000	12747
00	latency	3150200000	12148
00	latency	3180200000	14863
00	latency	3210200000	11004
00	latency	3240200000	18909
00	latency	3270200000	15952
00	latency	3300200000	16010
00	latency	3330200000	35633
00	latency	3360200000	12128
00	latency	3390200000	10992
00	latency	3420200000	21398
00	latency	3450200000	12255
00	latency	3480200000	10630
00	latency	3510200000	15869
00	latency	3540200000	24283
00	latency	3570200000	10581
00	latency	3600200000	15757
00	latency	3630200000	17317
00	latency	3660200000	12599
00	latency	3690200000	12564
00	latency	3720200000	19232
00	latency	3750200000	12086
00	latency	3780200000	16663
00	latency	3810200000	19062
00	latency	3840200000	16954
00	latency	3870200000	38197
00	latency	3900200000	11817
00	latency	3930200000	10196
00	latency	3960200000	18914
00	latency	3990200000	10267
00	latency	4020200000	15446
00	latency	4050200000	11783
00	latency	4080200000	13920
00	latency	4110200000	21376
00	latency	4140200000	15351
00	latency	4170200000	12596
00	latency	4200200000	14033
00	latency	4230200000	13362
00	latency	4260200000	16475
00	latency	4290200000	16346
00	latency	4320200000	10691
00	latency	4350200000	56936
00	latency	4380200000	16209
00	latency	4410200000	12924
00	latency	4440200000	12252
00	latency	4470200000	12982
00	latency	4500200000	15905
00	latency	4530200000	11647
00	latency	4560200000	14448
00	latency	4590200000	10614
00	latency	4620200000	10623
00	latency	4650200000	16046
00	latency	4680200000	35861
00	latency	4710200000	14187
00	latency	4740200000	13655
00	latency	4770200000	16242
00	latency	4800200000	16709
00	latency	4830200000	12353
00	latency	4860200000	16335
00	latency	4890200000	13011
00	latency	4920200000	10481
00	latency	4950200000	12267
00	latency	4980200000	12264
00	latency	5010200000	12528
00	latency	5040200000	16783
00	latency	5070200000	13443
00	latency	5100200000	10156
00	latency	5130200000	13186
00	latency	5160200000	11594
00	latency	5190200000	10770
00	latency	5220200000	17128
00	latency	5250200000	17287
00	latency	5280200000	13104
00	latency	5310200000	11904
00	latency	5340200000	15167
00	latency	5370200000	15993
00	latency	5400200000	17215
00	latency	5430200000	12050
00	latency	5460200000	17536
00	latency	5490200000	10837
00	latency	5520200000	10137
00	latency	5550200000	12505
00	latency	5580200000	15773
00	latency	5610200000	12462
00	latency	5640200000	10818
00	latency	5670200000	14381
00	latency	5700200000	15478
00	latency	5730200000	12179
00	latency	5760200000	15281
00	latency	5790200000	18559
00	latency	5820200000	22057
00	latency	5850200000	14014
00	latency	5880200000	16081
00	latency	5910200000	13992
00	latency	5940200000	11723
00	latency	5970200000	17472
00	latency	6000200000	11597
00	latency	6030200000	17388
00	latency	6060200000	16157
00	latency	6090200000	18719
00	latency	6120200000	15356
00	latency	6150200000	15872
00	latency	6180200000	17721
00	latency	6210200000	44368
00	latency	6240200000	19175
00	latency	6270200000	17195
00	latency	6300200000	33683
00	latency	6330200000	12492
00	latency	6360200000	10952
00	latency	6390200000	14899
00	latency	6420200000	14461
00	latency	6450200000	15814
00	latency	6480200000	17604
00	latency	6510200000	11070
00	latency	6540200000	12523
00	latency	6570200000	14551
00	latency	6600200000	15027
00	latency	6630200000	12812
00	latency	6660200000	11577
00	latency	6690200000	12727
00	latency	6720200000	16018
00	latency	6750200000	18707
00	latency	6780200000	10207
00	latency	6810200000	13222
00	latency	6840200000	12922
00	latency	6870200000	12213
00	latency	6900200000	14245
00	latency	6930200000	9999
00	latency	6960200000	11237
00	latency	6990200000	16521
00	latency	7020200000	45999
00	latency	7050200000	11413
00	latency	7080200000	15586
00	latency	7110200000	14969
00	latency	7140200000	13453
00	latency	7170200000	14765
00	latency	7200200000	11658
00	latency	7230200000	17715
00	latency	7260200000	11162
00	latency	7290200000	14436
00	latency	7320200000	9893
00	latency	7350200000	13747
00	latency	7380200000	14318
00	latency	7410200000	10773
00	latency	7440200000	16910
00	latency	7470200000	13987
00	latency	7500200000	16327
00	latency	7530200000	11143
00	latency	7560200000	12352
00	latency	7590200000	16700
00	latency	7620200000	12423
00	latency	7650200000	18435
00	latency	7680200000	14116
00	latency	7710200000	15976
00	latency	7740200000	10156
00	latency	7770200000	14228
00	latency	7800200000	9792
00	latency	7830200000	11205
00	latency	7860200000	13384
00	latency	7890200000	12959
00	latency	7920200000	17729
00	latency	7950200000	17737
00	latency	7980200000	17547
00	latency	8010200000	10813
00	latency	8040200000	14424
00	latency	8070200000	14348
00	latency	8100200000	17032
00	latency	8130200000	17732
00	latency	8160200000	10901
00	latency	8190200000	17009
00	latency	8220200000	10794
00	latency	8250200000	17436
00	latency	8280200000	15967
00	latency	8310200000	17589
00	latency	8340200000	14196
00	latency	8370200000	17801
00	latency	8400200000	14724
00	latency	8430200000	35443
00	latency	8460200000	10326
00	latency	8490200000	13995
00	latency	8520200000	15538
00	latency	8550200000	11015
00	latency	8580200000	17064
00	latency	8610200000	16496
00	latency	8640200000	20842
00	latency	8670200000	27862
00	latency	8700200000	14991
00	latency	8730200000	17158
00	latency	8760200000	14296
00	latency	8790200000	17113
00	latency	8820200000	16303
00	latency	8850200000	13224
00	latency	8880200000	16180
00	latency	8910200000	31751
00	latency	8940200000	13676
00	latency	8970200000	12217
00	latency	9000200000	11940
00	latency	9030200000	14281
00	latency	9060200000	17278
00	latency	9090200000	16036
00	latency	9120200000	10097
00	latency	9150200000	18336
00	latency	9180200000	16352
00	latency	9210200000	12553
00	latency	9240200000	13512
00	latency	9270200000	17077
00	latency	9300200000	14563
00	latency	9330200000	14144
00	latency	9360200000	18209
00	latency	9390200000	15765
00	latency	9420200000	16123
00	latency	9450200000	14661
00	latency	9480200000	12867
00	latency	9510200000	14834
00	latency	9540200000	11425
00	latency	9570200000	14824
00	latency	9600200000	16482
00	latency	9630200000	10317
00	latency	9660200000	14826
00	latency	9690200000	19689
00	latency	9720200000	10866
00	latency	9750200000	12541
00	latency	9780200000	12411
00	latency	9810200000	16218
00	latency	9840200000	10056
00	latency	9870200000	16121
00	latency	9900200000	11698
00	latency	9930200000	12403
00	latency	9960200000	9921
00	latency	9990200000	10612
00	latency	10020200000	12936
00	latency	10050200000	17307
00	latency	10080200000	10424
00	latency	10110200000	14926
00	latency	10140200000	14307
00	latency	10170200000	12892
00	latency	10200200000	12068
00	latency	10230200000	10425
00	latency	10260200000	15364
00	latency	10290200000	10971
00	latency	10320200000	23380
00	latency	10350200000	12621
00	latency	10380200000	16835
00	latency	10410200000	13724
00	latency	10440200000	10414
00	latency	10470200000	17330
00	latency	10500200000	13504
00	latency	10530200000	16458
00	latency	10560200000	14487
00	latency	10590200000	15292
00	latency	10620200000	15960
00	latency	10650200000	14882
00	latency	10680200000	13341
00	latency	10710200000	16832
00	latency	10740200000	17882
00	latency	10770200000	14730
00	latency	10800200000	18333
00	latency	10830200000	12975
00	latency	10860200000	11238
00	latency	10890200000	31425
00	latency	10920200000	18310
00	latency	10950200000	11362
00	latency	10980200000	12806
00	latency	11010200000	11433
00	latency	11040200000	51408
00	latency	11070200000	15396
00	latency	11100200000	14858
00	latency	11130200000	16671
00	latency	11160200000	13774
00	latency	11190200000	16457
00	latency	11220200000	34006
00	latency	11250200000	16679
00	latency	11280200000	13102
00	latency	11310200000	15951
00	latency	11340200000	14189
00	latency	11370200000	10018
00	latency	11400200000	11057
00	latency	11430200000	15851
00	latency	11460200000	11667
00	latency	11490200000	17233
00	latency	11520200000	15107
00	latency	11550200000	14913
00	latency	11580200000	18534
00	latency	11610200000	17064
00	latency	11640200000	13724
00	latency	11670200000	12869
00	latency	11700200000	16460
00	latency	11730200000	14130
00	latency	11760200000	10773
00	latency	11790200000	16586
00	latency	11820200000	14987
00	latency	11850200000	13049
00	latency	11880200000	11978
00	latency	11910200000	15451
00	latency	11940200000	13463
00	latency	11970200000	17150
00	latency	12000200000	11976
00	latency	12030200000	10914
00	latency	12060200000	12149
00	latency	12090200000	10147
00	latency	12120200000	17408
00	latency	12150200000	16598
00	latency	12180200000	18742
00	latency	12210200000	11414
00	latency	12240200000	11176
00	latency	12270200000	14256
00	latency	12300200000	16541
00	latency	12330200000	14266
00	latency	12360200000	13504
00	latency	12390200000	17965
00	latency	12420200000	17895
00	latency	12450200000	15831
00	latency	12480200000	22793
00	latency	12510200000	11524
00	latency	12540200000	11114
00	latency	12570200000	12368
00	latency	12600200000	17404
00	latency	12630200000	12119
00	latency	12660200000	13893
00	latency	12690200000	10882
00	latency	12720200000	18517
00	latency	12750200000	14442
00	latency	12780200000	21839
00	latency	12810200000	16682
00	latency	12840200000	17387
00	latency	12870200000	12506
00	latency	12900200000	12195
00	latency	12930200000	17234
00	latency	12960200000	18321
00	latency	12990200000	10238
00	latency	13020200000	15485
00	latency	13050200000	13237
00	latency	13080200000	18037
00	latency	13110200000	16568
00	latency	13140200000	16607
00	latency	13170200000	11874
00	latency	13200200000	11496
00	latency	13230200000	13241
00	latency	13260200000	15068
00	latency	13290200000	15689
00	latency	13320200000	16597
00	latency	13350200000	15097
00	latency	13380200000	11669
00	latency	13410200000	17114
00	latency	13440200000	13246
00	latency	13470200000	12756
00	latency	13500200000	14905
00	latency	13530200000	13311
00	latency	13560200000	17036
00	latency	13590200000	10804
00	latency	13620200000	13798
00	latency	13650200000	16179
00	latency	13680200000	18711
00	latency	13710200000	13611
00	latency	13740200000	11604
00	latency	13770200000	10082
00	latency	13800200000	10195
00	latency	13830200000	12764
00	latency	13860200000	14384
00	latency	13890200000	13349
00	latency	13920200000	13801
00	latency	13950200000	17778
00	latency	13980200000	10227
00	latency	14010200000	13426
00	latency	14040200000	36295
00	latency	14070200000	11231
00	latency	14100200000	11102
00	latency	14130200000	14037
00	latency	14160200000	12501
00	latency	14190200000	16896
00	latency	14220200000	11715
00	latency	14250200000	11524
00	latency	14280200000	15235
00	latency	14310200000	20356
00	latency	14340200000	16323
00	latency	14370200000	15759
00	latency	14400200000	14555
00	latency	14430200000	14727
00	latency	14460200000	15327
00	latency	14490200000	13463
00	latency	14520200000	14413
00	latency	14550200000	17229
00	latency	14580200000	12216
00	latency	14610200000	16008
00	latency	14640200000	12109
00	latency	14670200000	16951
00	latency	14700200000	16322
00	latency	14730200000	10862
00	latency	14760200000	17696
00	latency	14790200000	11906
00	latency	14820200000	12020
00	latency	14850200000	11278
00	latency	14880200000	14023
00	latency	14910200000	37565
00	latency	14940200000	17834
00	latency	14970200000	12466
00	latency	15000200000	13610
00	latency	15030200000	15869
00	latency	15060200000	13105
00	latency	15090200000	12042
00	latency	15120200000	16678
00	latency	15150200000	13784
00	latency	15180200000	15149
00	latency	15210200000	15716
00	latency	15240200000	12222
00	latency	15270200000	16941
00	latency	15300200000	15172
00	latency	15330200000	14486
00	latency	15360200000	12780
00	latency	15390200000	12820
00	latency	15420200000	23642
00	latency	15450200000	14734
00	latency	15480200000	25386
00	latency	15510200000	11430
00	latency	15540200000	15418
00	latency	15570200000	15755
00	latency	15600200000	18500
00	latency	15630200000	10613
00	latency	15660200000	15031
00	latency	15690200000	17783
00	latency	15720200000	14324
00	latency	15750200000	12918
00	latency	15780200000	15534
00	latency	15810200000	17996
00	latency	15840200000	18242
00	latency	15870200000	14412
00	latency	15900200000	10677
00	latency	15930200000	14877
00	latency	15960200000	16238
00	latency	15990200000	18217
00	latency	16020200000	14197
00	latency	16050200000	17152
00	latency	16080200000	12356
00	latency	16110200000	14211
00	latency	16140200000	17476
00	latency	16170200000	12188
00	latency	16200200000	15003
00	latency	16230200000	10647
00	latency	16260200000	11336
00	latency	16290200000	11369
00	latency	16320200000	37296
00	latency	16350200000	13832
00	latency	16380200000	14995
00	latency	16410200000	13504
00	latency	16440200000	14241
00	latency	16470200000	12503
00	latency	16500200000	14062
00	latency	16530200000	16497
00	latency	16560200000	10716
00	latency	16590200000	10976
00	latency	16620200000	55996
00	latency	16650200000	13373
00	latency	16680200000	17296
00	latency	16710200000	17877
00	latency	16740200000	16535
00	latency	16770200000	14752
00	latency	16800200000	18061
00	latency	16830200000	10428
00	latency	16860200000	12259
00	latency	16890200000	17064
00	latency	16920200000	11416
00	latency	16950200000	11838
00	latency	16980200000	17233
00	latency	17010200000	18629
00	latency	17040200000	14698
00	latency	17070200000	30551
00	latency	17100200000	10792
00	latency	17130200000	12028
00	latency	17160200000	12497
00	latency	17190200000	17365
00	latency	17220200000	15728
00	latency	17250200000	17807
00	latency	17280200000	13987
00	latency	17310200000	15018
00	latency	17340200000	10435
00	latency	17370200000	15292
00	latency	17400200000	13391
00	latency	17430200000	14478
00	latency	17460200000	13426
00	latency	17490200000	10500
00	latency	17520200000	18837
00	latency	17550200000	11056
00	latency	17580200000	14282
00	latency	17610200000	16007
00	latency	17640200000	11590
00	latency	17670200000	15365
00	latency	17700200000	17236
00	latency	17730200000	16350
00	latency	17760200000	12039
00	latency	17790200000	17972
00	latency	17820200000	15065
00	latency	17850200000	13988
00	latency	17880200000	49421
00	latency	17910200000	13123
00	latency	17940200000	14140
00	latency	17970200000	12543
00	latency	18000200000	17721
00	latency	18030200000	14617
00	latency	18060200000	11426
00	latency	18090200000	14758
00	latency	18120200000	13040
00	latency	18150200000	10377
00	latency	18180200000	17069
00	latency	18210200000	25572
00	latency	18240200000	17342
00	latency	18270200000	49344
00	latency	18300200000	13991
00	latency	18330200000	10917
00	latency	18360200000	14816
00	latency	18390200000	10520
00	latency	18420200000	10979
00	latency	18450200000	13392
00	latency	18480200000	11677
00	latency	18510200000	17004
00	latency	18540200000	13621
00	latency	18570200000	13958
00	latency	18600200000	18548
00	latency	18630200000	11413
00	latency	18660200000	16606
00	latency	18690200000	14839
00	latency	18720200000	11734
00	latency	18750200000	14696
00	latency	18780200000	16904
00	latency	18810200000	15006
00	latency	18840200000	11733
00	latency	18870200000	16548
00	latency	18900200000	12870
00	latency	18930200000	14853
00	latency	18960200000	11189
00	latency	18990200000	12573
00	latency	19020200000	11762
00	latency	19050200000	14553
00	latency	19080200000	13962
00	latency	19110200000	10747
00	latency	19140200000	12966
00	latency	19170200000	13769
00	latency	19200200000	12812
00	latency	19230200000	16318
00	latency	19260200000	16346
00	latency	19290200000	14619
00	latency	19320200000	11971
00	latency	19350200000	11404
00	latency	19380200000	16803
00	latency	19410200000	11847
00	latency	19440200000	13720
00	latency	19470200000	16730
00	latency	19500200000	11129
00	latency	19530200000	18930
00	latency	19560200000	14289
00	latency	19590200000	16432
00	latency	19620200000	12416
00	latency	19650200000	13344
00	latency	19680200000	14902
00	latency	19710200000	11182
00	latency	19740200000	12573
00	latency	19770200000	17177
00	latency	19800200000	15026
00	latency	19830200000	18728
00	latency	19860200000	15723
00	latency	19890200000	14099
00	latency	19920200000	31903
00	latency	19950200000	18475
00	latency	19980200000	13346
00	latency	20010200000	94630
00	latency	20040200000	17047
00	latency	20070200000	14171
00	latency	20100200000	14217
00	latency	20130200000	9655
00	latency	20160200000	16810
00	latency	20190200000	12406
00	latency	20220200000	12981
00	latency	20250200000	13527
00	latency	20280200000	15875
00	latency	20310200000	12576
00	latency	20340200000	16709
00	latency	20370200000	17021
00	latency	20400200000	10797
00	latency	20430200000	12356
00	latency	20460200000	11776
00	latency	20490200000	31523
00	latency	20520200000	13636
00	latency	20550200000	52761
00	latency	20580200000	14895
00	latency	20610200000	17502
00	latency	20640200000	12659
00	latency	20670200000	17543
00	latency	20700200000	14186
00	latency	20730200000	9809
00	latency	20760200000	11586
00	latency	20790200000	17136
00	latency	20820200000	15222
00	latency	20850200000	11400
00	latency	20880200000	17537
00	latency	20910200000	13684
00	latency	20940200000	10223
00	latency	20970200000	9906
00	latency	21000200000	16696
00	latency	21030200000	10394
00	latency	21060200000	16688
00	latency	21090200000	13973
00	latency	21120200000	15615
00	latency	21150200000	17487
00	latency	21180200000	16260
00	latency	21210200000	14441
00	latency	21240200000	12440
00	latency	21270200000	14265
00	latency	21300200000	15530
00	latency	21330200000	18166
00	latency	21360200000	13255
00	latency	21390200000	17663
00	latency	21420200000	12024
00	latency	21450200000	15967
00	latency	21480200000	10545
00	latency	21510200000	17275
00	latency	21540200000	13754
00	latency	21570200000	10552
00	latency	21600200000	14314
00	latency	21630200000	20472
00	latency	21660200000	10888
00	latency	21690200000	14397
00	latency	21720200000	13158
00	latency	21750200000	15402
00	latency	21780200000	13894
00	latency	21810200000	17434
00	latency	21840200000	14605
00	latency	21870200000	16453
00	latency	21900200000	16924
00	latency	21930200000	12267
00	latency	21960200000	10180
00	latency	21990200000	14010
00	latency	22020200000	14411
00	latency	22050200000	15433
00	latency	22080200000	15752
00	latency	22110200000	15381
00	latency	22140200000	11748
00	latency	22170200000	12268
00	latency	22200200000	16077
00	latency	22230200000	11996
00	latency	22260200000	18142
00	latency	22290200000	11173
00	latency	22320200000	15248
00	latency	22350200000	15794
00	latency	22380200000	10549
00	latency	22410200000	16992
00	latency	22440200000	18039
00	latency	22470200000	18946
00	latency	22500200000	17123
00	latency	22530200000	11648
00	latency	22560200000	10212
00	latency	22590200000	15140
00	latency	22620200000	17793
00	latency	22650200000	11129
00	latency	22680200000	18336
00	latency	22710200000	14103
00	latency	22740200000	10627
00	latency	22770200000	15076
00	latency	22800200000	16917
00	latency	22830200000	12470
00	latency	22860200000	15029
00	latency	22890200000	16824
00	latency	22920200000	14871
00	latency	22950200000	18472
00	latency	22980200000	12105
00	latency	23010200000	13828
00	latency	23040200000	11189
00	latency	23070200000	18008
00	latency	23100200000	14934
00	latency	23130200000	13241
00	latency	23160200000	14566
00	latency	23190200000	10338
00	latency	23220200000	18382
00	latency	23250200000	13003
00	latency	23280200000	10310
00	latency	23310200000	12889
00	latency	23340200000	12677
00	latency	23370200000	14299
00	latency	23400200000	17884
00	latency	23430200000	16574
00	latency	23460200000	12253
00	latency	23490200000	16339
00	latency	23520200000	12074
00	latency	23550200000	13545
00	latency	23580200000	18124
00	latency	23610200000	16824
00	latency	23640200000	16121
00	latency	23670200000	31144
00	latency	23700200000	10332
00	latency	23730200000	13673
00	latency	23760200000	15153
00	latency	23790200000	14349
00	latency	23820200000	10981
00	latency	23850200000	11584
00	latency	23880200000	11188
00	latency	23910200000	17104
00	latency	23940200000	12778
00	latency	23970200000	42774
00	latency	24000200000	18005
00	latency	24030200000	13967
00	latency	24060200000	10093
00	latency	24090200000	9972
00	latency	24120200000	18300
00	latency	24150200000	15203
00	latency	24180200000	9671
00	latency	24210200000	17108
00	latency	24240200000	15947
00	latency	24270200000	26075
00	latency	24300200000	14606
00	latency	24330200000	16916
00	latency	24360200000	16790
00	latency	24390200000	17405
00	latency	24420200000	10819
00	latency	24450200000	13965
00	latency	24480200000	10544
00	latency	24510200000	18839
00	latency	24540200000	13241
00	latency	24570200000	13001
00	latency	24600200000	13968
00	latency	24630200000	27883
00	latency	24660200000	17982
00	latency	24690200000	14257
00	latency	24720200000	14554
00	latency	24750200000	42927
00	latency	24780200000	12292
00	latency	24810200000	19028
00	latency	24840200000	13189
00	latency	24870200000	15688
00	latency	24900200000	11606
00	latency	24930200000	13014
00	latency	24960200000	12824
00	latency	24990200000	14758
00	latency	25020200000	15828
00	latency	25050200000	12606
00	latency	25080200000	15245
00	latency	25110200000	14943
00	latency	25140200000	15842
00	latency	25170200000	10481
00	latency	25200200000	12778
00	latency	25230200000	20255
00	latency	25260200000	10836
00	latency	25290200000	15030
00	latency	25320200000	18321
00	latency	25350200000	16763
00	latency	25380200000	13250
00	latency	25410200000	10861
00	latency	25440200000	15883
00	latency	25470200000	21026
00	latency	25500200000	12892
00	latency	25530200000	17148
00	latency	25560200000	16719
00	latency	25590200000	10776
00	latency	25620200000	14435
00	latency	25650200000	13334
00	latency	25680200000	18337
00	latency	25710200000	12262
00	latency	25740200000	14806
00	latency	25770200000	15272
00	latency	25800200000	14382
00	latency	25830200000	34180
00	latency	25860200000	16102
00	latency	25890200000	16146
00	latency	25920200000	31730
00	latency	25950200000	17809
00	latency	25980200000	14513
00	latency	26010200000	14927
00	latency	26040200000	16671
00	latency	26070200000	13895
00	latency	26100200000	15590
00	latency	26130200000	11840
00	latency	26160200000	13093
00	latency	26190200000	13275
00	latency	26220200000	17296
00	latency	26250200000	10840
00	latency	26280200000	16764
00	latency	26310200000	11331
00	latency	26340200000	16083
00	latency	26370200000	14116
00	latency	26400200000	10864
00	latency	26430200000	10447
00	latency	26460200000	16336
00	latency	26490200000	15170
00	latency	26520200000	11556
00	latency	26550200000	12724
00	latency	26580200000	11409
00	latency	26610200000	15234
00	latency	26640200000	9879
00	latency	26670200000	12210
00	latency	26700200000	17803
00	latency	26730200000	16232
00	latency	26760200000	11610
00	latency	26790200000	15861
00	latency	26820200000	10757
00	latency	26850200000	11154
00	latency	26880200000	12535
00	latency	26910200000	11964
00	latency	26940200000	11659
00	latency	26970200000	13908
00	latency	27000200000	17140
00	latency	27030200000	12327
00	latency	27060200000	13991
00	latency	27090200000	13645
00	latency	27120200000	14989
00	latency	27150200000	16654
00	latency	27180200000	11758
00	latency	27210200000	16813
00	latency	27240200000	12449
00	latency	27270200000	17015
00	latency	27300200000	15535
00	latency	27330200000	12355
00	latency	27360200000	13672
00	latency	27390200000	17024
00	latency	27420200000	13154
00	latency	27450200000	14253
00	latency	27480200000	14124
00	latency	27510200000	16339
00	latency	27540200000	16148
00	latency	27570200000	11824
00	latency	27600200000	9484
00	latency	27630200000	15408
00	latency	27660200000	15678
00	latency	27690200000	12938
00	latency	27720200000	12936
00	latency	27750200000	14182
00	latency	27780200000	15836
00	latency	27810200000	11472
00	latency	27840200000	17597
00	latency	27870200000	9405
00	latency	27900200000	10111
00	latency	27930200000	14959
00	latency	27960200000	16692
00	latency	27990200000	14095
00	latency	28020200000	10726
00	latency	28050200000	14616
00	latency	28080200000	17530
00	latency	28110200000	11355
00	latency	28140200000	10045
00	latency	28170200000	13059
00	latency	28200200000	15645
00	latency	28230200000	17320
00	latency	28260200000	10029
00	latency	28290200000	12285
00	latency	28320200000	12429
00	latency	28350200000	16570
00	latency	28380200000	11462
00	latency	28410200000	11587
00	latency	28440200000	11484
00	latency	28470200000	22520
00	latency	28500200000	14321
00	latency	28530200000	15023
00	latency	28560200000	12000
00	latency	28590200000	11852
00	latency	28620200000	17802
00	latency	28650200000	16069
00	latency	28680200000	10533
00	latency	28710200000	10872
00	latency	28740200000	18248
00	latency	28770200000	17047
00	latency	28800200000	13918
00	latency	28830200000	15940
00	latency	28860200000	15338
00	latency	28890200000	14568
00	latency	28920200000	16119
00	latency	28950200000	14006
00	latency	28980200000	14603
00	latency	29010200000	16905
00	latency	29040200000	11409
00	latency	29070200000	11093
00	latency	29100200000	13798
00	latency	29130200000	15763
00	latency	29160200000	10497
00	latency	29190200000	11705
00	latency	29220200000	11324
00	latency	29250200000	17050
00	latency	29280200000	18765
00	latency	29310200000	10225
00	latency	29340200000	26567
00	latency	29370200000	15779
00	latency	29400200000	13762
00	latency	29430200000	10890
00	latency	29460200000	17259
00	latency	29490200000	16660
00	latency	29520200000	11106
00	latency	29550200000	14412
00	latency	29580200000	18284
00	latency	29610200000	14050
00	latency	29640200000	13731
00	latency	29670200000	13661
00	latency	29700200000	12274
00	latency	29730200000	10602
00	latency	29760200000	11668
00	latency	29790200000	12703
00	latency	29820200000	14148
00	latency	29850200000	14180
00	latency	29880200000	13513
00	latency	29910200000	16546
00	latency	29940200000	12531
00	latency	29970200000	12558

00	redistr:	10000004342	10000000
00	redistr:	20000011996	10000000
00	redistr:	20000059556	10000000
00	redistr:	20000265633	10000000
00	redistr:	20000298473	10000000
00	redistr:	20000430902	10000000
00	redistr:	20000455734	10000000
00	redistr:	20000598400	10000000
00	redistr:	20000628451	10000000
00	redistr:	20000756143	10000000
00	redistr:	20000780198	10000000
00	redistr:	20000900078	10000000
00	redistr:	20000927215	10000000
00	redistr:	20001055226	10000000
00	redistr:	20001079552	10000000
00	redistr:	20001200630	10000000
00	redistr:	20001226266	10000000
00	redistr:	20001344036	10000000
00	redistr:	20001369231	10000000
00	redistr:	20001486413	10000000
00	redistr:	20001512785	10000000
00	redistr:	20001628663	10000000
00	redistr:	20001657726	10000000
00	redistr:	20001777419	10000000
00	redistr:	20001801028	10000000
00	redistr:	20001920739	10000000
00	redistr:	20001942562	10000000
00	redistr:	20002068130	10000000
00	redistr:	20002093834	10000000
00	redistr:	20002211417	10000000
00	redistr:	20002236190	10000000
00	redistr:	20002376609	10000000
00	redistr:	20002401630	10000000
00	redistr:	20002540497	10000000
00	redistr:	20002566236	10000000
00	redistr:	20002694194	10000000
00	redistr:	20002720161	10000000
00	redistr:	20002849842	10000000
00	redistr:	20002879157	10000000
00	redistr:	20003004628	10000000
00	redistr:	20003032844	10000000
00	redistr:	20003164908	10000000
00	redistr:	20003188623	10000000
00	redistr:	20003327478	10000000
00	redistr:	20003356980	10000000
00	redistr:	20003488981	10000000
00	redistr:	20003516012	10000000
00	redistr:	20003646392	10000000
00	redistr:	20003669507	10000000
00	redistr:	20003796562	10000000
00	redistr:	20003826303	10000000
00	redistr:	20003963967	10000000
00	redistr:	20003989498	10000000
00	redistr:	20004107630	10000000
00	redistr:	20004131589	10000000
00	redistr:	20004243033	10000000
00	redistr:	20004267698	10000000
00	redistr:	20004387781	10000000
00	redistr:	20004414337	10000000
00	redistr:	20004525807	10000000
00	redistr:	20004547778	10000000
00	redistr:	20004681550	10000000
00	redistr:	20004711360	10000000
00	redistr:	20004828429	10000000
00	redistr:	20004853044	10000000
00	redistr:	20004984868	10000000
00	redistr:	20005012249	10000000
00	redistr:	20005127489	10000000
00	redistr:	20005151927	10000000
00	redistr:	20005265173	10000000
00	redistr:	20005291251	10000000
00	redistr:	20005418908	10000000
00	redistr:	20005443085	10000000
00	redistr:	20005572024	10000000
00	redistr:	20005594052	10000000
00	redistr:	20005732066	10000000
00	redistr:	20005757812	10000000
00	redistr:	20005864857	10000000
00	redistr:	20005888832	10000000
00	redistr:	20006001575	10000000
00	redistr:	20006028899	10000000
00	redistr:	20006163582	10000000
00	redistr:	20006187703	10000000
00	redistr:	20006298923	10000000
00	redistr:	20006324938	10000000
00	redistr:	20006430829	10000000
00	redistr:	20006459886	10000000
00	redistr:	20006561634	10000000
00	redistr:	20006586682	10000000
00	redistr:	20006708554	10000000
00	redistr:	20006734262	10000000
00	redistr:	20006843465	10000000
00	redistr:	20006867658	10000000
00	redistr:	20006969723	10000000
00	redistr:	20006995036	10000000
00	redistr:	20007103723	10000000
00	redistr:	20007131446	10000000
00	redistr:	20007236059	10000000
00	redistr:	20007258504	10000000
00	redistr:	20007365222	10000000
00	redistr:	20007390373	10000000
00	redistr:	20007528201	10000000
00	redistr:	20007553269	10000000
00	redistr:	20007671408	10000000
00	redistr:	20007696638	10000000
00	redistr:	20007821593	10000000
00	redistr:	20007846290	10000000
00	redistr:	20007953934	10000000
00	redistr:	20007979110	10000000
00	redistr:	20008086030	10000000
00	redistr:	20008112466	10000000
00	redistr:	20008234583	10000000
00	redistr:	20008256474	10000000
00	redistr:	20008361115	10000000
00	redistr:	20008385199	10000000
00	redistr:	20008488575	10000000
00	redistr:	20008515864	10000000
00	redistr:	20008612583	10000000
00	redistr:	20008637067	10000000
00	redistr:	20008741177	10000000
00	redistr:	20008765766	10000000
00	redistr:	20008880521	10000000
00	redistr:	20008909091	10000000
00	redistr:	20009016895	10000000
00	redistr:	20009041749	10000000
00	redistr:	20009140302	10000000
00	redistr:	20009165632	10000000
00	redistr:	20009284225	10000000
00	redistr:	20009311603	10000000
00	redistr:	20009446314	10000000
00	redistr:	20009471133	10000000
00	redistr:	20009600648	10000000
00	redistr:	20009627759	10000000
00	redistr:	20009747025	10000000
00	redistr:	20009773655	10000000
00	redistr:	20009892802	10000000
00	redistr:	20009918978	10000000
00	redistr:	20010042524	10000000
00	redistr:	20010064280	10000000
00	redistr:	20010164317	10000000
00	redistr:	20010187740	10000000
00	redistr:	20010294700	10000000
00	redistr:	20010320275	10000000
00	redistr:	20010425506	10000000
00	redistr:	20010449139	10000000
00	redistr:	20010552881	10000000
00	redistr:	20010574087	10000000
00	redistr:	20010681023	10000000
00	redistr:	20010709027	10000000
00	redistr:	20010812454	10000000
00	redistr:	20010840837	10000000
00	redistr:	20010957559	10000000
00	redistr:	20010982673	10000000
00	redistr:	20011090992	10000000
00	redistr:	20011119301	10000000
00	redistr:	20011220136	10000000
00	redistr:	20011245165	10000000
00	redistr:	20011343495	10000000
00	redistr:	20011368398	10000000
00	redistr:	20011483570	10000000
00	redistr:	20011510253	10000000
00	redistr:	20011624095	10000000
00	redistr:	20011650989	10000000
00	redistr:	20011763865	10000000
00	redistr:	20011787399	10000000
00	redistr:	20011903744	10000000
00	redistr:	20011930720	10000000
00	redistr:	20012025811	10000000
00	redistr:	20012049482	10000000
00	redistr:	20012148273	10000000
00	redistr:	20012172673	10000000
00	redistr:	20012292001	10000000
00	redistr:	20012319372	10000000
00	redistr:	20012422813	10000000
00	redistr:	20012446581	10000000
00	redistr:	20012549765	10000000
00	redistr:	20012573906	10000000
00	redistr:	20012681583	10000000
00	redistr:	20012707516	10000000
00	redistr:	20012858457	10000000
00	redistr:	20012882255	10000000
00	redistr:	20012997457	10000000
00	redistr:	20013025672	10000000
00	redistr:	20013132568	10000000
00	redistr:	20013176183	10000000
00	redistr:	20013308209	10000000
00	redistr:	20013334145	10000000
00	redistr:	20013433676	10000000
00	redistr:	20013455633	10000000
00	redistr:	20013550684	10000000
00	redistr:	20013574556	10000000
00	redistr:	20013676873	10000000
00	redistr:	20013700397	10000000
00	redistr:	20013800309	10000000
00	redistr:	20013827672	10000000
00	redistr:	20013922768	10000000
00	redistr:	20013946751	10000000
00	redistr:	20014052565	10000000
00	redistr:	20014077103	10000000
00	redistr:	20014179274	10000000
00	redistr:	20014203777	10000000
00	redistr:	20014317998	10000000
00	redistr:	20014342303	10000000
00	redistr:	20014443885	10000000
00	redistr:	20014467300	10000000
00	redistr:	20014568685	10000000
00	redistr:	20014603034	10000000
00	redistr:	20014702894	10000000
00	redistr:	20014730976	10000000
00	redistr:	20014828690	10000000
00	redistr:	20014858794	10000000
00	redistr:	20014966742	10000000
00	redistr:	20014992508	10000000
00	redistr:	20015095876	10000000
00	redistr:	20015120952	10000000
00	redistr:	20015227201	10000000
00	redistr:	20015250747	10000000
00	redistr:	20015346989	10000000
00	redistr:	20015371266	10000000
00	redistr:	20015470759	10000000
00	redistr:	20015497028	10000000
00	redistr:	20015616413	10000000
00	redistr:	20015641429	10000000
00	redistr:	20015744326	10000000
00	redistr:	20015768690	10000000
00	redistr:	20015865550	10000000
00	redistr:	20015890028	10000000
00	redistr:	20015985203	10000000
00	redistr:	20016013017	10000000
00	redistr:	20016110690	10000000
00	redistr:	20016135577	10000000
00	redistr:	20016247095	10000000
00	redistr:	20016272179	10000000
00	redistr:	20016368120	10000000
00	redistr:	20016393609	10000000
00	redistr:	20016486518	10000000
00	redistr:	20016512617	10000000
00	redistr:	20016616335	10000000
00	redistr:	20016642424	10000000
00	redistr:	20016745538	10000000
00	redistr:	20016770063	10000000
00	redistr:	20016882658	10000000
00	redistr:	20016909967	10000000
00	redistr:	20017011878	10000000
00	redistr:	20017036945	10000000
00	redistr:	20017137589	10000000
00	redistr:	20017160776	10000000
00	redistr:	20017257102	10000000
00	redistr:	20017282383	10000000
00	redistr:	20017379695	10000000
00	redistr:	20017404669	10000000
00	redistr:	20017503085	10000000
00	redistr:	20017529276	10000000
00	redistr:	20017630118	10000000
00	redistr:	20017654912	10000000
00	redistr:	20017756061	10000000
00	redistr:	20017780455	10000000
