1250	102056462
28126250	73931462
56251250	114033628
84376250	85908628
112501250	128285146
140626250	100160146
168751250	72035146
196876250	116093573
225001250	87968573
253126250	131072932
281251250	102947932
309376250	74822932
337501250	118231312
365626250	90106312
393751250	134157228
421876250	106032228
450001250	77907228
478126250	120663484
506251250	92538484
534376250	134904454
562501250	106779454
590626250	78654454
618751250	119429303
646876250	91304303
675001250	134027097
703126250	105902097
731251250	77777097
759376250	118495405
787501250	90370405
815626250	130525208
843751250	102400208
871876250	74275208
900001250	114086038
928126250	85961038
956251250	120104553
984376250	91979553
1014281428	62074375
1046411428	84510511
1078541428	96687352
1110671428	64557352
1142801428	69180368
1174931428	37050368
1207061428	36805817
1239191428	30561011
1271321428	36785374
1303451428	18734468
1335581428	15768724
1367711428	11445692
1399841428	4905302
1431971428	3458279
1464101428	2907516
1496231428	3350696
1528361428	3042152
1560491428	2227447
1592621428	3155705
1624751428	3054923
1656881428	3074538
1689011428	3214836
1721141428	3401333
1753271428	3431486
1785401428	2758093
1817531428	2839866
1849661428	2835661
1881791428	2946198
1913921428	2793436
1946051428	2440053
1978181428	2480601
2009025625	3083629
2037150625	4408889
2065275625	5575293
2093400625	13311628
2121525625	8154709
2149650625	9837452
2177775625	10825856
2205900625	11364523
2234025625	11537905
2262150625	13365980
2290275625	9146361
2318400625	11842396
2346525625	14068293
2374650625	8666594
2402775625	10071311
2430900625	15727009
2459025625	14236545
2487150625	11453037
2515275625	15501580
2543400625	10702916
2571525625	12677129
2599650625	9010759
2627775625	12873495
2655900625	8058836
2684025625	10313146
2712150625	11684100
2740275625	12465952
2768400625	11278071
2796525625	9285231
2824650625	14252220
2852775625	10346636
2880900625	13927099
2909025625	8913234
2937150625	15207759
2965275625	11477484
2993400625	14233820
3024590874	7267391
3056720874	3224034
3088850874	10041015
3120980874	15172457
3153110874	12252208
3185240874	6672960
3217370874	3248530
3249500874	2974882
3281630874	5325423
3313760874	4137508
3345890874	2618260
3378020874	3274228
3410150874	2368678
3442280874	2202801
3474410874	3714210
3506540874	2610305
3538670874	3612045
3570800874	2391130
3602930874	3136871
3635060874	2303940
3667190874	3790335
3699320874	3022747
3731450874	3060678
3763580874	3176908
3795710874	2259453
3827840874	2774519
3859970874	5224275
3892100874	5362010
3924230874	3350970
3956360874	4409579
3988490874	4701796
4018050000	6957130
4046175000	9249376
4074300000	7637337
4102425000	7592653
4130550000	8404361
4158675000	9352390
4186800000	13293584
4214925000	12506659
4243050000	10701619
4271175000	16056724
4299300000	12010708
4327425000	14948254
4355550000	12404635
4383675000	10328171
4411800000	15228932
4439925000	10826578
4468050000	13439915
4496175000	7918342
4524300000	14216366
4552425000	12970988
4580550000	10715036
4608675000	15792461
4636800000	12212497
4664925000	9153280
4693050000	16758652
4721175000	14775667
4749300000	12202558
4777425000	8899472
4805550000	12722887
4833675000	8067975
4861800000	19371186
4889925000	10296720
4918050000	9837870
4946175000	9066266
4974300000	16414244
5002770320	12977490
5034900320	7148406
5067030320	3265874
5099160320	3040599
5131290320	1945234
5163420320	2821914
5195550320	5797076
5227680320	2382585
5259810320	3504702
5291940320	2678631
5324070320	3672169
5356200320	2321385
5388330320	3718857
5420460320	3644397
5452590320	12750553
5484720320	9737367
5516850320	4642894
5548980320	2409724
5581110320	4162884
5613240320	2101110
5645370320	3266253
5677500320	2668447
5709630320	2172578
5741760320	3498619
5773890320	3544885
5806020320	2809595
5838150320	2080560
5870280320	2510206
5902410320	3503142
5934540320	2590072
5966670320	3745563
5998800320	3520638
6027074375	4997227
6055199375	5792779
6083324375	6016160
6111449375	9593872
6139574375	11847545
6167699375	13988806
6195824375	8650246
6223949375	17423533
6252074375	13536779
6280199375	24782525
6308324375	24244811
6336449375	22927288
6364574375	20902933
6392699375	17687964
6420824375	13430035
6448949375	21433911
6477074375	17081795
6505199375	11851215
6533324375	16768528
6561449375	20087654
6589574375	12153011
6617699375	18197165
6645824375	12604551
6673949375	16516804
6702074375	18588929
6730199375	9606301
6758324375	8926367
6786449375	18883791
6814574375	9130485
6842699375	16323582
6870824375	14067163
6898949375	10718971
6927074375	15845818
6955199375	17126124
6983324375	16056790
7013079766	8121974
7045209766	4738163
7077339766	2584945
7109469766	4126916
7141599766	3047686
7173729766	3557837
7205859766	1972459
7237989766	2240162
7270119766	2238486
7302249766	5099434
7334379766	3520583
7366509766	3249604
7398639766	1823238
7430769766	3449275
7462899766	3416290
7495029766	3616366
7527159766	3029664
7559289766	1999735
7591419766	3056921
7623549766	3330779
7655679766	2460573
7687809766	2793597
7719939766	3276939
7752069766	2891174
7784199766	3321912
7816329766	2057648
7848459766	2846339
7880589766	2883928
7912719766	2516209
7944849766	2925126
7976979766	2797588
8007973750	3492696
8036098750	5482020
8064223750	11744823
8092348750	10628914
8120473750	9311926
8148598750	7886070
8176723750	13132355
8204848750	13449436
8232973750	7736002
8261098750	8675834
8289223750	9003234
8317348750	8957510
8345473750	8670381
8373598750	12941030
8401723750	11411470
8429848750	9023682
8457973750	13577826
8486098750	8949112
8514223750	11335223
8542348750	15618700
8570473750	11623338
8598598750	14320760
8626723750	8702610
8654848750	9918804
8682973750	11020608
8711098750	9530994
8739223750	17154946
8767348750	15082070
8795473750	12665604
8823598750	9976846
8851723750	16188701
8879848750	16298399
8907973750	15050561
8936098750	13369688
8964223750	10824213
8992348750	15788100
9023389212	7565205
9055519212	3803154
9087649212	3190809
9119779212	2211574
9151909212	3341223
9184039212	2620654
9216169212	2703740
9248299212	2263909
9280429212	2741567
9312559212	1920239
9344689212	2689857
9376819212	3501752
9408949212	3734782
9441079212	2113318
9473209212	2509795
9505339212	2419949
9537469212	3288916
9569599212	2323791
9601729212	3451359
9633859212	2449111
9665989212	2278965
9698119212	2560238
9730249212	2695520
9762379212	3211834
9794509212	3432057
9826639212	2605432
9858769212	3220110
9890899212	2629812
9923029212	3132661
9955159212	3386883
9987289212	2906281
10016998125	4784962754
10045123125	4756837754
10073248125	4728712754
10101373125	4700587754
10129498125	4672462754
10157623125	4644337754
10185748125	4616212754
10213873125	4588087754
10241998125	4559962754
10270123125	4531837754
10298248125	4503712754
10326373125	4475587754
10354498125	4447462754
10382623125	4419337754
10410748125	4391212754
10438873125	4363087754
10466998125	4334962754
10495123125	4306837754
10523248125	4278712754
10551373125	4250587754
10579498125	4222462754
10607623125	4194337754
10635748125	4166212754
10663873125	4138087754
10691998125	4109962754
10720123125	4081837754
10748248125	4053712754
10776373125	4025587754
10804498125	3997462754
10832623125	3969337754
10860748125	3941212754
10888873125	3913087754
10916998125	3884962754
10945123125	3856837754
10973248125	3828712754
11001568658	3800392221
11033698658	3768262221
11065828658	3736132221
11097958658	3704002221
11130088658	3671872221
11162218658	3639742221
11194348658	3607612221
11226478658	3575482221
11258608658	3543352221
11290738658	3511222221
11322868658	3479092221
11354998658	3446962221
11387128658	3414832221
11419258658	3382702221
11451388658	3350572221
11483518658	3318442221
11515648658	3286312221
11547778658	3254182221
11579908658	3222052221
11612038658	3189922221
11644168658	3157792221
11676298658	3125662221
11708428658	3093532221
11740558658	3061402221
11772688658	3029272221
11804818658	2997142221
11836948658	2965012221
11869078658	2932882221
11901208658	2900752221
11933338658	2868622221
11965468658	2836492221
11997598658	2804362221
12026022500	2775938379
12054147500	2747813379
12082272500	2719688379
12110397500	2691563379
12138522500	2663438379
12166647500	2635313379
12194772500	2607188379
12222897500	2579063379
12251022500	2550938379
12279147500	2522813379
12307272500	2494688379
12335397500	2466563379
12363522500	2438438379
12391647500	2410313379
12419772500	2382188379
12447897500	2354063379
12476022500	2325938379
12504147500	2297813379
12532272500	2269688379
12560397500	2241563379
12588522500	2213438379
12616647500	2185313379
12644772500	2157188379
12672897500	2129063379
12701022500	2100938379
12729147500	2072813379
12757272500	2044688379
12785397500	2016563379
12813522500	1988438379
12841647500	1960313379
12869772500	1932188379
12897897500	1904063379
12926022500	1875938379
12954147500	1847813379
12982272500	1819688379
13011878104	1790082775
13044008104	1757952775
13076138104	1725822775
13108268104	1693692775
13140398104	2668552784
13172528104	2636422784
13204658104	2604292784
13236788104	2572162784
13268918104	2540032784
13301048104	2507902784
13333178104	2475772784
13365308104	2443642784
13397438104	2411512784
13429568104	2379382784
13461698104	2347252784
13493828104	2315122784
13525958104	2282992784
13558088104	2250862784
13590218104	2218732784
13622348104	2186602784
13654478104	2154472784
13686608104	2122342784
13718738104	2090212784
13750868104	2058082784
13782998104	2025952784
13815128104	1993822784
13847258104	1961692784
13879388104	1929562784
13911518104	1897432784
13943648104	1865302784
13975778104	1833172784
14006921875	1802029013
14035046875	1773904013
14063171875	1745779013
14091296875	1717654013
14119421875	1689529013
14147546875	1661404013
14175671875	1633279013
14203796875	1605154013
14231921875	1577029013
14260046875	1548904013
14288171875	1520779013
14316296875	1492654013
14344421875	1464529013
14372546875	1436404013
14400671875	1408279013
14428796875	1380154013
14456921875	1352029013
14485046875	1323904013
14513171875	1295779013
14541296875	1267654013
14569421875	1239529013
14597546875	1211404013
14625671875	1183279013
14653796875	1155154013
14681921875	1127029013
14710046875	1098904013
14738171875	1070779013
14766296875	1042654013
14794421875	1014529013
14822546875	986404013
14850671875	958279013
14878796875	1490838690
14906921875	1462713690
14935046875	1434588690
14963171875	1406463690
14991296875	1378338690
15022187550	1347448015
15054317550	1315318015
15086447550	1283188015
15118577550	1251058015
15150707550	1218928015
15182837550	1186798015
15214967550	1154668015
15247097550	1122538015
15279227550	1090408015
15311357550	1058278015
15343487550	1026148015
15375617550	994018015
15407747550	961888015
15439877550	929758015
15472007550	897628015
15504137550	865498015
15536267550	833368015
15568397550	801238015
15600527550	769108015
15632657550	736978015
15664787550	704848015
15696917550	672718015
15729047550	640588015
15761177550	608458015
15793307550	576328015
15825437550	544198015
15857567550	850475537
15889697550	818345537
15921827550	786215537
15953957550	754085537
15986087550	721955537
16015946250	692096837
16044071250	663971837
16072196250	635846837
16100321250	607721837
16128446250	579596837
16156571250	551471837
16184696250	523346837
16212821250	495221837
16240946250	467096837
16269071250	438971837
16297196250	410846837
16325321250	382721837
16353446250	354596837
16381571250	326471837
16409696250	509990394
16437821250	481865394
16465946250	453740394
16494071250	425615394
16522196250	397490394
16550321250	369365394
16578446250	341240394
16606571250	313115394
16634696250	284990394
16662821250	256865394
16690946250	228740394
16719071250	334491381
16747196250	306366381
16775321250	278241381
16803446250	250116381
16831571250	221991381
16859696250	193866381
16887821250	165741381
16915946250	137616381
16944071250	187469794
16972196250	159344794
17000366996	131174048
17032496996	99044048
17064626996	108449242
17096756996	76319242
17128886996	44189242
17161016996	35319730
17193146996	14911629
17225276996	315694
17257406996	289854
17289536996	259529
17321666996	399867
17353796996	242033
17385926996	370229
17418056996	265386
17450186996	413510
17482316996	375369
17514446996	226858
17546576996	229672
17578706996	223343
17610836996	331078
17642966996	238547
17675096996	279488
17707226996	422442
17739356996	356101
17771486996	361998
17803616996	424676
17835746996	412270
17867876996	419769
17900006996	248744
17932136996	456897
17964266996	419771
17996396996	442330
18024970625	489081
18053095625	362945
18081220625	490579
18109345625	344050
18137470625	400551
18165595625	2082085
18193720625	353863
18221845625	321724
18249970625	322972
18278095625	469079
18306220625	512085
18334345625	334736
18362470625	579601
18390595625	543447
18418720625	594919
18446845625	323601
18474970625	428832
18503095625	454138
18531220625	389979
18559345625	401125
18587470625	505613
18615595625	335341
18643720625	585521
18671845625	315520
18699970625	408364
18728095625	388549
18756220625	325365
18784345625	433743
18812470625	451575
18840595625	402895
18868720625	411003
18896845625	528101
18924970625	427212
18953095625	581643
18981220625	1587529
19010676442	279169
19042806442	384769
19074936442	356491
19107066442	421388
19139196442	280679
19171326442	395923
19203456442	265386
19235586442	314884
19267716442	342128
19299846442	397156
19331976442	413469
19364106442	393298
19396236442	424306
19428366442	351521
19460496442	300901
19492626442	391686
19524756442	305184
19556886442	321776
19589016442	377292
19621146442	239619
19653276442	383634
19685406442	454412
19717536442	286829
19749666442	313069
19781796442	414498
19813926442	438283
19846056442	433315
19878186442	295899
19910316442	363636
19942446442	277703
19974576442	317876
20005870000	16562686
20033995000	20316152
20062120000	11782474
20090245000	15581127
20118370000	14251825
20146495000	9959817
20174620000	9181348
20202745000	4574229
20230870000	3108487
20258995000	11998357
20287120000	16959891
20315245000	14612777
20343370000	13685757
20371495000	13506091
20399620000	12293678
20427745000	11963764
20455870000	10007096
20483995000	7753593
20512120000	11346460
20540245000	9873904
20568370000	8644863
20596495000	10640188
20624620000	13424773
20652745000	8414225
20680870000	9379071
20708995000	11444410
20737120000	13107807
20765245000	16259772
20793370000	17317806
20821495000	20043093
20849620000	15885653
20877745000	7006705
20905870000	6815979
20933995000	16895764
20962120000	16779354
20990245000	12854960
21020985888	16675239
21053115888	9944480
21085245888	8632623
21117375888	5833555
21149505888	17066290
21181635888	10948848
21213765888	9346479
21245895888	5512381
21278025888	12071495
21310155888	12455785
21342285888	11606668
21374415888	6208747
21406545888	4800789
21438675888	11548661
21470805888	16031665
21502935888	12068022
21535065888	11245946
21567195888	7291774
21599325888	8111035
21631455888	4282606
21663585888	16145867
21695715888	12443384
21727845888	15599502
21759975888	11888342
21792105888	10103445
21824235888	9399632
21856365888	10311560
21888495888	8644738
21920625888	12844772
21952755888	13129420
21984885888	14127065
22014894375	13924698
22043019375	24570526
22071144375	21708604
22099269375	20770754
22127394375	17937476
22155519375	31874739
22183644375	16083340
22211769375	33312919
22239894375	17682134
22268019375	31569644
22296144375	14990340
22324269375	29525504
22352394375	14784656
22380519375	36070329
22408644375	21465806
22436769375	28186027
22464894375	23986019
22493019375	39672632
22521144375	42778118
22549269375	41264897
22577394375	36175111
22605519375	27735401
22633644375	50512679
22661769375	42939417
22689894375	33557949
22718019375	31500931
22746144375	24640009
22774269375	28724078
22802394375	23339829
22830519375	30234626
22858644375	16650355
22886769375	29653412
22914894375	16998429
22943019375	22981981
22971144375	26315982
22999269375	30787376
23031295334	25442533
23063425334	17153196
23095555334	10231648
23127685334	11508598
23159815334	15415774
23191945334	14351805
23224075334	23810066
23256205334	6102911
23288335334	13145618
23320465334	14122540
23352595334	12531432
23384725334	22972980
23416855334	22094039
23448985334	9486864
23481115334	18465111
23513245334	18083426
23545375334	16316973
23577505334	15174102
23609635334	15968278
23641765334	24514207
23673895334	18091538
23706025334	25508313
23738155334	11706974
23770285334	22086807
23802415334	29172432
23834545334	15129883
23866675334	12588663
23898805334	24987536
23930935334	9148889
23963065334	16871355
23995195334	21736108
24023918750	16275958
24052043750	27641562
24080168750	32607054
24108293750	30567803
24136418750	28940109
24164543750	24448774
24192668750	49565809
24220793750	50129680
24248918750	48660949
24277043750	46722358
24305168750	54334923
24333293750	58812403
24361418750	61066280
24389543750	32941280
24417668750	33017745
24445793750	43666817
24473918750	52802541
24502043750	58885678
24530168750	62690626
24558293750	34565626
24586418750	47202645
24614543750	57142964
24642668750	65405591
24670793750	37280591
24698918750	44074023
24727043750	60956877
24755168750	75929305
24783293750	47804305
24811418750	62627237
24839543750	74052309
24867668750	45927309
24895793750	67787460
24923918750	86881591
24952043750	58756591
24980168750	73194902
25009474780	43888872
25041604780	45452202
25073734780	51582967
25105864780	50556656
25137994780	45099814
25170124780	33667279
25202254780	28682396
25234384780	34896294
25266514780	16468898
25298644780	24439405
25330774780	19343298
25362904780	23319724
25395034780	14761846
25427164780	16693140
25459294780	25699274
25491424780	23855286
25523554780	22908006
25555684780	19595890
25587814780	32112486
25619944780	12420113
25652074780	23997156
25684204780	16553335
25716334780	21159956
25748464780	13757137
25780594780	16497918
25812724780	16051078
25844854780	13061862
25876984780	22528157
25909114780	10875643
25941244780	8705724
25973374780	2923814
26004818125	3471008
26032943125	7274943
26061068125	9305566
26089193125	12442130
26117318125	9914203
26145443125	8131348
26173568125	6718215
26201693125	16015268
26229818125	13424241
26257943125	10112253
26286068125	14140976
26314193125	9473677
26342318125	12407187
26370443125	9301395
26398568125	15298150
26426693125	11947843
26454818125	7975306
26482943125	11051596
26511068125	13574451
26539193125	12881122
26567318125	12360130
26595443125	10717454
26623568125	16738449
26651693125	13276856
26679818125	9208224
26707943125	15312507
26736068125	11925797
26764193125	15463753
26792318125	10404899
26820443125	12105792
26848568125	13326541
26876693125	14058858
26904818125	12837780
26932943125	10472075
26961068125	14940172
26989193125	18227697
27019784226	15407885
27051914226	6000806
27084044226	2314801
27116174226	2769671
27148304226	3403548
27180434226	2133093
27212564226	3846773
27244694226	2398867
27276824226	2944052
27308954226	3180597
27341084226	2040209
27373214226	2486809
27405344226	3108792
27437474226	3065285
27469604226	3116060
27501734226	3439812
27533864226	2344806
27565994226	3346675
27598124226	2805765
27630254226	2881259
27662384226	3157007
27694514226	1790663
27726644226	2262398
27758774226	3391024
27790904226	2897789
27823034226	3086998
27855164226	2454839
27887294226	3386829
27919424226	1936503
27951554226	2686786
27983684226	3197825
28013842500	4437960
28041967500	8858937
28070092500	6003694
28098217500	6007048
28126342500	8030249
28154467500	8077461
28182592500	7267953
28210717500	12573410
28238842500	11087809
28266967500	9408112
28295092500	10314383
28323217500	15649695
28351342500	12789717
28379467500	9372049
28407592500	12663669
28435717500	14875337
28463842500	10670977
28491967500	14709679
28520092500	9817088
28548217500	11550437
28576342500	12366418
28604467500	12630414
28632592500	10342263
28660717500	8611935
28688842500	14038583
28716967500	10022959
28745092500	12969396
28773217500	8026945
28801342500	13554210
28829467500	9848603
28857592500	13908958
28885717500	9329987
28913842500	12010674
28941967500	15655548
28970092500	16258253
28998217500	13896256
29030093672	7261231
29062223672	2892546
29094353672	2344815
29126483672	4687600
29158613672	2032093
29190743672	1965785
29222873672	1982798
29255003672	1975547
29287133672	2502189
29319263672	5452362
29351393672	3015186
29383523672	2606221
29415653672	2645533
29447783672	2640708
29479913672	3227546
29512043672	3606694
29544173672	2729046
29576303672	2690105
29608433672	2983413
29640563672	3676063
29672693672	2361164
29704823672	4290895
29736953672	2013630
29769083672	3511386
29801213672	1924700
29833343672	1980626
29865473672	3533597
29897603672	2999440
29929733672	2948952
29961863672	2321786
