1250	1281776
47813750	12545833
95626250	7010924
143438750	10076146
191251250	10085511
239063750	11002875
286876250	10585175
334688750	11988412
382501250	11228486
430313750	8799426
478126250	12296609
525938750	9259324
573751250	13183124
621563750	14042800
669376250	17250154
717188750	15255787
765001250	10268573
812813750	10667933
860626250	14209801
908438750	15479665
956251250	14468998
1003608610	11052419
1046066110	33366320
1088523610	39188812
1130981110	60576935
1173438610	58551867
1215896110	62191890
1258353610	73435255
1300811110	96244402
1343268610	128356521
1385726110	85899021
1428183610	129856202
1470641110	87398702
1513098610	145903690
1555556110	103446190
1598013610	178974471
1640471110	136516971
1682928610	233743114
1725386110	191285614
1767843610	148828114
1810301110	268162799
1852758610	225705299
1895216110	183247799
1937673610	312625218
1980131110	270167718
2025713750	224585078
2073526250	176772578
2121338750	299876750
2169151250	252064250
2216963750	204251750
2264776250	328651790
2312588750	280839290
2360401250	233026790
2408213750	185214290
2456026250	308434556
2503838750	260622056
2551651250	212809556
2599463750	335612294
2647276250	287799794
2695088750	239987294
2742901250	192174794
2790713750	315503729
2838526250	267691229
2886338750	219878729
2934151250	172066229
2981963750	317577074
3026441310	273099514
3068898810	230642014
3111356310	414415113
3153813810	371957613
3196271310	329500113
3238728810	287042613
3281186310	244585113
3323643810	467762507
3366101310	425305007
3408558810	382847507
3451016310	340390007
3493473810	297932507
3535931310	566710847
3578388810	524253347
3620846310	481795847
3663303810	439338347
3705761310	396880847
3748218810	354423347
3790676310	311965847
3833133810	606167971
3875591310	563710471
3918048810	521252971
3960506310	478795471
4003613750	435688031
4051426250	387875531
4099238750	340063031
4147051250	628143970
4194863750	580331470
4242676250	532518970
4290488750	484706470
4338301250	436893970
4386113750	389081470
4433926250	341268970
4481738750	627965908
4529551250	580153408
4577363750	532340908
4625176250	484528408
4672988750	436715908
4720801250	388903408
4768613750	341090908
4816426250	655664737
4864238750	607852237
4912051250	560039737
4959863750	512227237
5006816510	465274477
5049274010	422816977
5091731510	380359477
5134189010	761995026
5176646510	719537526
5219104010	677080026
5261561510	634622526
5304019010	592165026
5346476510	549707526
5388934010	507250026
5431391510	464792526
5473849010	422335026
5516306510	866539169
5558764010	824081669
5601221510	781624169
5643679010	739166669
5686136510	696709169
5728594010	654251669
5771051510	611794169
5813509010	569336669
5855966510	526879169
5898424010	484421669
5940881510	939653786
5983339010	897196286
6029326250	851209046
6077138750	803396546
6124951250	755584046
6172763750	707771546
6220576250	659959046
6268388750	612146546
6316201250	564334046
6364013750	516521546
6411826250	986445671
6459638750	938633171
6507451250	890820671
6555263750	843008171
6603076250	795195671
6650888750	747383171
6698701250	699570671
6746513750	651758171
6794326250	603945671
6842138750	556133171
6889951250	1102414535
6937763750	1054602035
6985576250	1006789535
7029649210	962716575
7072106710	920259075
7114564210	877801575
7157021710	835344075
7199479210	792886575
7241936710	750429075
7284394210	707971575
7326851710	665514075
7369309210	623056575
7411766710	1253504450
7454224210	1211046950
7496681710	1168589450
7539139210	1126131950
7581596710	1083674450
7624054210	1041216950
7666511710	998759450
7708969210	956301950
7751426710	913844450
7793884210	871386950
7836341710	828929450
7878799210	786471950
7921256710	744014450
7963714210	701556950
8007226250	1343933793
8055038750	1296121293
8102851250	1248308793
8150663750	1200496293
8198476250	1152683793
8246288750	1104871293
8294101250	1057058793
8341913750	1009246293
8389726250	961433793
8437538750	913621293
8485351250	865808793
8533163750	817996293
8580976250	770183793
8628788750	722371293
8676601250	1441513159
8724413750	1393700659
8772226250	1345888159
8820038750	1298075659
8867851250	1250263159
8915663750	1202450659
8963476250	1154638159
9010024410	1108089999
9052481910	1065632499
9094939410	1023174999
9137396910	980717499
9179854410	938259999
9222311910	895802499
9264769410	853344999
9307226910	810887499
9349684410	768429999
9392141910	1573826161
9434599410	1531368661
9477056910	1488911161
9519514410	1446453661
9561971910	1403996161
9604429410	1361538661
9646886910	1319081161
9689344410	1276623661
9731801910	1234166161
9774259410	1191708661
9816716910	1149251161
9859174410	1106793661
9901631910	1064336161
9944089410	1021878661
9986546910	979421161
10032938750	933029321
10080751250	885216821
10128563750	837404321
10176376250	1660267398
10224188750	1612454898
10272001250	1564642398
10319813750	1516829898
10367626250	1469017398
10415438750	1421204898
10463251250	1373392398
10511063750	1325579898
10558876250	1277767398
10606688750	1229954898
10654501250	1182142398
10702313750	1134329898
10750126250	1086517398
10797938750	1038704898
10845751250	990892398
10893563750	943079898
10941376250	895267398
10989188750	1833995662
11032857110	1790327302
11075314610	1747869802
11117772110	1705412302
11160229610	1662954802
11202687110	1620497302
11245144610	1578039802
11287602110	1535582302
11330059610	1493124802
11372517110	1450667302
11414974610	1408209802
11457432110	1365752302
11499889610	1323294802
11542347110	1280837302
11584804610	1238379802
11627262110	1195922302
11669719610	1153464802
11712177110	1111007302
11754634610	1068549802
11797092110	1026092302
11839549610	983634802
11882007110	1984630296
11924464610	1942172796
11966922110	1899715296
12010838750	1855798656
12058651250	1807986156
12106463750	1760173656
12154276250	1712361156
12202088750	1664548656
12249901250	1616736156
12297713750	1568923656
12345526250	1521111156
12393338750	1473298656
12441151250	1425486156
12488963750	1377673656
12536776250	1329861156
12584588750	1282048656
12632401250	1234236156
12680213750	1186423656
12728026250	1138611156
12775838750	1090798656
12823651250	1042986156
12871463750	2167388286
12919276250	2119575786
12967088750	2071763286
13013232310	2025619726
13055689810	1983162226
13098147310	1940704726
13140604810	1898247226
13183062310	1855789726
13225519810	1813332226
13267977310	1770874726
13310434810	1728417226
13352892310	1685959726
13395349810	1643502226
13437807310	1601044726
13480264810	1558587226
13522722310	1516129726
13565179810	1473672226
13607637310	1431214726
13650094810	1388757226
13692552310	1346299726
13735009810	1303842226
13777467310	1261384726
13819924810	1218927226
13862382310	1176469726
13904839810	5326280460
13947297310	5283822960
13989754810	5241365460
14036551250	5194569020
14084363750	5146756520
14132176250	5098944020
14179988750	5051131520
14227801250	5003319020
14275613750	4955506520
14323426250	4907694020
14371238750	4859881520
14419051250	4812069020
14466863750	4764256520
14514676250	4716444020
14562488750	4668631520
14610301250	4620819020
14658113750	4573006520
14705926250	4525194020
14753738750	4477381520
14801551250	4429569020
14849363750	4381756520
14897176250	4333944020
14944988750	4286131520
14992801250	4238319020
15036065010	4195055260
15078522510	6804011657
15120980010	6761554157
15163437510	6719096657
15205895010	6676639157
15248352510	6634181657
15290810010	6591724157
15333267510	6549266657
15375725010	6506809157
15418182510	6464351657
15460640010	6421894157
15503097510	6379436657
15545555010	6336979157
15588012510	6294521657
15630470010	6252064157
15672927510	6209606657
15715385010	6167149157
15757842510	6124691657
15800300010	6082234157
15842757510	6039776657
15885215010	5997319157
15927672510	5954861657
15970130010	5912404157
16014451250	5868082917
16062263750	5820270417
16110076250	5772457917
16157888750	5724645417
16205701250	5676832917
16253513750	5629020417
16301326250	5581207917
16349138750	5533395417
16396951250	5485582917
16444763750	5437770417
16492576250	5389957917
16540388750	5342145417
16588201250	5294332917
16636013750	5246520417
16683826250	5198707917
16731638750	5150895417
16779451250	5103082917
16827263750	5055270417
16875076250	5007457917
16922888750	4959645417
16970701250	4911832917
17016440210	4866093957
17058897710	4823636457
17101355210	4781178957
17143812710	4738721457
17186270210	4696263957
17228727710	4653806457
17271185210	4611348957
17313642710	4568891457
17356100210	4526433957
17398557710	4483976457
17441015210	4441518957
17483472710	4399061457
17525930210	4356603957
17568387710	4314146457
17610845210	4271688957
17653302710	4229231457
17695760210	4186773957
17738217710	4144316457
17780675210	4101858957
17823132710	4059401457
17865590210	4016943957
17908047710	3974486457
17950505210	3932028957
17992962710	3889571457
18040163750	3842370417
18087976250	3794557917
18135788750	3746745417
18183601250	3698932917
18231413750	3651120417
18279226250	3603307917
18327038750	3555495417
18374851250	3507682917
18422663750	3459870417
18470476250	3412057917
18518288750	3364245417
18566101250	3316432917
18613913750	3268620417
18661726250	3220807917
18709538750	3172995417
18757351250	3125182917
18805163750	3077370417
18852976250	3029557917
18900788750	2981745417
18948601250	2933932917
18996413750	2886120417
19039272910	2843261257
19081730410	2800803757
19124187910	2758346257
19166645410	2715888757
19209102910	2673431257
19251560410	4454234025
19294017910	4411776525
19336475410	4369319025
19378932910	4326861525
19421390410	4284404025
19463847910	4241946525
19506305410	4199489025
19548762910	4157031525
19591220410	4114574025
19633677910	4072116525
19676135410	4029659025
19718592910	3987201525
19761050410	3944744025
19803507910	3902286525
19845965410	3859829025
19888422910	3817371525
19930880410	3774914025
19973337910	3732456525
20018063750	3687730685
20065876250	3639918185
20113688750	3592105685
20161501250	3544293185
20209313750	3496480685
20257126250	3448668185
20304938750	3400855685
20352751250	3353043185
20400563750	3305230685
20448376250	3257418185
20496188750	3209605685
20544001250	3161793185
20591813750	3113980685
20639626250	3066168185
20687438750	3018355685
20735251250	2970543185
20783063750	2922730685
20830876250	2874918185
20878688750	2827105685
20926501250	2779293185
20974313750	2731480685
21019648110	2686146325
21062105610	2643688825
21104563110	2601231325
21147020610	2558773825
21189478110	2516316325
21231935610	2473858825
21274393110	2431401325
21316850610	2388943825
21359308110	2346486325
21401765610	2304028825
21444223110	2261571325
21486680610	2219113825
21529138110	2176656325
21571595610	2134198825
21614053110	2091741325
21656510610	2049283825
21698968110	2006826325
21741425610	1964368825
21783883110	1921911325
21826340610	1879453825
21868798110	1836996325
21911255610	1794538825
21953713110	2981010273
21996170610	2938552773
22043776250	2890947133
22091588750	2843134633
22139401250	2795322133
22187213750	2747509633
22235026250	2699697133
22282838750	2651884633
22330651250	2604072133
22378463750	2556259633
22426276250	2508447133
22474088750	2460634633
22521901250	2412822133
22569713750	2365009633
22617526250	2317197133
22665338750	2269384633
22713151250	2221572133
22760963750	2173759633
22808776250	2125947133
22856588750	2078134633
22904401250	2030322133
22952213750	1982509633
23000023310	1934700073
23042480810	1892242573
23084938310	1849785073
23127395810	1807327573
23169853310	1764870073
23212310810	1722412573
23254768310	1679955073
23297225810	1637497573
23339683310	1595040073
23382140810	1552582573
23424598310	1510125073
23467055810	1467667573
23509513310	1425210073
23551970810	1382752573
23594428310	1340295073
23636885810	1297837573
23679343310	1255380073
23721800810	1212922573
23764258310	1981114889
23806715810	1938657389
23849173310	1896199889
23891630810	1853742389
23934088310	1811284889
23976545810	1768827389
24021676250	1723696949
24069488750	1675884449
24117301250	1628071949
24165113750	1580259449
24212926250	1532446949
24260738750	1484634449
24308551250	1436821949
24356363750	1389009449
24404176250	1341196949
24451988750	1293384449
24499801250	1245571949
24547613750	1197759449
24595426250	1149946949
24643238750	1102134449
24691051250	1054321949
24738863750	1006509449
24786676250	958696949
24834488750	910884449
24882301250	863071949
24930113750	815259449
24977926250	1351799434
25022856010	1306869674
25065313510	1264412174
25107771010	1221954674
25150228510	1179497174
25192686010	1137039674
25235143510	1094582174
25277601010	1052124674
25320058510	1009667174
25362516010	967209674
25404973510	924752174
25447431010	882294674
25489888510	839837174
25532346010	797379674
25574803510	754922174
25617261010	712464674
25659718510	670007174
25702176010	627549674
25744633510	585092174
25787091010	928861038
25829548510	886403538
25872006010	843946038
25914463510	801488538
25956921010	759031038
25999378510	716573538
26047388750	668563298
26095201250	620750798
26143013750	572938298
26190826250	525125798
26238638750	477313298
26286451250	429500798
26334263750	381688298
26382076250	578496055
26429888750	530683555
26477701250	482871055
26525513750	435058555
26573326250	387246055
26621138750	339433555
26668951250	291621055
26716763750	243808555
26764576250	349815317
26812388750	302002817
26860201250	254190317
26908013750	206377817
26955826250	158565317
27003231210	220020163
27045688710	177562663
27088146210	135105163
27130603710	172355924
27173061210	129898424
27215518710	87440924
27257976210	102719633
27300433710	60262133
27342891210	59867701
27385348710	47890520
27427806210	26416619
27470263710	18696826
27512721210	1763410
27555178710	665518
27597636210	563518
27640093710	862576
27682551210	560089
27725008710	505112
27767466210	2108929
27809923710	453855
27852381210	903804
27894838710	648447
27937296210	738767
27979753710	559249
28025288750	410355
28073101250	460421
28120913750	551508
28168726250	466567
28216538750	325658
28264351250	395559
28312163750	471998
28359976250	454572
28407788750	406301
28455601250	555482
28503413750	546378
28551226250	1080363
28599038750	503605
28646851250	573653
28694663750	614068
28742476250	423139
28790288750	355981
28838101250	470833
28885913750	356503
28933726250	445515
28981538750	450985
29026063910	790974
29068521410	849144
29110978910	954395
29153436410	664730
29195893910	522690
29238351410	463554
29280808910	578568
29323266410	818029
29365723910	590370
29408181410	891359
29450638910	536860
29493096410	818745
29535553910	449130
29578011410	856013
29620468910	3878361
29662926410	787731
29705383910	603858
29747841410	744161
29790298910	674038
29832756410	725892
29875213910	742896
29917671410	2086788
29960128910	583785
30003188750	17650604
30051001250	6563942
30098813750	7777694
30146626250	9550179
30194438750	10279322
30242251250	15629132
30290063750	11388502
30337876250	14663196
30385688750	5242438
30433501250	9112435
30481313750	12975516
30529126250	18019473
30576938750	6562345
30624751250	12302402
30672563750	15179891
30720376250	11791851
30768188750	17008492
30816001250	7132950
30863813750	12856218
30911626250	7032666
30959438750	20298568
31006439110	13086497
31048896610	16124392
31091354110	24054536
31133811610	20964770
31176269110	32512526
31218726610	15714934
31261184110	21413181
31303641610	22852503
31346099110	23918249
31388556610	22331789
31431014110	28751167
31473471610	34156606
31515929110	19821092
31558386610	28097034
31600844110	32915275
31643301610	17535487
31685759110	26803435
31728216610	34434140
31770674110	20040382
31813131610	19673459
31855589110	29140709
31898046610	20183326
31940504110	33874817
31982961610	21567235
32028901250	25560629
32076713750	19871149
32124526250	22724224
32172338750	18623665
32220151250	12868933
32267963750	19151039
32315776250	12144729
32363588750	9984404
32411401250	23084530
32459213750	19630707
32507026250	26259462
32554838750	25010951
32602651250	25816416
32650463750	23422107
32698276250	19741002
32746088750	20846984
32793901250	22672497
32841713750	24109894
32889526250	28725473
32937338750	21512229
32985151250	26897220
33029271810	27044722
33071729310	34621418
33114186810	35551352
33156644310	52637510
33199101810	37793655
33241559310	58124240
33284016810	49030752
33326474310	38428292
33368931810	70344772
33411389310	67439217
33453846810	62440760
33496304310	57102567
33538761810	61483732
33581219310	63028567
33623676810	62492824
33666134310	63075156
33708591810	72425940
33751049310	78885654
33793506810	85098017
33835964310	89148195
33878421810	46690695
33920879310	61089574
33963336810	74945349
34006801250	79081115
34054613750	70736990
34102426250	67991897
34150238750	56092686
34198051250	38037342
34245863750	48841241
34293676250	28050119
34341488750	20761023
34389301250	37980645
34437113750	42600229
34484926250	54512279
34532738750	32345884
34580551250	51412497
34628363750	30725561
34676176250	36664171
34723988750	36543607
34771801250	35403404
34819613750	29250156
34867426250	42409972
34915238750	31107013
34963051250	30121359
35009647010	19175065
35052104510	33811597
35094562010	50383098
35137019510	49237075
35179477010	47618469
35221934510	47395029
35264392010	49061983
35306849510	62212126
35349307010	76372400
35391764510	92133708
35434222010	107829869
35476679510	65372369
35519137010	97626462
35561594510	129805911
35604052010	87348411
35646509510	121760428
35688967010	79302928
35731424510	116119826
35773882010	167853261
35816339510	125395761
35858797010	181155792
35901254510	138698292
35943712010	189335479
35986169510	146877979
36032513750	100533739
36080326250	135313129
36128138750	87500629
36175951250	126206908
36223763750	154238050
36271576250	106425550
36319388750	126892638
36367201250	79080138
36415013750	92341708
36462826250	111982646
36510638750	122374742
36558451250	74562242
36606263750	79548141
36654076250	77710774
36701888750	81950327
36749701250	82577548
36797513750	78343435
36845326250	69366613
36893138750	68332844
36940951250	62346484
36988763750	52804509
37032479710	48325199
37074937210	60241753
37117394710	75381698
37159852210	91606086
37202309710	110693186
37244767210	68235686
37287224710	102983449
37329682210	141839691
37372139710	99382191
37414597210	144006897
37457054710	101549397
37499512210	150227357
37541969710	107769857
37584427210	173963247
37626884710	131505747
37669342210	205739649
37711799710	163282149
37754257210	120824649
37796714710	201234758
37839172210	158777258
37881629710	244092371
37924087210	201634871
37966544710	159177371
38010413750	244293890
38058226250	196481390
38106038750	148668890
38153851250	218423918
38201663750	170611418
38249476250	122798918
38297288750	184816794
38345101250	137004294
38392913750	188859011
38440726250	141046511
38488538750	196150964
38536351250	148338464
38584163750	195928262
38631976250	148115762
38679788750	100303262
38727601250	139180116
38775413750	91367616
38823226250	123593683
38871038750	161946766
38918851250	114134266
38966663750	153247318
39012854910	107056158
39055312410	157076382
39097769910	114618882
39140227410	172882798
39182684910	130425298
39225142410	210986265
39267599910	168528765
39310057410	126071265
39352514910	214233352
39394972410	171775852
39437429910	129318352
39479887410	229000795
39522344910	186543295
39564802410	144085795
39607259910	255641575
39649717410	213184075
39692174910	170726575
39734632410	308259591
39777089910	265802091
39819547410	223344591
39862004910	180887091
39904462410	321699285
39946919910	279241785
39989377410	236784285
40036126250	190035445
40083938750	313097732
40131751250	265285232
40179563750	217472732
40227376250	169660232
40275188750	281716713
40323001250	233904213
40370813750	186091713
40418626250	299005187
40466438750	251192687
40514251250	203380187
40562063750	304944389
40609876250	257131889
40657688750	209319389
40705501250	161506889
40753313750	253425919
40801126250	205613419
40848938750	157800919
40896751250	246155280
40944563750	198342780
40992376250	150530280
41035687610	267574492
41078145110	225116992
41120602610	182659492
41163060110	315654473
41205517610	273196973
41247975110	230739473
41290432610	188281973
41332890110	347154210
41375347610	304696710
41417805110	262239210
41460262610	219781710
41502720110	411317090
41545177610	368859590
41587635110	326402090
41630092610	283944590
41672550110	241487090
41715007610	467250819
41757465110	424793319
41799922610	382335819
41842380110	339878319
41884837610	297420819
41927295110	514320822
41969752610	471863322
42014026250	427589682
42061838750	379777182
42109651250	331964682
42157463750	284152182
42205276250	482375858
42253088750	434563358
42300901250	386750858
42348713750	338938358
42396526250	291125858
42444338750	243313358
42492151250	426819099
42539963750	379006599
42587776250	331194099
42635588750	283381599
42683401250	235569099
42731213750	420057351
42779026250	372244851
42826838750	324432351
42874651250	276619851
42922463750	228807351
42970276250	427452688
43016062810	381666128
43058520310	339208628
43100977810	296751128
43143435310	254293628
43185892810	482686999
43228350310	440229499
43270807810	397771999
43313265310	355314499
43355722810	312856999
43398180310	270399499
43440637810	528763954
43483095310	486306454
43525552810	443848954
43568010310	401391454
43610467810	358933954
43652925310	316476454
43695382810	612230335
43737840310	569772835
43780297810	527315335
43822755310	484857835
43865212810	442400335
43907670310	399942835
43950127810	357485335
43992585310	638647697
44039738750	591494257
44087551250	543681757
44135363750	495869257
44183176250	448056757
44230988750	400244257
44278801250	352431757
44326613750	611399906
44374426250	563587406
44422238750	515774906
44470051250	467962406
44517863750	420149906
44565676250	372337406
44613488750	324524906
44661301250	572708593
44709113750	524896093
44756926250	477083593
44804738750	429271093
44852551250	381458593
44900363750	333646093
44948176250	1663864464
44995988750	1616051964
