1332	1215593
47953332	5903657
95905332	3289504
143857332	2869752
191809332	4671277
239761332	3038572
287713332	3039868
335665332	4075974
383617332	4951401
431569332	3513759
479521332	4189040
527473332	3870895
575425332	2714259
623377332	3747152
671329332	2684133
719281332	5572543
767233332	2766340
815185332	4283264
863137332	4470760
911089332	4835415
959041332	3510082
1006174332	4113448
1048510332	16343354
1090846332	21311758
1133182332	21542877
1175518332	29333301
1217854332	27025145
1260190332	28942351
1302526332	35547825
1344862332	49680618
1387198332	41124776
1429534332	70980341
1471870332	68175591
1514206332	68476890
1556542332	72404680
1598878332	78653166
1641214332	87703197
1683550332	103299254
1725886332	60963254
1768222332	79333804
1810558332	102757575
1852894332	131324099
1895230332	88988099
1937566332	119844084
1979902332	77508084
2026641332	100916527
2074593332	115537657
2122545332	67585657
2170497332	76611189
2218449332	80950853
2266401332	79714590
2314353332	75175431
2362305332	68103129
2410257332	56291178
2458209332	40650507
2506161332	48942435
2554113332	24865211
2602065332	33742740
2650017332	13731437
2697969332	11980839
2745921332	6796279
2793873332	4438362
2841825332	6534900
2889777332	4628047
2937729332	4768715
2985681332	2916202
3029694332	7585720
3072030332	20011441
3114366332	12485469
3156702332	24619614
3199038332	33258694
3241374332	28172496
3283710332	26348770
3326046332	29354178
3368382332	41662598
3410718332	59173226
3453054332	49083683
3495390332	41230178
3537726332	74853879
3580062332	73301264
3622398332	75191135
3664734332	81340693
3707070332	89247138
3749406332	99924727
3791742332	57588727
3834078332	73230755
3876414332	91736409
3918750332	114272705
3961086332	71936705
4005329332	90021264
4053281332	97642451
4101233332	100226000
4149185332	52274000
4197137332	50667932
4245089332	44069693
4293041332	69560742
4340993332	53856258
4388945332	34665721
4436897332	35197729
4484849332	27279679
4532801332	24028014
4580753332	16801229
4628705332	8123043
4676657332	5031629
4724609332	2820546
4772561332	3439069
4820513332	4719402
4868465332	2375184
4916417332	2391368
4964369332	4117677
5010878332	8644900
5053214332	12750243
5095550332	17997705
5137886332	25393434
5180222332	29055836
5222558332	20718002
5264894332	34650709
5307230332	38225277
5349566332	46922790
5391902332	32048139
5434238332	48685729
5476574332	39643813
5518910332	67913443
5561246332	63687859
5603582332	62737288
5645918332	65910390
5688254332	70814183
5730590332	78291386
5772926332	90072717
5815262332	104803809
5857598332	62467809
5899934332	80696645
5942270332	104339340
5984606332	121543049
6031969332	74180049
6079921332	80316430
6127873332	82076709
6175825332	78543379
6223777332	70574628
6271729332	61324231
6319681332	47252459
6367633332	57304745
6415585332	33687493
6463537332	29035969
6511489332	28970587
6559441332	14809661
6607393332	8727943
6655345332	4383677
6703297332	4483655
6751249332	3334052
6799201332	4986157
6847153332	3872410
6895105332	4643438
6943057332	4570994
6991009332	4027462
7034398332	9290115
7076734332	14188458
7119070332	27970950
7161406332	38540286
7203742332	63933418
7246078332	60335561
7288414332	63067102
7330750332	68423451
7373086332	77739994
7415422332	91231421
7457758332	109303840
7500094332	66967840
7542430332	88345631
7584766332	116911314
7627102332	74575314
7669438332	107190915
7711774332	145771250
7754110332	103435250
7796446332	149475712
7838782332	107139712
7881118332	160532971
7923454332	118196971
7965790332	169242721
8010657332	124375721
8058609332	162090772
8106561332	114138772
8154513332	143823825
8202465332	95871825
8250417332	121690310
8298369332	73738310
8346321332	92287617
8394273332	105178276
8442225332	112983776
8490177332	65031776
8538129332	67047526
8586081332	67158813
8634033332	61614808
8681985332	51862801
8729937332	38196913
8777889332	51087063
8825841332	28643845
8873793332	23994646
8921745332	28753265
8969697332	19867418
9015582332	14505609
9057918332	19880960
9100254332	23761237
9142590332	27956646
9184926332	45870064
9227262332	38069967
9269598332	78982506
9311934332	82369797
9354270332	88751626
9396606332	99800640
9438942332	57464640
9481278332	71246518
9523614332	88385720
9565950332	112280822
9608286332	69944822
9650622332	96860865
9692958332	128731890
9735294332	86395890
9777630332	124414553
9819966332	82078553
9862302332	126413566
9904638332	176197724
9946974332	133861724
9989310332	91525724
10037297332	127263340
10085249332	156093151
10133201332	108141151
10181153332	130469904
10229105332	82517904
10277057332	99819375
10325009332	111186363
10372961332	63234363
10420913332	69738245
10468865332	70505592
10516817332	66386418
10564769332	60841432
10612721332	50234306
10660673332	35823697
10708625332	46419720
10756577332	45724778
10804529332	35060740
10852481332	16440347
10900433332	17870359
10948385332	9041646
10996337332	5189721
11039102332	10474263
11081438332	17373750
11123774332	23627038
11166110332	24006999
11208446332	34487513
11250782332	32790953
11293118332	34632843
11335454332	40473087
11377790332	54988238
11420126332	43155433
11462462332	32889143
11504798332	61148448
11547134332	59515997
11589470332	59269377
11631806332	61476357
11674142332	66638521
11716478332	75376069
11758814332	86518506
11801150332	102297263
11843486332	59961263
11885822332	81168583
11928158332	104930801
11970494332	126632905
12015985332	81141905
12063937332	90583702
12111889332	94344832
12159841332	95950183
12207793332	91824708
12255745332	43872708
12303697332	71695658
12351649332	57529226
12399601332	39495171
12447553332	42240592
12495505332	37476103
12543457332	24863311
12591409332	16691295
12639361332	12210519
12687313332	8810887
12735265332	5181333
12783217332	4528166
12831169332	4987727
12879121332	5743933
12927073332	4388934
12975025332	4292496
13020286332	7142114
13062622332	8856216
13104958332	16215438
13147294332	25563664
13189630332	38739439
13231966332	58691919
13274302332	49933495
13316638332	42940182
13358974332	40069426
13401310332	82223007
13443646332	85907828
13485982332	95251959
13528318332	52915959
13570654332	64265263
13612990332	78874165
13655326332	98307480
13697662332	121372792
13739998332	79036792
13782334332	107722940
13824670332	143415468
13867006332	101079468
13909342332	140320356
13951678332	97984356
13994014332	133477733
14042625332	84866733
14090577332	107045497
14138529332	125462006
14186481332	77510006
14234433332	88664976
14282385332	94436698
14330337332	96445982
14378289332	93198103
14426241332	45246103
14474193332	78008462
14522145332	64581593
14570097332	47714497
14618049332	27501906
14666001332	28249488
14713953332	18953377
14761905332	14163759
14809857332	16678006
14857809332	8223560
14905761332	3924322
14953713332	4149174
15001470332	4327017344
15043806332	4284681344
15086142332	4242345344
15128478332	4200009344
15170814332	4157673344
15213150332	4115337344
15255486332	4073001344
15297822332	4030665344
15340158332	3988329344
15382494332	3945993344
15424830332	3903657344
15467166332	3861321344
15509502332	3818985344
15551838332	3776649344
15594174332	3734313344
15636510332	3691977344
15678846332	3649641344
15721182332	3607305344
15763518332	3564969344
15805854332	3522633344
15848190332	3480297344
15890526332	3437961344
15932862332	3395625344
15975198332	3353289344
16021313332	3307174344
16069265332	3259222344
16117217332	3211270344
16165169332	3163318344
16213121332	3115366344
16261073332	3067414344
16309025332	3019462344
16356977332	2971510344
16404929332	2923558344
16452881332	2875606344
16500833332	2827654344
16548785332	2779702344
16596737332	2731750344
16644689332	2683798344
16692641332	2635846344
16740593332	2587894344
16788545332	2539942344
16836497332	2491990344
16884449332	2444038344
16932401332	2396086344
16980353332	2348134344
17024990332	2303497344
17067326332	2261161344
17109662332	2218825344
17151998332	2176489344
17194334332	2134153344
17236670332	2091817344
17279006332	2049481344
17321342332	2007145344
17363678332	1964809344
17406014332	1922473344
17448350332	1880137344
17490686332	1837801344
17533022332	1795465344
17575358332	1753129344
17617694332	1710793344
17660030332	1668457344
17702366332	1626121344
17744702332	2601451535
17787038332	2559115535
17829374332	2516779535
17871710332	2474443535
17914046332	2432107535
17956382332	2389771535
18000001332	2346152535
18047953332	2298200535
18095905332	2250248535
18143857332	2202296535
18191809332	2154344535
18239761332	2106392535
18287713332	2058440535
18335665332	2010488535
18383617332	1962536535
18431569332	1914584535
18479521332	1866632535
18527473332	1818680535
18575425332	1770728535
18623377332	1722776535
18671329332	1674824535
18719281332	1626872535
18767233332	1578920535
18815185332	1530968535
18863137332	1483016535
18911089332	1435064535
18959041332	1387112535
19006174332	1339979535
19048510332	1297643535
19090846332	1255307535
19133182332	1212971535
19175518332	1170635535
19217854332	1128299535
19260190332	1085963535
19302526332	1043627535
19344862332	1001291535
19387198332	1588393340
19429534332	1546057340
19471870332	1503721340
19514206332	1461385340
19556542332	1419049340
19598878332	1376713340
19641214332	1334377340
19683550332	1292041340
19725886332	1249705340
19768222332	1207369340
19810558332	1165033340
19852894332	1122697340
19895230332	1080361340
19937566332	1038025340
19979902332	995689340
20026641332	948950340
20074593332	900998340
20122545332	853046340
20170497332	805094340
20218449332	757142340
20266401332	709190340
20314353332	661238340
20362305332	613286340
20410257332	940207842
20458209332	892255842
20506161332	844303842
20554113332	796351842
20602065332	748399842
20650017332	700447842
20697969332	652495842
20745921332	604543842
20793873332	556591842
20841825332	508639842
20889777332	460687842
20937729332	412735842
20985681332	364783842
21029694332	570218622
21072030332	527882622
21114366332	485546622
21156702332	443210622
21199038332	400874622
21241374332	358538622
21283710332	316202622
21326046332	273866622
21368382332	401553304
21410718332	359217304
21453054332	316881304
21495390332	274545304
21537726332	232209304
21580062332	189873304
21622398332	261169256
21664734332	218833256
21707070332	176497256
21749406332	134161256
21791742332	169203713
21834078332	126867713
21876414332	84531713
21918750332	95494283
21961086332	53158283
22005329332	43784088
22053281332	26035622
22101233332	568764
22149185332	357273
22197137332	522379
22245089332	534037
22293041332	502971
22340993332	421181
22388945332	404928
22436897332	346755
22484849332	378786
22532801332	308842
22580753332	344642
22628705332	384294
22676657332	436557
22724609332	271985
22772561332	420211
22820513332	476750
22868465332	349513
22916417332	455988
22964369332	347332
23010878332	684149
23053214332	562799
23095550332	599881
23137886332	783294
23180222332	599599
23222558332	530039
23264894332	740813
23307230332	616741
23349566332	467491
23391902332	761314
23434238332	394661
23476574332	717923
23518910332	723620
23561246332	667483
23603582332	493652
23645918332	722415
23688254332	472363
23730590332	511735
23772926332	1654682
23815262332	753624
23857598332	454693
23899934332	587048
23942270332	664643
23984606332	497332
24031969332	503275
24079921332	366660
24127873332	538264
24175825332	442942
24223777332	477610
24271729332	507392
24319681332	383483
24367633332	465917
24415585332	314230
24463537332	513908
24511489332	339153
24559441332	544900
24607393332	416293
24655345332	480231
24703297332	440741
24751249332	462570
24799201332	382708
24847153332	488682
24895105332	290950
24943057332	411007
24991009332	372846
25034398332	706933
25076734332	525836
25119070332	685940
25161406332	407473
25203742332	504644
25246078332	563673
25288414332	737355
25330750332	703047
25373086332	440761
25415422332	585331
25457758332	490559
25500094332	566429
25542430332	452469
25584766332	3558922
25627102332	441880
25669438332	480846
25711774332	640930
25754110332	689549
25796446332	740689
25838782332	707000
25881118332	697150
25923454332	541409
25965790332	603346
26010657332	341071
26058609332	504416
26106561332	419977
26154513332	448456
26202465332	450681
26250417332	291979
26298369332	431301
26346321332	301873
26394273332	310499
26442225332	463207
26490177332	280139
26538129332	424954
26586081332	377946
26634033332	278822
26681985332	294348
26729937332	283628
26777889332	523887
26825841332	382240
26873793332	480677
26921745332	366740
26969697332	418731
27015582332	508475
27057918332	647539
27100254332	670191
27142590332	480168
27184926332	449522
27227262332	747291
27269598332	682649
27311934332	436190
27354270332	585504
27396606332	733154
27438942332	490421
27481278332	458448
27523614332	445032
27565950332	634714
27608286332	662495
27650622332	405603
27692958332	464863
27735294332	533043
27777630332	548513
27819966332	438122
27862302332	3208954
27904638332	592377
27946974332	628838
27989310332	382507
28037297332	452507
28085249332	500556
28133201332	516439
28181153332	314886
28229105332	507649
28277057332	382278
28325009332	305394
28372961332	530892
28420913332	365820
28468865332	426697
28516817332	571881
28564769332	413041
28612721332	403289
28660673332	381331
28708625332	260545
28756577332	410894
28804529332	478073
28852481332	501934
28900433332	267770
28948385332	477248
28996337332	292778
29039102332	756585
29081438332	648819
29123774332	672423
29166110332	410763
29208446332	395757
29250782332	704736
29293118332	652347
29335454332	642918
29377790332	1085442
29420126332	472645
29462462332	496327
29504798332	426021
29547134332	565460
29589470332	691794
29631806332	423734
29674142332	512597
29716478332	367559
29758814332	521276
29801150332	689677
29843486332	664217
29885822332	760535
29928158332	386273
29970494332	593250
30015985332	8563038
30063937332	8847281
30111889332	6628152
30159841332	5987831
30207793332	3946915
30255745332	11860294
30303697332	15361220
30351649332	16518245
30399601332	15848046
30447553332	13797707
30495505332	12192738
30543457332	17756836
30591409332	13256793
30639361332	4988591
30687313332	7306463
30735265332	9218639
30783217332	11183519
30831169332	19031261
30879121332	7706760
30927073332	12438513
30975025332	13793133
31020286332	16861097
31062622332	18546407
31104958332	20960762
31147294332	13275166
31189630332	16051442
31231966332	22727591
31274302332	25669252
31316638332	15780107
31358974332	21047162
31401310332	11101463
31443646332	16695553
31485982332	12956358
31528318332	14260342
31570654332	23748973
31612990332	19727424
31655326332	13411571
31697662332	15712904
31739998332	16423180
31782334332	30622340
31824670332	15384810
31867006332	23215819
31909342332	26256997
31951678332	26165947
31994014332	12964011
32042625332	13196346
32090577332	11402664
32138529332	18450973
32186481332	20345459
32234433332	10906804
32282385332	7259977
32330337332	16704717
32378289332	17796388
32426241332	17924246
32474193332	11843812
32522145332	8840071
32570097332	7545782
32618049332	16847443
32666001332	23234244
32713953332	17478985
32761905332	10876500
32809857332	12619659
32857809332	12098613
32905761332	11348429
32953713332	9397687
33001470332	15205430
33043806332	25689358
33086142332	42476784
33128478332	19301925
33170814332	51126239
33213150332	33075388
33255486332	44233249
33297822332	30044672
33340158332	39260159
33382494332	61444955
33424830332	47299227
33467166332	31884514
33509502332	61003623
33551838332	49879300
33594174332	36246464
33636510332	69626811
33678846332	61140908
33721182332	50156639
33763518332	48636473
33805854332	46938269
33848190332	41687502
33890526332	77809160
33932862332	77870580
33975198332	70864094
34021313332	52872769
34069265332	38058156
34117217332	40927581
34165169332	35990827
34213121332	23394536
34261073332	25658053
34309025332	23450083
34356977332	14149939
34404929332	15029227
34452881332	37145555
34500833332	34384359
34548785332	40604869
34596737332	31366880
34644689332	32230404
34692641332	17645125
34740593332	27893215
34788545332	32038817
34836497332	13748003
34884449332	19584069
34932401332	21484803
34980353332	21907737
35024990332	30365519
35067326332	43314666
35109662332	27594666
35151998332	52550991
35194334332	48310263
35236670332	43452964
35279006332	38062841
35321342332	94119696
35363678332	51783696
35406014332	57644579
35448350332	64103681
35490686332	84502703
35533022332	103112140
35575358332	60776140
35617694332	79728340
35660030332	99018437
35702366332	129938073
35744702332	87602073
35787038332	121578470
35829374332	79242470
35871710332	112751059
35914046332	146378419
35956382332	104042419
36000001332	138196922
36047953332	90244922
36095905332	111315717
36143857332	122015019
36191809332	74063019
36239761332	76822930
36287713332	84933838
36335665332	84436913
36383617332	78270223
36431569332	67849481
36479521332	63738174
36527473332	53006471
36575425332	37276230
36623377332	54796195
36671329332	37445424
36719281332	38319416
36767233332	49311582
36815185332	26128306
36863137332	55380813
36911089332	29715339
36959041332	30342289
37006174332	31130181
37048510332	49481020
37090846332	43987410
37133182332	42799228
37175518332	41816569
37217854332	54594378
37260190332	69209325
37302526332	87223605
37344862332	107206618
37387198332	64870618
37429534332	100649219
37471870332	140694994
37514206332	98358994
37556542332	142428219
37598878332	100092219
37641214332	149116601
37683550332	106780601
37725886332	173513117
37768222332	131177117
37810558332	204583084
37852894332	162247084
37895230332	119911084
37937566332	193095157
37979902332	150759157
38026641332	210483282
38074593332	162531282
38122545332	114579282
38170497332	173485883
38218449332	125533883
38266401332	173815471
38314353332	125863471
38362305332	165350488
38410257332	117398488
38458209332	149715528
38506161332	101763528
38554113332	137294665
38602065332	89342665
38650017332	116477348
38697969332	137770057
38745921332	89818057
38793873332	106001959
38841825332	127200705
38889777332	79248705
38937729332	94184860
38985681332	108847957
39029694332	64834957
39072030332	89569800
39114366332	133195161
39156702332	90859161
39199038332	139535307
39241374332	97199307
39283710332	153606243
39326046332	111270243
39368382332	175187885
39410718332	132851885
39453054332	218346737
39495390332	176010737
39537726332	133674737
39580062332	227630060
39622398332	185294060
39664734332	142958060
39707070332	249514173
39749406332	207178173
39791742332	164842173
39834078332	278462637
39876414332	236126637
39918750332	193790637
39961086332	311141174
40005329332	266898174
40053281332	218946174
40101233332	170994174
40149185332	269238385
40197137332	221286385
40245089332	173334385
40293041332	259451016
40340993332	211499016
40388945332	163547016
40436897332	238741158
40484849332	190789158
40532801332	142837158
40580753332	207497580
40628705332	159545580
40676657332	111593580
40724609332	168849229
40772561332	120897229
40820513332	167685290
40868465332	119733290
40916417332	161200009
40964369332	113248009
41010878332	161507958
41053214332	119171958
41095550332	179702656
41137886332	137366656
41180222332	205744290
41222558332	163408290
41264894332	121072290
41307230332	199052371
41349566332	156716371
41391902332	244553225
41434238332	202217225
41476574332	159881225
41518910332	283199961
41561246332	240863961
41603582332	198527961
41645918332	333261936
41688254332	290925936
41730590332	248589936
41772926332	206253936
41815262332	348607047
41857598332	306271047
41899934332	263935047
41942270332	221599047
41984606332	351142954
42031969332	303779954
42079921332	255827954
42127873332	207875954
42175825332	317530168
42223777332	269578168
42271729332	221626168
42319681332	173674168
42367633332	271645371
42415585332	223693371
42463537332	175741371
42511489332	261206563
42559441332	213254563
42607393332	165302563
42655345332	241489580
42703297332	193537580
42751249332	145585580
42799201332	210028181
42847153332	162076181
42895105332	114124181
42943057332	173743118
42991009332	125791118
43034398332	199712483
43076734332	157376483
43119070332	240087634
43161406332	197751634
43203742332	155415634
43246078332	247979074
43288414332	205643074
43330750332	163307074
43373086332	267958815
43415422332	225622815
43457758332	183286815
43500094332	298548260
43542430332	256212260
43584766332	213876260
43627102332	171540260
43669438332	300955666
43711774332	258619666
43754110332	216283666
43796446332	173947666
43838782332	312104496
43881118332	269768496
43923454332	227432496
43965790332	185096496
44010657332	309435236
44058609332	261483236
44106561332	213531236
44154513332	320731730
44202465332	272779730
44250417332	224827730
44298369332	176875730
44346321332	272846949
44394273332	224894949
44442225332	176942949
44490177332	260818596
44538129332	212866596
44586081332	164914596
44634033332	239349915
44681985332	191397915
44729937332	143445915
44777889332	206853117
44825841332	158901117
44873793332	110949117
44921745332	167259694
44969697332	119307694
45015582332	185820455
