1110	111410647
42458610	68953147
84916110	113204228
127373610	173519547
169831110	131062047
212288610	208014718
254746110	165557218
297203610	123099718
339661110	219858550
382118610	177401050
424576110	293105057
467033610	250647557
509491110	208190057
551948610	165732557
594406110	305341993
636863610	262884493
679321110	220426993
721778610	387157307
764236110	344699807
806693610	302242307
849151110	259784807
891608610	217327307
934066110	392475329
976523610	350017829
1021375110	305166329
1069187610	257353829
1117000110	422435744
1164812610	374623244
1212625110	326810744
1260437610	278998244
1308250110	231185744
1356062610	391544064
1403875110	343731564
1451687610	295919064
1499500110	248106564
1547312610	405216634
1595125110	357404134
1642937610	309591634
1690750110	261779134
1738562610	213966634
1786375110	369459221
1834187610	321646721
1882000110	273834221
1929812610	226021721
1977625110	404935619
2022833810	359726919
2065291310	317269419
2107748810	274811919
2150206310	232354419
2192663810	450429739
2235121310	407972239
2277578810	365514739
2320036310	323057239
2362493810	280599739
2404951310	536993051
2447408810	494535551
2489866310	452078051
2532323810	409620551
2574781310	367163051
2617238810	324705551
2659696310	618873602
2702153810	576416102
2744611310	533958602
2787068810	491501102
2829526310	449043602
2871983810	406586102
2914441310	364128602
2956898810	657417401
2999356310	614959901
3047087610	567228601
3094900110	519416101
3142712610	471603601
3190525110	423791101
3238337610	375978601
3286150110	656119071
3333962610	608306571
3381775110	560494071
3429587610	512681571
3477400110	464869071
3525212610	417056571
3573025110	369244071
3620837610	648310091
3668650110	600497591
3716462610	552685091
3764275110	504872591
3812087610	457060091
3859900110	409247591
3907712610	361435091
3955525110	679349068
4003209010	631665168
4045666510	589207668
4088124010	546750168
4130581510	504292668
4173039010	461835168
4215496510	419377668
4257954010	376920168
4300411510	753406328
4342869010	710948828
4385326510	668491328
4427784010	626033828
4470241510	583576328
4512699010	541118828
4555156510	498661328
4597614010	456203828
4640071510	413746328
4682529010	827033937
4724986510	784576437
4767444010	742118937
4809901510	699661437
4852359010	657203937
4894816510	614746437
4937274010	572288937
4979731510	529831437
5024987610	484575337
5072800110	894382079
5120612610	846569579
5168425110	798757079
5216237610	750944579
5264050110	703132079
5311862610	655319579
5359675110	607507079
5407487610	559694579
5455300110	511882079
5503112610	464069579
5550925110	878545067
5598737610	830732567
5646550110	782920067
5694362610	735107567
5742175110	687295067
5789987610	639482567
5837800110	591670067
5885612610	543857567
5933425110	496045067
5981237610	974315941
6026041710	929511841
6068499210	887054341
6110956710	844596841
6153414210	802139341
6195871710	759681841
6238329210	717224341
6280786710	674766841
6323244210	632309341
6365701710	589851841
6408159210	547394341
6450616710	1088132383
6493074210	1045674883
6535531710	1003217383
6577989210	960759883
6620446710	918302383
6662904210	875844883
6705361710	833387383
6747819210	790929883
6790276710	748472383
6832734210	706014883
6875191710	663557383
6917649210	621099883
6960106710	578642383
7002887610	1112776956
7050700110	1064964456
7098512610	1017151956
7146325110	969339456
7194137610	921526956
7241950110	873714456
7289762610	825901956
7337575110	778089456
7385387610	730276956
7433200110	682464456
7481012610	634651956
7528825110	586839456
7576637610	1169496034
7624450110	1121683534
7672262610	1073871034
7720075110	1026058534
7767887610	978246034
7815700110	930433534
7863512610	882621034
7911325110	834808534
7959137610	786996034
8006416910	739716734
8048874410	697259234
8091331910	654801734
8133789410	1332321634
8176246910	1289864134
8218704410	1247406634
8261161910	1204949134
8303619410	1162491634
8346076910	1120034134
8388534410	1077576634
8430991910	1035119134
8473449410	992661634
8515906910	950204134
8558364410	907746634
8600821910	865289134
8643279410	822831634
8685736910	780374134
8728194410	737916634
8770651910	1427767573
8813109410	1385310073
8855566910	1342852573
8898024410	1300395073
8940481910	1257937573
8982939410	1215480073
9028600110	1169819373
9076412610	1122006873
9124225110	1074194373
9172037610	1026381873
9219850110	978569373
9267662610	930756873
9315475110	882944373
9363287610	835131873
9411100110	787319373
9458912610	739506873
9506725110	1457266318
9554537610	1409453818
9602350110	1361641318
9650162610	1313828818
9697975110	1266016318
9745787610	1218203818
9793600110	1170391318
9841412610	1122578818
9889225110	1074766318
9937037610	1026953818
9984850110	979141318
10029249610	934741818
10071707110	892284318
10114164610	849826818
10156622110	807369318
10199079610	764911818
10241537110	1571706232
10283994610	1529248732
10326452110	1486791232
10368909610	1444333732
10411367110	1401876232
10453824610	1359418732
10496282110	1316961232
10538739610	1274503732
10581197110	1232046232
10623654610	1189588732
10666112110	1147131232
10708569610	1104673732
10751027110	1062216232
10793484610	1019758732
10835942110	977301232
10878399610	934843732
10920857110	892386232
10963314610	849928732
11006500110	1653855491
11054312610	1606042991
11102125110	1558230491
11149937610	1510417991
11197750110	1462605491
11245562610	1414792991
11293375110	1366980491
11341187610	1319167991
11389000110	1271355491
11436812610	1223542991
11484625110	1175730491
11532437610	1127917991
11580250110	1080105491
11628062610	1032292991
11675875110	984480491
11723687610	936667991
11771500110	888855491
11819312610	841042991
11867125110	1728300913
11914937610	1680488413
11962750110	1632675913
12009624810	1585801213
12052082310	1543343713
12094539810	1500886213
12136997310	1458428713
12179454810	1415971213
12221912310	1373513713
12264369810	1331056213
12306827310	1288598713
12349284810	1246141213
12391742310	1203683713
12434199810	1161226213
12476657310	1118768713
12519114810	1076311213
12561572310	1033853713
12604029810	991396213
12646487310	948938713
12688944810	1871332182
12731402310	1828874682
12773859810	1786417182
12816317310	1743959682
12858774810	1701502182
12901232310	1659044682
12943689810	1616587182
12986147310	1574129682
13032212610	1528064382
13080025110	1480251882
13127837610	1432439382
13175650110	1384626882
13223462610	1336814382
13271275110	1289001882
13319087610	1241189382
13366900110	1193376882
13414712610	1145564382
13462525110	1097751882
13510337610	1049939382
13558150110	1002126882
13605962610	954314382
13653775110	1976552191
13701587610	1928739691
13749400110	1880927191
13797212610	1833114691
13845025110	1785302191
13892837610	1737489691
13940650110	1689677191
13988462610	1641864691
14032457510	1597869791
14074915010	1555412291
14117372510	1512954791
14159830010	1470497291
14202287510	1428039791
14244745010	1385582291
14287202510	1343124791
14329660010	1300667291
14372117510	1258209791
14414575010	1215752291
14457032510	1173294791
14499490010	1130837291
14541947510	1088379791
14584405010	3246229855
14626862510	3203772355
14669320010	3161314855
14711777510	3118857355
14754235010	3076399855
14796692510	3033942355
14839150010	2991484855
14881607510	2949027355
14924065010	2906569855
14966522510	2864112355
15010112610	2820522255
15057925110	2772709755
15105737610	2724897255
15153550110	2677084755
15201362610	2629272255
15249175110	2581459755
15296987610	2533647255
15344800110	2485834755
15392612610	2438022255
15440425110	2390209755
15488237610	2342397255
15536050110	2294584755
15583862610	2246772255
15631675110	2198959755
15679487610	3537666071
15727300110	3489853571
15775112610	3442041071
15822925110	3394228571
15870737610	3346416071
15918550110	3298603571
15966362610	3250791071
16012832710	3204320971
16055290210	3161863471
16097747710	3119405971
16140205210	3076948471
16182662710	3034490971
16225120210	2992033471
16267577710	2949575971
16310035210	2907118471
16352492710	2864660971
16394950210	2822203471
16437407710	2779745971
16479865210	2737288471
16522322710	2694830971
16564780210	2652373471
16607237710	2609915971
16649695210	2567458471
16692152710	2525000971
16734610210	2482543471
16777067710	2440085971
16819525210	2397628471
16861982710	2355170971
16904440210	2312713471
16946897710	2270255971
16989355210	2227798471
17035825110	2181328571
17083637610	2133516071
17131450110	2085703571
17179262610	2037891071
17227075110	1990078571
17274887610	1942266071
17322700110	1894453571
17370512610	1846641071
17418325110	1798828571
17466137610	1751016071
17513950110	1703203571
17561762610	1655391071
17609575110	1607578571
17657387610	1559766071
17705200110	1511953571
17753012610	1464141071
17800825110	1416328571
17848637610	2323893317
17896450110	2276080817
17944262610	2228268317
17992075110	2180455817
18035665410	2136865517
18078122910	2094408017
18120580410	2051950517
18163037910	2009493017
18205495410	1967035517
18247952910	1924578017
18290410410	1882120517
18332867910	1839663017
18375325410	1797205517
18417782910	1754748017
18460240410	1712290517
18502697910	1669833017
18545155410	1627375517
18587612910	1584918017
18630070410	1542460517
18672527910	1500003017
18714985410	1457545517
18757442910	1415088017
18799900410	1372630517
18842357910	1330173017
18884815410	1287715517
18927272910	1245258017
18969730410	1202800517
19013725110	1158805817
19061537610	1110993317
19109350110	1063180817
19157162610	1015368317
19204975110	967555817
19252787610	1546593029
19300600110	1498780529
19348412610	1450968029
19396225110	1403155529
19444037610	1355343029
19491850110	1307530529
19539662610	1259718029
19587475110	1211905529
19635287610	1164093029
19683100110	1116280529
19730912610	1068468029
19778725110	1020655529
19826537610	972843029
19874350110	925030529
19922162610	877218029
19969975110	829405529
20016040610	783340029
20058498110	740882529
20100955610	698425029
20143413110	655967529
20185870610	613510029
20228328110	1017499386
20270785610	975041886
20313243110	932584386
20355700610	890126886
20398158110	847669386
20440615610	805211886
20483073110	762754386
20525530610	720296886
20567988110	677839386
20610445610	635381886
20652903110	592924386
20695360610	550466886
20737818110	508009386
20780275610	465551886
20822733110	714356641
20865190610	671899141
20907648110	629441641
20950105610	586984141
20992563110	544526641
21039437610	497652141
21087250110	449839641
21135062610	402027141
21182875110	354214641
21230687610	306402141
21278500110	443701406
21326312610	395888906
21374125110	348076406
21421937610	300263906
21469750110	252451406
21517562610	204638906
21565375110	270746154
21613187610	222933654
21661000110	175121154
21708812610	127308654
21756625110	151596934
21804437610	103784434
21852250110	99400788
21900062610	51588288
21947875110	33094443
21995687610	12792810
22038873310	1072748
22081330810	796164
22123788310	589525
22166245810	683504
22208703310	1062194
22251160810	727162
22293618310	888712
22336075810	1366754
22378533310	590618
22420990810	704400
22463448310	611744
22505905810	792326
22548363310	3537275
22590820810	741723
22633278310	882238
22675735810	463908
22718193310	943946
22760650810	664059
22803108310	494966
22845565810	512590
22888023310	673156
22930480810	842779
22972938310	571942
23017337610	560187
23065150110	529858
23112962610	476198
23160775110	486031
23208587610	472061
23256400110	482981
23304212610	343099
23352025110	542551
23399837610	1059917
23447650110	486365
23495462610	609452
23543275110	500646
23591087610	541957
23638900110	479405
23686712610	547188
23734525110	318602
23782337610	370794
23830150110	433225
23877962610	380331
23925775110	520358
23973587610	469513
24019248510	464837
24061706010	674815
24104163510	994474
24146621010	675517
24189078510	2758152
24231536010	967650
24273993510	534651
24316451010	633713
24358908510	839686
24401366010	961889
24443823510	684691
24486281010	1167109
24528738510	493762
24571196010	751846
24613653510	833569
24656111010	458235
24698568510	784337
24741026010	896908
24783483510	896276
24825941010	891990
24868398510	528134
24910856010	930995
24953313510	708064
24995771010	4247877
25043050110	385852
25090862610	364246
25138675110	293711
25186487610	457880
25234300110	3166009
25282112610	507957
25329925110	553804
25377737610	295409
25425550110	621541
25473362610	466602
25521175110	461934
25568987610	734133
25616800110	353953
25664612610	408412
25712425110	317190
25760237610	329116
25808050110	548983
25855862610	616221
25903675110	324500
25951487610	515831
25999300110	340482
26042081210	770870
26084538710	777807
26126996210	843854
26169453710	906905
26211911210	981617
26254368710	680781
26296826210	872922
26339283710	2250038
26381741210	942780
26424198710	554128
26466656210	790203
26509113710	889897
26551571210	863505
26594028710	611010
26636486210	1316538
26678943710	536581
26721401210	452881
26763858710	776534
26806316210	532289
26848773710	885508
26891231210	476936
26933688710	931610
26976146210	913203
27020950110	442825
27068762610	563637
27116575110	329189
27164387610	581132
27212200110	578705
27260012610	577952
27307825110	448376
27355637610	463158
27403450110	2043759
27451262610	393784
27499075110	475707
27546887610	482213
27594700110	495412
27642512610	319064
27690325110	450377
27738137610	549968
27785950110	397312
27833762610	511870
27881575110	525280
27929387610	421907
27977200110	294515
28022456410	923223
28064913910	1126299
28107371410	715321
28149828910	817712
28192286410	887551
28234743910	884344
28277201410	872996
28319658910	545687
28362116410	954721
28404573910	899740
28447031410	444519
28489488910	1878563
28531946410	697476
28574403910	464592
28616861410	915989
28659318910	594601
28701776410	799750
28744233910	684513
28786691410	736128
28829148910	911971
28871606410	781836
28914063910	594454
28956521410	885858
28998978910	614448
29046662610	428633
29094475110	484346
29142287610	447378
29190100110	300169
29237912610	366806
29285725110	322010
29333537610	348635
29381350110	416673
29429162610	345656
29476975110	324580
29524787610	397805
29572600110	1971210
29620412610	436888
29668225110	600052
29716037610	478554
29763850110	589061
29811662610	444831
29859475110	456467
29907287610	327605
29955100110	463674
30002831610	7499013
30045289110	8018893
30087746610	5909908
30130204110	5712895
30172661610	4057046
30215119110	5451866
30257576610	5337107
30300034110	3814168
30342491610	10955395
30384949110	5239634
30427406610	4746428
30469864110	6035390
30512321610	12896753
30554779110	9360219
30597236610	5791343
30639694110	7934677
30682151610	11970711
30724609110	5772690
30767066610	7428837
30809524110	9722550
30851981610	14908389
30894439110	7615513
30936896610	11224342
30979354110	10198537
31024562610	3805474
31072375110	8841243
31120187610	6937259
31168000110	7544740
31215812610	10218625
31263625110	12626828
31311437610	10135231
31359250110	7386371
31407062610	9147786
31454875110	11519156
31502687610	12949789
31550500110	14684967
31598312610	14046665
31646125110	9555690
31693937610	9992170
31741750110	11861225
31789562610	9063658
31837375110	13495422
31885187610	9388545
31933000110	8353387
31980812610	17695027
32025664310	20069112
32068121810	19043114
32110579310	30160619
32153036810	26772697
32195494310	26315746
32237951810	29654382
32280409310	34843837
32322866810	53105441
32365324310	50689545
32407781810	57657470
32450239310	63520488
32492696810	68899293
32535154310	75010809
32577611810	85438591
32620069310	95147669
32662526810	52690169
32704984310	64865650
32747441810	75243469
32789899310	91350200
32832356810	107092329
32874814310	64634829
32917271810	79507666
32959729310	95513737
33002462610	107975331
33050275110	60162831
33098087610	59425896
33145900110	52550032
33193712610	39385070
33241525110	56407090
33289337610	36208876
33337150110	35535866
33384962610	25614984
33432775110	26869136
33480587610	19686816
33528400110	20248515
33576212610	15300710
33624025110	15786568
33671837610	22872655
33719650110	18095243
33767462610	16514382
33815275110	22949056
33863087610	28035035
33910900110	32009228
33958712610	22786928
34006039510	26013740
34048497010	24826715
34090954510	34345361
34133412010	54073951
34175869510	45125872
34218327010	43913450
34260784510	47533765
34303242010	52664575
34345699510	60029444
34388157010	77677589
34430614510	98204759
34473072010	124067040
34515529510	81609540
34557987010	114235178
34600444510	158014531
34642902010	115557031
34685359510	166640640
34727817010	124183140
34770274510	182747803
34812732010	140290303
34855189510	207375721
34897647010	164918221
34940104510	122460721
34982562010	194018756
35028175110	148405656
35075987610	206620057
35123800110	158807557
35171612610	110995057
35219425110	174786369
35267237610	126973869
35315050110	181682270
35362862610	133869770
35410675110	188693977
35458487610	140881477
35506300110	189292436
35554112610	141479936
35601925110	184301419
35649737610	136488919
35697550110	172323329
35745362610	124510829
35793175110	164187627
35840987610	116375127
35888800110	149037068
35936612610	101224568
35984425110	136772268
36028872210	92325168
36071329710	141819792
36113787210	99362292
36156244710	165730346
36198702210	123272846
36241159710	200078761
36283617210	157621261
36326074710	246305651
36368532210	203848151
36410989710	161390651
36453447210	264858874
36495904710	222401374
36538362210	179943874
36580819710	303858222
36623277210	261400722
36665734710	218943222
36708192210	176485722
36750649710	319026471
36793107210	276568971
36835564710	234111471
36878022210	191653971
36920479710	337108577
36962937210	294651077
37006075110	251513177
37053887610	203700677
37101700110	333980327
37149512610	286167827
37197325110	238355327
37245137610	190542827
37292950110	318309747
37340762610	270497247
37388575110	222684747
37436387610	174872247
37484200110	292186848
37532012610	244374348
37579825110	196561848
37627637610	306634544
37675450110	258822044
37723262610	211009544
37771075110	163197044
37818887610	265162651
37866700110	217350151
37914512610	169537651
37962325110	287904788
38009247410	240982488
38051704910	198524988
38094162410	339079022
38136619910	296621522
38179077410	254164022
38221534910	211706522
38263992410	374196517
38306449910	331739017
38348907410	289281517
38391364910	246824017
38433822410	204366517
38476279910	390515896
38518737410	348058396
38561194910	305600896
38603652410	263143396
38646109910	481966054
38688567410	439508554
38731024910	397051054
38773482410	354593554
38815939910	312136054
38858397410	269678554
38900854910	492544689
38943312410	450087189
38985769910	407629689
39031787610	361611989
39079600110	313799489
39127412610	265986989
39175225110	472264317
39223037610	424451817
39270850110	376639317
39318662610	328826817
39366475110	281014317
39414287610	474959510
39462100110	427147010
39509912610	379334510
39557725110	331522010
39605537610	283709510
39653350110	476004928
39701162610	428192428
39748975110	380379928
39796787610	332567428
39844600110	284754928
39892412610	236942428
39940225110	443932677
39988037610	396120177
40032080110	352077677
40074537610	309620177
40116995110	267162677
40159452610	512012435
40201910110	469554935
40244367610	427097435
40286825110	384639935
40329282610	342182435
40371740110	299724935
40414197610	580403067
40456655110	537945567
40499112610	495488067
40541570110	453030567
40584027610	410573067
40626485110	368115567
40668942610	325658067
40711400110	641355660
40753857610	598898160
40796315110	556440660
40838772610	513983160
40881230110	471525660
40923687610	429068160
40966145110	386610660
41009687610	687255324
41057500110	639442824
41105312610	591630324
41153125110	543817824
41200937610	496005324
41248750110	448192824
41296562610	400380324
41344375110	352567824
41392187610	635253140
41440000110	587440640
41487812610	539628140
41535625110	491815640
41583437610	444003140
41631250110	396190640
41679062610	348378140
41726875110	632334505
41774687610	584522005
41822500110	536709505
41870312610	488897005
41918125110	441084505
41965937610	393272005
42012455310	346754305
42054912810	682641555
42097370310	640184055
42139827810	597726555
42182285310	555269055
42224742810	512811555
42267200310	470354055
42309657810	427896555
42352115310	385439055
42394572810	770143695
42437030310	727686195
42479487810	685228695
42521945310	642771195
42564402810	600313695
42606860310	557856195
42649317810	515398695
42691775310	472941195
42734232810	430483695
42776690310	829781217
42819147810	787323717
42861605310	744866217
42904062810	702408717
42946520310	659951217
42988977810	617493717
43035400110	571071417
43083212610	523258917
43131025110	475446417
43178837610	854449804
43226650110	806637304
43274462610	758824804
43322275110	711012304
43370087610	663199804
43417900110	615387304
43465712610	567574804
43513525110	519762304
43561337610	471949804
43609150110	424137304
43656962610	812140861
43704775110	764328361
43752587610	716515861
43800400110	668703361
43848212610	620890861
43896025110	573078361
43943837610	525265861
43991650110	477453361
44035288010	433815461
44077745510	879125910
44120203010	836668410
44162660510	794210910
44205118010	751753410
44247575510	709295910
44290033010	666838410
44332490510	624380910
44374948010	581923410
44417405510	539465910
44459863010	497008410
44502320510	991180853
44544778010	948723353
44587235510	906265853
44629693010	863808353
44672150510	821350853
44714608010	778893353
44757065510	736435853
44799523010	693978353
44841980510	651520853
44884438010	609063353
