1110	115826388
28306110	87521388
56611110	59216388
84916110	119171325
113221110	90866325
141526110	168924447
169831110	140619447
198136110	112314447
226441110	209503886
254746110	181198886
283051110	152893886
311356110	124588886
339661110	245816818
367966110	217511818
396271110	189206818
424576110	160901818
452881110	306948332
481186110	278643332
509491110	250338332
537796110	222033332
566101110	193728332
594406110	370293566
622711110	341988566
651016110	313683566
679321110	285378566
707626110	257073566
735931110	228768566
764236110	432819734
792541110	404514734
820846110	376209734
849151110	347904734
877456110	319599734
905761110	291294734
934066110	262989734
962371110	234684734
990676110	443098781
1021375110	412399781
1053250110	380524781
1085125110	348649781
1117000110	316774781
1148875110	284899781
1180750110	253024781
1212625110	456712352
1244500110	424837352
1276375110	392962352
1308250110	361087352
1340125110	329212352
1372000110	297337352
1403875110	265462352
1435750110	233587352
1467625110	435537452
1499500110	403662452
1531375110	371787452
1563250110	339912452
1595125110	308037452
1627000110	276162452
1658875110	244287452
1690750110	445029898
1722625110	413154898
1754500110	381279898
1786375110	349404898
1818250110	317529898
1850125110	285654898
1882000110	253779898
1913875110	482318906
1945750110	450443906
1977625110	418568906
2008681310	387512706
2036986310	359207706
2065291310	330902706
2093596310	302597706
2121901310	274292706
2150206310	547147532
2178511310	518842532
2206816310	490537532
2235121310	462232532
2263426310	433927532
2291731310	405622532
2320036310	377317532
2348341310	349012532
2376646310	320707532
2404951310	647063371
2433256310	618758371
2461561310	590453371
2489866310	562148371
2518171310	533843371
2546476310	505538371
2574781310	477233371
2603086310	448928371
2631391310	420623371
2659696310	392318371
2688001310	364013371
2716306310	730185812
2744611310	701880812
2772916310	673575812
2801221310	645270812
2829526310	616965812
2857831310	588660812
2886136310	560355812
2914441310	532050812
2942746310	503745812
2971051310	475440812
2999356310	447135812
3031150110	415342012
3063025110	779199168
3094900110	747324168
3126775110	715449168
3158650110	683574168
3190525110	651699168
3222400110	619824168
3254275110	587949168
3286150110	556074168
3318025110	524199168
3349900110	492324168
3381775110	460449168
3413650110	428574168
3445525110	396699168
3477400110	759698965
3509275110	727823965
3541150110	695948965
3573025110	664073965
3604900110	632198965
3636775110	600323965
3668650110	568448965
3700525110	536573965
3732400110	504698965
3764275110	472823965
3796150110	440948965
3828025110	409073965
3859900110	820509710
3891775110	788634710
3923650110	756759710
3955525110	724884710
3987400110	693009710
4017361510	663048310
4045666510	634743310
4073971510	606438310
4102276510	578133310
4130581510	549828310
4158886510	521523310
4187191510	493218310
4215496510	464913310
4243801510	952816255
4272106510	924511255
4300411510	896206255
4328716510	867901255
4357021510	839596255
4385326510	811291255
4413631510	782986255
4441936510	754681255
4470241510	726376255
4498546510	698071255
4526851510	669766255
4555156510	641461255
4583461510	613156255
4611766510	584851255
4640071510	556546255
4668376510	528241255
4696681510	1070250723
4724986510	1041945723
4753291510	1013640723
4781596510	985335723
4809901510	957030723
4838206510	928725723
4866511510	900420723
4894816510	872115723
4923121510	843810723
4951426510	815505723
4979731510	787200723
5009050110	757882123
5040925110	726007123
5072800110	694132123
5104675110	662257123
5136550110	630382123
5168425110	598507123
5200300110	566632123
5232175110	1110419583
5264050110	1078544583
5295925110	1046669583
5327800110	1014794583
5359675110	982919583
5391550110	951044583
5423425110	919169583
5455300110	887294583
5487175110	855419583
5519050110	823544583
5550925110	791669583
5582800110	759794583
5614675110	727919583
5646550110	696044583
5678425110	664169583
5710300110	632294583
5742175110	600419583
5774050110	568544583
5805925110	1182288263
5837800110	1150413263
5869675110	1118538263
5901550110	1086663263
5933425110	1054788263
5965300110	1022913263
5997175110	991038263
6026041710	962171663
6054346710	933866663
6082651710	905561663
6110956710	877256663
6139261710	848951663
6167566710	820646663
6195871710	792341663
6224176710	764036663
6252481710	735731663
6280786710	707426663
6309091710	679121663
6337396710	650816663
6365701710	1358727851
6394006710	1330422851
6422311710	1302117851
6450616710	1273812851
6478921710	1245507851
6507226710	1217202851
6535531710	1188897851
6563836710	1160592851
6592141710	1132287851
6620446710	1103982851
6648751710	1075677851
6677056710	1047372851
6705361710	1019067851
6733666710	990762851
6761971710	962457851
6790276710	934152851
6818581710	905847851
6846886710	877542851
6875191710	849237851
6903496710	820932851
6931801710	792627851
6960106710	764322851
6988411710	736017851
7018825110	1445401713
7050700110	1413526713
7082575110	1381651713
7114450110	1349776713
7146325110	1317901713
7178200110	1286026713
7210075110	1254151713
7241950110	1222276713
7273825110	1190401713
7305700110	1158526713
7337575110	1126651713
7369450110	1094776713
7401325110	1062901713
7433200110	1031026713
7465075110	999151713
7496950110	967276713
7528825110	935401713
7560700110	903526713
7592575110	871651713
7624450110	839776713
7656325110	807901713
7688200110	776026713
7720075110	744151713
7751950110	1542115975
7783825110	1510240975
7815700110	1478365975
7847575110	1446490975
7879450110	1414615975
7911325110	1382740975
7943200110	1350865975
7975075110	1318990975
8006416910	1287649175
8034721910	1259344175
8063026910	1231039175
8091331910	1202734175
8119636910	1174429175
8147941910	1146124175
8176246910	1117819175
8204551910	1089514175
8232856910	1061209175
8261161910	1032904175
8289466910	1004599175
8317771910	976294175
8346076910	947989175
8374381910	919684175
8402686910	891379175
8430991910	863074175
8459296910	834769175
8487601910	1694021442
8515906910	1665716442
8544211910	1637411442
8572516910	1609106442
8600821910	1580801442
8629126910	1552496442
8657431910	1524191442
8685736910	1495886442
8714041910	1467581442
8742346910	1439276442
8770651910	1410971442
8798956910	1382666442
8827261910	1354361442
8855566910	1326056442
8883871910	1297751442
8912176910	1269446442
8940481910	1241141442
8968786910	1212836442
8997091910	1184531442
9028600110	1153023242
9060475110	1121148242
9092350110	1089273242
9124225110	1057398242
9156100110	1025523242
9187975110	993648242
9219850110	961773242
9251725110	929898242
9283600110	898023242
9315475110	4281005061
9347350110	4249130061
9379225110	4217255061
9411100110	4185380061
9442975110	4153505061
9474850110	4121630061
9506725110	4089755061
9538600110	4057880061
9570475110	4026005061
9602350110	3994130061
9634225110	3962255061
9666100110	3930380061
9697975110	3898505061
9729850110	3866630061
9761725110	3834755061
9793600110	3802880061
9825475110	3771005061
9857350110	3739130061
9889225110	3707255061
9921100110	3675380061
9952975110	3643505061
9984850110	3611630061
10015097110	3581383061
10043402110	3553078061
10071707110	3524773061
10100012110	3496468061
10128317110	3468163061
10156622110	3439858061
10184927110	3411553061
10213232110	5582588797
10241537110	5554283797
10269842110	5525978797
10298147110	5497673797
10326452110	5469368797
10354757110	5441063797
10383062110	5412758797
10411367110	5384453797
10439672110	5356148797
10467977110	5327843797
10496282110	5299538797
10524587110	5271233797
10552892110	5242928797
10581197110	5214623797
10609502110	5186318797
10637807110	5158013797
10666112110	5129708797
10694417110	5101403797
10722722110	5073098797
10751027110	5044793797
10779332110	5016488797
10807637110	4988183797
10835942110	4959878797
10864247110	4931573797
10892552110	4903268797
10920857110	4874963797
10949162110	4846658797
10977467110	4818353797
11006500110	4789320797
11038375110	4757445797
11070250110	4725570797
11102125110	4693695797
11134000110	4661820797
11165875110	4629945797
11197750110	4598070797
11229625110	4566195797
11261500110	4534320797
11293375110	4502445797
11325250110	4470570797
11357125110	4438695797
11389000110	4406820797
11420875110	4374945797
11452750110	4343070797
11484625110	4311195797
11516500110	4279320797
11548375110	4247445797
11580250110	4215570797
11612125110	4183695797
11644000110	4151820797
11675875110	4119945797
11707750110	4088070797
11739625110	4056195797
11771500110	4024320797
11803375110	3992445797
11835250110	3960570797
11867125110	3928695797
11899000110	3896820797
11930875110	3864945797
11962750110	3833070797
11994625110	3801195797
12023777310	3772043597
12052082310	3743738597
12080387310	3715433597
12108692310	3687128597
12136997310	3658823597
12165302310	3630518597
12193607310	3602213597
12221912310	3573908597
12250217310	3545603597
12278522310	3517298597
12306827310	3488993597
12335132310	3460688597
12363437310	3432383597
12391742310	3404078597
12420047310	3375773597
12448352310	3347468597
12476657310	3319163597
12504962310	3290858597
12533267310	3262553597
12561572310	3234248597
12589877310	3205943597
12618182310	3177638597
12646487310	3149333597
12674792310	3121028597
12703097310	3092723597
12731402310	3064418597
12759707310	3036113597
12788012310	3007808597
12816317310	2979503597
12844622310	2951198597
12872927310	2922893597
12901232310	2894588597
12929537310	2866283597
12957842310	2837978597
12986147310	2809673597
13016275110	2779545797
13048150110	2747670797
13080025110	2715795797
13111900110	2683920797
13143775110	2652045797
13175650110	2620170797
13207525110	2588295797
13239400110	2556420797
13271275110	2524545797
13303150110	2492670797
13335025110	2460795797
13366900110	2428920797
13398775110	2397045797
13430650110	2365170797
13462525110	2333295797
13494400110	2301420797
13526275110	2269545797
13558150110	2237670797
13590025110	2205795797
13621900110	3688345961
13653775110	3656470961
13685650110	3624595961
13717525110	3592720961
13749400110	3560845961
13781275110	3528970961
13813150110	3497095961
13845025110	3465220961
13876900110	3433345961
13908775110	3401470961
13940650110	3369595961
13972525110	3337720961
14004152510	3306093561
14032457510	3277788561
14060762510	3249483561
14089067510	3221178561
14117372510	3192873561
14145677510	3164568561
14173982510	3136263561
14202287510	3107958561
14230592510	3079653561
14258897510	3051348561
14287202510	3023043561
14315507510	2994738561
14343812510	2966433561
14372117510	2938128561
14400422510	2909823561
14428727510	2881518561
14457032510	2853213561
14485337510	2824908561
14513642510	2796603561
14541947510	2768298561
14570252510	2739993561
14598557510	2711688561
14626862510	2683383561
14655167510	2655078561
14683472510	2626773561
14711777510	2598468561
14740082510	2570163561
14768387510	2541858561
14796692510	2513553561
14824997510	2485248561
14853302510	2456943561
14881607510	2428638561
14909912510	2400333561
14938217510	2372028561
14966522510	2343723561
14994827510	2315418561
15026050110	2284195961
15057925110	2252320961
15089800110	2220445961
15121675110	2188570961
15153550110	2156695961
15185425110	2124820961
15217300110	2092945961
15249175110	2061070961
15281050110	2029195961
15312925110	1997320961
15344800110	1965445961
15376675110	1933570961
15408550110	1901695961
15440425110	1869820961
15472300110	1837945961
15504175110	1806070961
15536050110	1774195961
15567925110	1742320961
15599800110	1710445961
15631675110	1678570961
15663550110	1646695961
15695425110	1614820961
15727300110	1582945961
15759175110	1551070961
15791050110	1519195961
15822925110	1487320961
15854800110	2502134481
15886675110	2470259481
15918550110	2438384481
15950425110	2406509481
15982300110	2374634481
16012832710	2344101881
16041137710	2315796881
16069442710	2287491881
16097747710	2259186881
16126052710	2230881881
16154357710	2202576881
16182662710	2174271881
16210967710	2145966881
16239272710	2117661881
16267577710	2089356881
16295882710	2061051881
16324187710	2032746881
16352492710	2004441881
16380797710	1976136881
16409102710	1947831881
16437407710	1919526881
16465712710	1891221881
16494017710	1862916881
16522322710	1834611881
16550627710	1806306881
16578932710	1778001881
16607237710	1749696881
16635542710	1721391881
16663847710	1693086881
16692152710	1664781881
16720457710	1636476881
16748762710	1608171881
16777067710	1579866881
16805372710	1551561881
16833677710	1523256881
16861982710	1494951881
16890287710	1466646881
16918592710	1438341881
16946897710	1410036881
16975202710	1381731881
17003950110	1352984481
17035825110	1321109481
17067700110	1289234481
17099575110	1257359481
17131450110	1225484481
17163325110	1193609481
17195200110	1161734481
17227075110	1129859481
17258950110	1097984481
17290825110	1066109481
17322700110	1034234481
17354575110	1713852080
17386450110	1681977080
17418325110	1650102080
17450200110	1618227080
17482075110	1586352080
17513950110	1554477080
17545825110	1522602080
17577700110	1490727080
17609575110	1458852080
17641450110	1426977080
17673325110	1395102080
17705200110	1363227080
17737075110	1331352080
17768950110	1299477080
17800825110	1267602080
17832700110	1235727080
17864575110	1203852080
17896450110	1171977080
17928325110	1140102080
17960200110	1108227080
17992075110	1076352080
18021512910	1046914280
18049817910	1018609280
18078122910	990304280
18106427910	961999280
18134732910	933694280
18163037910	905389280
18191342910	877084280
18219647910	848779280
18247952910	820474280
18276257910	792169280
18304562910	763864280
18332867910	735559280
18361172910	707254280
18389477910	1177768783
18417782910	1149463783
18446087910	1121158783
18474392910	1092853783
18502697910	1064548783
18531002910	1036243783
18559307910	1007938783
18587612910	979633783
18615917910	951328783
18644222910	923023783
18672527910	894718783
18700832910	866413783
18729137910	838108783
18757442910	809803783
18785747910	781498783
18814052910	753193783
18842357910	724888783
18870662910	696583783
18898967910	668278783
18927272910	639973783
18955577910	611668783
18983882910	583363783
19013725110	553521583
19045600110	521646583
19077475110	489771583
19109350110	772659108
19141225110	740784108
19173100110	708909108
19204975110	677034108
19236850110	645159108
19268725110	613284108
19300600110	581409108
19332475110	549534108
19364350110	517659108
19396225110	485784108
19428100110	453909108
19459975110	422034108
19491850110	390159108
19523725110	358284108
19555600110	326409108
19587475110	492318127
19619350110	460443127
19651225110	428568127
19683100110	396693127
19714975110	364818127
19746850110	332943127
19778725110	301068127
19810600110	269193127
19842475110	237318127
19874350110	205443127
19906225110	309169637
19938100110	277294637
19969975110	245419637
20001888110	213506637
20030193110	185201637
20058498110	156896637
20086803110	228918486
20115108110	200613486
20143413110	172308486
20171718110	144003486
20200023110	115698486
20228328110	174090262
20256633110	145785262
20284938110	117480262
20313243110	89175262
20341548110	123673242
20369853110	95368242
20398158110	67063242
20426463110	85089955
20454768110	56784955
20483073110	62261684
20511378110	33956684
20539683110	44093357
20567988110	41865855
20596293110	32042019
20624598110	17841530
20652903110	24509463
20681208110	13286588
20709513110	11367075
20737818110	20096833
20766123110	19367217
20794428110	7613128
20822733110	12721277
20851038110	10311584
20879343110	14603527
20907648110	20900453
20935953110	7618276
20964258110	9108607
20992563110	15278595
21023500110	8506585
21055375110	9460358
21087250110	7097292
21119125110	6536655
21151000110	13187717
21182875110	14613396
21214750110	9656479
21246625110	8376961
21278500110	9348167
21310375110	7948918
21342250110	5578561
21374125110	13779713
21406000110	14210868
21437875110	13324394
21469750110	17986823
21501625110	14387461
21533500110	12902108
21565375110	15968729
21597250110	18570666
21629125110	20453732
21661000110	13474483
21692875110	14100027
21724750110	15799092
21756625110	5322942
21788500110	7383889
21820375110	8813335
21852250110	11522927
21884125110	10060956
21916000110	16327312
21947875110	13993087
21979750110	18638443
22010568310	15581149
22038873310	18006604
22067178310	22153599
22095483310	16908199
22123788310	23453274
22152093310	20245032
22180398310	28710180
22208703310	17457747
22237008310	25060626
22265313310	30273527
22293618310	15054892
22321923310	48272254
22350228310	50757634
22378533310	49067792
22406838310	54714929
22435143310	54733458
22463448310	52020406
22491753310	47355651
22520058310	49262152
22548363310	46354776
22576668310	39722737
22604973310	29735073
22633278310	27801510
22661583310	22612035
22689888310	30277634
22718193310	27434321
22746498310	38483972
22774803310	26747559
22803108310	45700652
22831413310	35525074
22859718310	22855610
22888023310	38989011
22916328310	28609262
22944633310	16657761
22972938310	34078208
23001400110	22813032
23033275110	24185521
23065150110	19188616
23097025110	27092884
23128900110	12020224
23160775110	14076938
23192650110	13461974
23224525110	21983258
23256400110	22114866
23288275110	10408724
23320150110	11533026
23352025110	23184627
23383900110	8363303
23415775110	18351372
23447650110	24232211
23479525110	10178348
23511400110	16155330
23543275110	19921393
23575150110	24470245
23607025110	16342788
23638900110	23043120
23670775110	10146667
23702650110	19561286
23734525110	32043658
23766400110	12652874
23798275110	24341253
23830150110	14382344
23862025110	15902359
23893900110	26710156
23925775110	23644010
23957650110	21188069
23989525110	16369697
24019248510	38611629
24047553510	30258486
24075858510	22560505
24104163510	53096829
24132468510	51943479
24160773510	49290518
24189078510	57303464
24217383510	64107868
24245688510	35802868
24273993510	40759189
24302298510	44189120
24330603510	58276607
24358908510	73965423
24387213510	45660423
24415518510	58953921
24443823510	70570284
24472128510	42265284
24500433510	65019277
24528738510	86846671
24557043510	58541671
24585348510	78388729
24613653510	50083729
24641958510	69250761
24670263510	100275553
24698568510	71970553
24726873510	100416777
24755178510	72111777
24783483510	100432062
24811788510	72127062
24840093510	98428010
24868398510	70123010
24896703510	107000860
24925008510	78695860
24953313510	114118382
24981618510	85813382
25011175110	109105762
25043050110	77230762
25074925110	89929637
25106800110	58054637
25138675110	76072051
25170550110	85494338
25202425110	53619338
25234300110	57727049
25266175110	57736694
25298050110	62804680
25329925110	61710947
25361800110	56101603
25393675110	46747972
25425550110	45547777
25457425110	38819566
25489300110	27910170
25521175110	39099170
25553050110	28206760
25584925110	32801752
25616800110	26247556
25648675110	33029248
25680550110	16143175
25712425110	27286777
25744300110	27513283
25776175110	39007022
25808050110	24017345
25839925110	29567253
25871800110	33675260
25903675110	18873918
25935550110	33095070
25967425110	19236769
25999300110	27631678
26027928710	47691822
26056233710	45308151
26084538710	54114357
26112843710	62899458
26141148710	72060407
26169453710	43755407
26197758710	54202256
26226063710	79102288
26254368710	104000402
26282673710	75695402
26310978710	102072945
26339283710	73767945
26367588710	103037036
26395893710	74732036
26424198710	117775412
26452503710	89470412
26480808710	135329469
26509113710	107024469
26537418710	78719469
26565723710	128484971
26594028710	100179971
26622333710	152150926
26650638710	123845926
26678943710	95540926
26707248710	162786732
26735553710	134481732
26763858710	106176732
26792163710	179675842
26820468710	151370842
26848773710	123065842
26877078710	198503369
26905383710	170198369
26933688710	141893369
26961993710	113588369
26990298710	180933135
27020950110	150281735
27052825110	118406735
27084700110	186402422
27116575110	154527422
27148450110	122652422
27180325110	178444465
27212200110	146569465
27244075110	114694465
27275950110	163019069
27307825110	131144069
27339700110	99269069
27371575110	139540658
27403450110	107665658
27435325110	75790658
27467200110	122391771
27499075110	90516771
27530950110	127493337
27562825110	95618337
27594700110	126578551
27626575110	94703551
27658450110	62828551
27690325110	86331522
27722200110	116316417
27754075110	84441417
27785950110	108658910
27817825110	76783910
27849700110	94793409
27881575110	62918409
27913450110	76826853
27945325110	44951853
27977200110	66484261
28008303910	89092088
28036608910	60787088
28064913910	89712395
28093218910	61407395
28121523910	94466849
28149828910	66161849
28178133910	113614597
28206438910	85309597
28234743910	137686551
28263048910	109381551
28291353910	81076551
28319658910	137625419
28347963910	109320419
28376268910	173916849
28404573910	145611849
28432878910	117306849
28461183910	199591989
28489488910	171286989
28517793910	142981989
28546098910	114676989
28574403910	204217529
28602708910	175912529
28631013910	147607529
28659318910	119302529
28687623910	219428334
28715928910	191123334
28744233910	162818334
28772538910	134513334
28800843910	243370059
28829148910	215065059
28857453910	186760059
28885758910	158455059
28914063910	278145908
28942368910	249840908
28970673910	221535908
28998978910	193230908
29030725110	161484708
29062600110	266590415
29094475110	234715415
29126350110	202840415
29158225110	170965415
29190100110	139090415
29221975110	234075374
29253850110	202200374
29285725110	170325374
29317600110	138450374
29349475110	223626633
29381350110	191751633
29413225110	159876633
29445100110	128001633
29476975110	215591341
29508850110	183716341
29540725110	151841341
29572600110	119966341
29604475110	199517049
29636350110	167642049
29668225110	135767049
29700100110	206368328
29731975110	174493328
29763850110	142618328
29795725110	110743328
29827600110	173405023
29859475110	141530023
29891350110	109655023
29923225110	181756090
29955100110	149881090
