1428	1568676
48196428	7225399
96391428	3664957
144586428	2165699
192781428	4876551
240976428	1966925
289171428	1993829
337366428	1918184
385561428	4331835
433756428	3241553
481951428	1856465
530146428	2560483
578341428	3209797
626536428	2759286
674731428	3174323
722926428	2068431
771121428	3085135
819316428	2093240
867511428	3261627
915706428	3553350
963901428	3752241
1010588679	3265392
1052776179	9968551
1094963679	7912215
1137151179	12325985
1179338679	11845668
1221526179	11746143
1263713679	11095354
1305901179	14028989
1348088679	15409390
1390276179	15087027
1432463679	13860435
1474651179	12803469
1516838679	17407635
1559026179	10399980
1601213679	9608425
1643401179	12049774
1685588679	11678230
1727776179	9288507
1769963679	18391334
1812151179	14166817
1854338679	16807372
1896526179	8608864
1938713679	17355171
1980901179	10077214
2026375874	8008590
2074570874	3620512
2122765874	3299636
2170960874	3149230
2219155874	3042830
2267350874	2957742
2315545874	2233789
2363740874	2138826
2411935874	1909919
2460130874	3042779
2508325874	2867032
2556520874	2985105
2604715874	2303115
2652910874	2277678
2701105874	2359822
2749300874	4147691
2797495874	3487364
2845690874	3508812
2893885874	2749271
2942080874	2800544
2990275874	2117596
3033675554	6953719
3075863054	7585214
3118050554	20515509
3160238054	23223923
3202425554	40312601
3244613054	43331846
3286800554	23721581
3328988054	25797502
3371175554	27039119
3413363054	28763856
3455550554	27821876
3497738054	24446355
3539925554	19631753
3582113054	34483490
3624300554	26767232
3666488054	16828142
3708675554	21303129
3750863054	23474039
3793050554	21937199
3835238054	17322138
3877425554	13841576
3919613054	24604104
3961800554	26462568
4004555320	27707719
4052750320	27212248
4100945320	14390143
4149140320	4510274
4197335320	2793166
4245530320	3415488
4293725320	3051486
4341920320	3333119
4390115320	2202072
4438310320	2031435
4486505320	3362783
4534700320	2278787
4582895320	5690142
4631090320	3239375
4679285320	3453051
4727480320	2526351
4775675320	3428907
4823870320	3322312
4872065320	3137044
4920260320	1861077
4968455320	4384959
5014574929	5194188
5056762429	7844513
5098949929	11436905
5141137429	8857313
5183324929	10393264
5225512429	17290911
5267699929	13236043
5309887429	12266587
5352074929	11532750
5394262429	17338255
5436449929	11438204
5478637429	31454754
5520824929	25587741
5563012429	17851289
5605199929	23444338
5647387429	30953203
5689574929	19612461
5731762429	20499362
5773949929	18506940
5816137429	15983487
5858324929	22128672
5900512429	13438530
5942699929	12681211
5984887429	17418963
6030929766	8620882
6079124766	2436342
6127319766	4270776
6175514766	3082422
6223709766	2773932
6271904766	7061142
6320099766	8647564
6368294766	3056711
6416489766	3155254
6464684766	3371631
6512879766	3912560
6561074766	2547471
6609269766	2404614
6657464766	2710977
6705659766	3478117
6753854766	3253360
6802049766	3409945
6850244766	2899104
6898439766	2941218
6946634766	2950433
6994829766	2712635
7037661804	8684885
7079849304	12907735
7122036804	7266804
7164224304	8481301
7206411804	9578953
7248599304	16060854
7290786804	13655471
7332974304	9778356
7375161804	12440176
7417349304	17452728
7459536804	10403066
7501724304	10040605
7543911804	15392699
7586099304	16239246
7628286804	15362453
7670474304	12527193
7712661804	10029272
7754849304	16691034
7797036804	11197082
7839224304	12462552
7881411804	13477598
7923599304	15558728
7965786804	15083655
8009109212	8815709
8057304212	5370231
8105499212	2995737
8153694212	3336316
8201889212	1927547
8250084212	2942106
8298279212	2360130
8346474212	3584403
8394669212	1841224
8442864212	4106094
8491059212	2346005
8539254212	2062794
8587449212	3345120
8635644212	2448719
8683839212	2583644
8732034212	2952377
8780229212	2852893
8828424212	2857338
8876619212	2115309
8924814212	1846654
8973009212	2563335
9018561179	4536996
9060748679	8253073
9102936179	11213386
9145123679	15139890
9187311179	13553941
9229498679	10463754
9271686179	15579543
9313873679	13852799
9356061179	13836365
9398248679	11785952
9440436179	8565816
9482623679	16552925
9524811179	10543369
9566998679	11484263
9609186179	10380769
9651373679	9685334
9693561179	9123390
9735748679	13986480
9777936179	11145921
9820123679	12845703
9862311179	16026765
9904498679	15960077
9946686179	13580934
9988873679	13364985
10035483658	6133434
10083678658	2642374
10131873658	2251527
10180068658	2571624
10228263658	1814470
10276458658	2706651
10324653658	1928026
10372848658	2848237
10421043658	2638220
10469238658	2875454
10517433658	3494141
10565628658	2016578
10613823658	2877168
10662018658	2982551
10710213658	3539468
10758408658	3882939
10806603658	2692435
10854798658	2200491
10902993658	4651690
10951188658	3576825
10999383658	2528910
11041648054	7144582
11083835554	11003899
11126023054	8746478
11168210554	13036674
11210398054	11154932
11252585554	17177560
11294773054	10056055
11336960554	9344150
11379148054	14195191
11421335554	13449807
11463523054	12245398
11505710554	9057474
11547898054	12223059
11590085554	14358544
11632273054	16034384
11674460554	14771227
11716648054	11379763
11758835554	11613935
11801023054	10585282
11843210554	14878245
11885398054	9944907
11927585554	13083803
11969773054	14031445
12013663104	6882955
12061858104	5590070
12110053104	1879095
12158248104	1792178
12206443104	1954140
12254638104	6724415
12302833104	2633180
12351028104	2389733
12399223104	3290552
12447418104	3383120
12495613104	1907949
12543808104	2412115
12592003104	2535434
12640198104	2737798
12688393104	2459702
12736588104	2917767
12784783104	2753921
12832978104	3046349
12881173104	9046986
12929368104	14709642
12977563104	10871865
13022547429	10226153
13064734929	12322118
13106922429	18843918
13149109929	16269319
13191297429	16837196
13233484929	15618445
13275672429	14288238
13317859929	10627496
13360047429	11670521
13402234929	10616078
13444422429	16532966
13486609929	10179915
13528797429	14884594
13570984929	16595160
13613172429	15909417
13655359929	15961644
13697547429	11844839
13739734929	14516758
13781922429	16137224
13824109929	12239811
13866297429	22254001
13908484929	20642024
13950672429	18481531
13992859929	17621010
14040037550	9558778
14088232550	2651931
14136427550	2420687
14184622550	2790664
14232817550	3271446
14281012550	3068183
14329207550	2523871
14377402550	2900616
14425597550	3236198
14473792550	1884676
14521987550	2540983
14570182550	3246791
14618377550	2659668
14666572550	2499152
14714767550	2735753
14762962550	2567419
14811157550	2378751
14859352550	2157369
14907547550	2030768
14955742550	2842481
15003446804	3961350321
15045634304	3919162821
15087821804	3876975321
15130009304	3834787821
15172196804	3792600321
15214384304	3750412821
15256571804	3708225321
15298759304	3666037821
15340946804	3623850321
15383134304	3581662821
15425321804	3539475321
15467509304	3497287821
15509696804	3455100321
15551884304	3412912821
15594071804	3370725321
15636259304	3328537821
15678446804	3286350321
15720634304	3244162821
15762821804	3201975321
15805009304	3159787821
15847196804	3117600321
15889384304	3075412821
15931571804	3033225321
15973759304	2991037821
16018216996	2946580129
16066411996	2898385129
16114606996	2850190129
16162801996	2801995129
16210996996	2753800129
16259191996	2705605129
16307386996	2657410129
16355581996	2609215129
16403776996	2561020129
16451971996	2512825129
16500166996	2464630129
16548361996	2416435129
16596556996	2368240129
16644751996	2320045129
16692946996	2271850129
16741141996	2223655129
16789336996	2175460129
16837531996	2127265129
16885726996	2079070129
16933921996	2030875129
16982116996	1982680129
17026533679	1938263446
17068721179	1896075946
17110908679	1853888446
17153096179	1811700946
17195283679	1769513446
17237471179	1727325946
17279658679	1685138446
17321846179	1642950946
17364033679	1600763446
17406221179	1558575946
17448408679	1516388446
17490596179	1474200946
17532783679	1432013446
17574971179	1389825946
17617158679	2146013983
17659346179	2103826483
17701533679	2061638983
17743721179	2019451483
17785908679	1977263983
17828096179	1935076483
17870283679	1892888983
17912471179	1850701483
17954658679	1808513983
17996846179	1766326483
18044591442	1718581220
18092786442	1670386220
18140981442	1622191220
18189176442	1573996220
18237371442	1525801220
18285566442	1477606220
18333761442	1429411220
18381956442	1381216220
18430151442	1333021220
18478346442	1284826220
18526541442	1236631220
18574736442	1188436220
18622931442	1140241220
18671126442	1092046220
18719321442	1043851220
18767516442	995656220
18815711442	947461220
18863906442	899266220
18912101442	851071220
18960296442	802876220
19007433054	1248859223
19049620554	1206671723
19091808054	1164484223
19133995554	1122296723
19176183054	1080109223
19218370554	1037921723
19260558054	995734223
19302745554	953546723
19344933054	911359223
19387120554	869171723
19429308054	826984223
19471495554	784796723
19513683054	742609223
19555870554	700421723
19598058054	658234223
19640245554	616046723
19682433054	573859223
19724620554	531671723
19766808054	489484223
19808995554	724696635
19851183054	682509135
19893370554	640321635
19935558054	598134135
19977745554	555946635
20022770888	510921301
20070965888	462726301
20119160888	414531301
20167355888	366336301
20215550888	318141301
20263745888	269946301
20311940888	368523739
20360135888	320328739
20408330888	272133739
20456525888	223938739
20504720888	175743739
20552915888	207453759
20601110888	159258759
20649305888	111063759
20697500888	106562862
20745695888	58367862
20793890888	32699925
20842085888	5920675
20890280888	343388
20938475888	327289
20986670888	310907
21030519929	588570
21072707429	400633
21114894929	437283
21157082429	437569
21199269929	852752
21241457429	428812
21283644929	450456
21325832429	421066
21368019929	626940
21410207429	508491
21452394929	657360
21494582429	634586
21536769929	398394
21578957429	621947
21621144929	463236
21663332429	394950
21705519929	563194
21747707429	418015
21789894929	425921
21832082429	384786
21874269929	596122
21916457429	402725
21958644929	501827
22000950334	385636
22049145334	366995
22097340334	249220
22145535334	251087
22193730334	258959
22241925334	390886
22290120334	337293
22338315334	316906
22386510334	323942
22434705334	322682
22482900334	445932
22531095334	457918
22579290334	1419872
22627485334	278637
22675680334	292482
22723875334	457042
22772070334	502373
22820265334	307497
22868460334	272432
22916655334	475984
22964850334	404289
23011419304	422316
23053606804	408764
23095794304	450763
23137981804	576323
23180169304	571382
23222356804	594627
23264544304	527637
23306731804	420736
23348919304	334533
23391106804	450534
23433294304	663669
23475481804	385675
23517669304	381010
23559856804	511293
23602044304	523509
23644231804	355799
23686419304	469912
23728606804	533552
23770794304	534711
23812981804	677840
23855169304	558190
23897356804	527926
23939544304	474934
23981731804	452999
24027324780	266453
24075519780	492836
24123714780	1707352
24171909780	306646
24220104780	397097
24268299780	351138
24316494780	431415
24364689780	356018
24412884780	408980
24461079780	366135
24509274780	273827
24557469780	298739
24605664780	264197
24653859780	265331
24702054780	388113
24750249780	665963
24798444780	280715
24846639780	380794
24894834780	426876
24943029780	423199
24991224780	367077
25034506179	686319
25076693679	522957
25118881179	443482
25161068679	478565
25203256179	359780
25245443679	1019928
25287631179	514200
25329818679	486019
25372006179	521523
25414193679	614067
25456381179	650197
25498568679	650289
25540756179	642767
25582943679	521292
25625131179	586239
25667318679	374294
25709506179	630373
25751693679	764323
25793881179	611871
25836068679	454767
25878256179	621538
25920443679	590440
25962631179	383301
26005504226	355859
26053699226	415175
26101894226	422704
26150089226	441272
26198284226	327271
26246479226	419077
26294674226	328170
26342869226	259521
26391064226	295297
26439259226	435420
26487454226	478008
26535649226	397435
26583844226	246740
26632039226	333554
26680234226	407725
26728429226	396667
26776624226	412705
26824819226	411415
26873014226	354387
26921209226	406224
26969404226	370245
27015405554	592798
27057593054	381533
27099780554	367837
27141968054	1907549
27184155554	451471
27226343054	380151
27268530554	364642
27310718054	992235
27352905554	620826
27395093054	484169
27437280554	499993
27479468054	635299
27521655554	616036
27563843054	592670
27606030554	339118
27648218054	466390
27690405554	332094
27732593054	526124
27774780554	405710
27816968054	429526
27859155554	661003
27901343054	393893
27943530554	412859
27985718054	466776
28031878672	440301
28080073672	357754
28128268672	260534
28176463672	392690
28224658672	344335
28272853672	322478
28321048672	441640
28369243672	324359
28417438672	249590
28465633672	350923
28513828672	421166
28562023672	308917
28610218672	396484
28658413672	319660
28706608672	839334
28754803672	397149
28802998672	416045
28851193672	459108
28899388672	265331
28947583672	411640
28995778672	470301
29038492429	341515
29080679929	633167
29122867429	358922
29165054929	470799
29207242429	403476
29249429929	752510
29291617429	347866
29333804929	504760
29375992429	492271
29418179929	566709
29460367429	730556
29502554929	619965
29544742429	647723
29586929929	496318
29629117429	334024
29671304929	548716
29713492429	469361
29755679929	386321
29797867429	414777
29840054929	482746
29882242429	423907
29924429929	396210
29966617429	656948
30010058118	11085618
30058253118	13452130
30106448118	9968935
30154643118	4531845
30202838118	12096391
30251033118	8648659
30299228118	4415333
30347423118	13582118
30395618118	6417202
30443813118	7841850
30492008118	3503224
30540203118	2331423
30588398118	12944915
30636593118	9941634
30684788118	6704593
30732983118	7798056
30781178118	5513906
30829373118	7644744
30877568118	10425483
30925763118	9979553
30973958118	6371694
31019391804	20219602
31061579304	14664743
31103766804	16641944
31145954304	14237974
31188141804	18472638
31230329304	17666283
31272516804	18154390
31314704304	18554809
31356891804	12859113
31399079304	14250511
31441266804	14456375
31483454304	15598317
31525641804	22630908
31567829304	24349556
31610016804	25469501
31652204304	27675039
31694391804	18415649
31736579304	20209429
31778766804	23223990
31820954304	13089762
31863141804	14509901
31905329304	21488138
31947516804	16548260
31989704304	22098640
32036432564	12798186
32084627564	8724293
32132822564	16843206
32181017564	11468093
32229212564	17332387
32277407564	13355011
32325602564	8365485
32373797564	15920140
32421992564	7225363
32470187564	21325134
32518382564	16553006
32566577564	7987814
32614772564	16614557
32662967564	15253753
32711162564	12658450
32759357564	10501378
32807552564	15154796
32855747564	16717419
32903942564	15488043
32952137564	11835753
33000291179	9459934
33042478679	23185816
33084666179	19680981
33126853679	32912345
33169041179	29209942
33211228679	27569814
33253416179	27460985
33295603679	32598712
33337791179	36039018
33379978679	41038960
33422166179	47023151
33464353679	25283806
33506541179	38011022
33548728679	38874223
33590916179	55399101
33633103679	38021926
33675291179	48815849
33717478679	34252476
33759666179	40258238
33801853679	59318845
33844041179	43133287
33886228679	24208718
33928416179	45924001
33970603679	31572146
34014612010	40768760
34062807010	31447231
34111002010	35149679
34159197010	27669279
34207392010	11959074
34255587010	10220408
34303782010	12157217
34351977010	10762249
34400172010	10259072
34448367010	8575388
34496562010	8399967
34544757010	23106681
34592952010	21988334
34641147010	24082668
34689342010	13961041
34737537010	21277762
34785732010	18180418
34833927010	25530078
34882122010	21327917
34930317010	27098578
34978512010	18376765
35023378054	18870150
35065565554	27778347
35107753054	33409279
35149940554	58666733
35192128054	50331848
35234315554	40922641
35276503054	86379098
35318690554	44191598
35360878054	45915605
35403065554	48598898
35445253054	49743321
35487440554	50162931
35529628054	50264972
35571815554	50421692
35614003054	49054695
35656190554	46736885
35698378054	44441956
35740565554	43305798
35782753054	40229118
35824940554	73931107
35867128054	69383098
35909315554	63527066
35951503054	56714973
35993690554	46815760
36040986456	29072141
36089181456	23753365
36137376456	15248291
36185571456	5010698
36233766456	3292747
36281961456	2534438
36330156456	1928162
36378351456	4158237
36426546456	2198848
36474741456	3175708
36522936456	2843673
36571131456	3315884
36619326456	2302801
36667521456	3694835
36715716456	3236473
36763911456	3533251
36812106456	3341983
36860301456	2472739
36908496456	2191183
36956691456	2783657
37004277429	4726921
37046464929	7565398
37088652429	9736101
37130839929	12390205
37173027429	8996736
37215214929	11641512
37257402429	14052319
37299589929	13227850
37341777429	9879264
37383964929	13032679
37426152429	7677129
37468339929	11213731
37510527429	12820961
37552714929	11975591
37594902429	9133921
37637089929	9489693
37679277429	14535561
37721464929	9856162
37763652429	17150161
37805839929	12300439
37848027429	13769205
37890214929	12464044
37932402429	11123437
37974589929	10186547
38019165902	5553018
38067360902	3368538
38115555902	3739349
38163750902	3030367
38211945902	3372334
38260140902	2650620
38308335902	2991326
38356530902	2411635
38404725902	3076501
38452920902	2969612
38501115902	2807122
38549310902	2447148
38597505902	3494967
38645700902	3685330
38693895902	2821237
38742090902	3510471
38790285902	2976933
38838480902	2317336
38886675902	2619364
38934870902	2453012
38983065902	2808068
39027364304	4435901
39069551804	8223158
39111739304	8714025
39153926804	11043715
39196114304	9532286
39238301804	10371739
39280489304	9988323
39322676804	15131237
39364864304	13034785
39407051804	11814072
39449239304	8657360
39491426804	12001372
39533614304	10913460
39575801804	14272936
39617989304	14567112
39660176804	12057565
39702364304	10473521
39744551804	9815041
39786739304	8121834
39828926804	12069518
39871114304	13677064
39913301804	15729334
39955489304	15252994
39997676804	11919795
40045540348	5093096
40093735348	3303989
40141930348	3213052
40190125348	3770640
40238320348	2563638
40286515348	2242915
40334710348	2708565
40382905348	3715066
40431100348	4604006
40479295348	2569623
40527490348	3223697
40575685348	2743925
40623880348	2561943
40672075348	2199387
40720270348	2321526
40768465348	4308186
40816660348	2475736
40864855348	3420797
40913050348	2554544
40961245348	3503248
41008263679	4797910
41050451179	9157531
41092638679	10566853
41134826179	13955895
41177013679	7016166
41219201179	13667071
41261388679	7074808
41303576179	12789857
41345763679	13313224
41387951179	11744042
41430138679	8110089
41472326179	14192313
41514513679	11694651
41556701179	7882388
41598888679	10049840
41641076179	11502972
41683263679	12603263
41725451179	11006107
41767638679	8018708
41809826179	15738092
41852013679	13148889
41894201179	14563244
41936388679	31105552
41978576179	46098137
42023719794	26754911
42071914794	19286384
42120109794	11592407
42168304794	8580515
42216499794	3075616
42264694794	2856803
42312889794	5281618
42361084794	3586654
42409279794	3518567
42457474794	3572680
42505669794	3730640
42553864794	2497566
42602059794	3078314
42650254794	2615392
42698449794	2815120
42746644794	2577119
42794839794	3081403
42843034794	2747066
42891229794	2729512
42939424794	3433701
42987619794	2177131
43031350554	4994021
43073538054	11302848
43115725554	10679878
43157913054	10126480
43200100554	9458167
43242288054	13366817
43284475554	9658364
43326663054	11579151
43368850554	13487551
43411038054	12495094
43453225554	9939153
43495413054	14622360
43537600554	17424254
43579788054	13297453
43621975554	15495819
43664163054	15577959
43706350554	16210742
43748538054	12113155
43790725554	14888883
43832913054	15026982
43875100554	14154233
43917288054	13244939
43959475554	10151807
44001899240	11567315
44050094240	3849949
44098289240	2236796
44146484240	2312429
44194679240	2507853
44242874240	2299725
44291069240	1903194
44339264240	2296557
44387459240	2474794
44435654240	2510747
44483849240	2220355
44532044240	3315215
44580239240	3213803
44628434240	2022105
44676629240	2510279
44724824240	1957692
44773019240	3542373
44821214240	3234798
44869409240	2890564
44917604240	2418977
44965799240	2071920
45012249929	3861020
