1428	1808355
48196428	9349852
96391428	2692783
144586428	2737372
192781428	4588309
240976428	1893062
289171428	3195660
337366428	1754023
385561428	3181297
433756428	2237816
481951428	2044572
530146428	2222656
578341428	2399085
626536428	2480573
674731428	2789784
722926428	1764878
771121428	2622751
819316428	1749107
867511428	1851083
915706428	2900264
963901428	3343177
1010588679	3927605
1052776179	5841910
1094963679	7367635
1137151179	11171277
1179338679	11469428
1221526179	8633943
1263713679	9642247
1305901179	7909011
1348088679	10699209
1390276179	10899308
1432463679	9147308
1474651179	12893590
1516838679	11268856
1559026179	7544784
1601213679	8184515
1643401179	12865600
1685588679	9219834
1727776179	9440169
1769963679	11423393
1812151179	12716571
1854338679	9870550
1896526179	9886736
1938713679	11099486
1980901179	6941741
2026375874	4065973
2074570874	2573873
2122765874	3435630
2170960874	1713317
2219155874	2073674
2267350874	3041804
2315545874	1785231
2363740874	1979768
2411935874	3378550
2460130874	2215815
2508325874	3235484
2556520874	2737140
2604715874	2919844
2652910874	2458731
2701105874	2256275
2749300874	2440584
2797495874	1905177
2845690874	2590997
2893885874	2232251
2942080874	2453761
2990275874	1889194
3033675554	5689674
3075863054	5170749
3118050554	5297838
3160238054	6856065
3202425554	11824330
3244613054	12311865
3286800554	9251905
3328988054	9707093
3371175554	9966368
3413363054	6142462
3455550554	5955754
3497738054	9888122
3539925554	12478475
3582113054	12909147
3624300554	10322855
3666488054	6748591
3708675554	11262285
3750863054	8197375
3793050554	8267434
3835238054	6221402
3877425554	9963167
3919613054	8749132
3961800554	9781080
4004555320	5821797
4052750320	2487858
4100945320	2551176
4149140320	2440710
4197335320	2126306
4245530320	3054152
4293725320	2823258
4341920320	3034116
4390115320	2019697
4438310320	2738248
4486505320	2676454
4534700320	2253863
4582895320	2871120
4631090320	2534088
4679285320	2893106
4727480320	1807239
4775675320	3957053
4823870320	2656130
4872065320	2984055
4920260320	2466856
4968455320	3075584
5014574929	3363019
5056762429	8542511
5098949929	9601786
5141137429	11796077
5183324929	11358002
5225512429	9119146
5267699929	5729397
5309887429	8880910
5352074929	8186947
5394262429	9827740
5436449929	8696363
5478637429	10171008
5520824929	10676889
5563012429	9141036
5605199929	6539179
5647387429	13203330
5689574929	12273494
5731762429	8052761
5773949929	7227683
5816137429	14060176
5858324929	29433074
5900512429	20259398
5942699929	26513442
5984887429	18476717
6030929766	17250972
6079124766	3049838
6127319766	3134001
6175514766	2502709
6223709766	2852167
6271904766	2889976
6320099766	4412491
6368294766	2515942
6416489766	3126390
6464684766	2429293
6512879766	2683473
6561074766	2518808
6609269766	2591022
6657464766	3254146
6705659766	19231153
6753854766	8650931
6802049766	3953043
6850244766	2926788
6898439766	2181463
6946634766	3073847
6994829766	1841464
7037661804	6228254
7079849304	9964282
7122036804	10104972
7164224304	8860696
7206411804	6205195
7248599304	7153202
7290786804	6841707
7332974304	10232211
7375161804	5987318
7417349304	12743004
7459536804	9079267
7501724304	8608166
7543911804	5807351
7586099304	8796856
7628286804	8093929
7670474304	6652322
7712661804	13580635
7754849304	6909962
7797036804	9896901
7839224304	9296042
7881411804	8424442
7923599304	9960694
7965786804	9116865
8009109212	7477749
8057304212	4213597
8105499212	2006899
8153694212	2938940
8201889212	3034720
8250084212	3437600
8298279212	2781510
8346474212	1824713
8394669212	2602902
8442864212	3237944
8491059212	2157367
8539254212	2441055
8587449212	2837173
8635644212	2416292
8683839212	1746633
8732034212	2652948
8780229212	2846945
8828424212	2272993
8876619212	3087203
8924814212	2150854
8973009212	3410088
9018561179	5335173
9060748679	8197104
9102936179	9589286
9145123679	12140536
9187311179	13322635
9229498679	10454667
9271686179	10673553
9313873679	10127621
9356061179	11441375
9398248679	10009692
9440436179	7108715
9482623679	14411250
9524811179	7026635
9566998679	9945570
9609186179	9908580
9651373679	11572067
9693561179	8155526
9735748679	8019606
9777936179	6095126
9820123679	11264404
9862311179	11184353
9904498679	7647554
9946686179	7166036
9988873679	9453312
10035483658	2294097
10083678658	2484182
10131873658	2738418
10180068658	3354910
10228263658	2120744
10276458658	3038479
10324653658	3008768
10372848658	1660408
10421043658	2741078
10469238658	1980060
10517433658	3189350
10565628658	2335581
10613823658	2210595
10662018658	2626624
10710213658	2703529
10758408658	3284032
10806603658	2454336
10854798658	1983795
10902993658	3286241
10951188658	2999609
10999383658	2981627
11041648054	6245499
11083835554	8878174
11126023054	6264208
11168210554	8639733
11210398054	10024480
11252585554	12512774
11294773054	10330719
11336960554	10784532
11379148054	8630046
11421335554	8960331
11463523054	8623676
11505710554	6234712
11547898054	7898890
11590085554	7504405
11632273054	6587172
11674460554	9731514
11716648054	9439305
11758835554	12245415
11801023054	6087016
11843210554	9015301
11885398054	9625902
11927585554	10162610
11969773054	11838288
12013663104	4412134
12061858104	3790839
12110053104	2242320
12158248104	3153678
12206443104	2953387
12254638104	3653321
12302833104	2239275
12351028104	3188107
12399223104	2098941
12447418104	3532832
12495613104	1983247
12543808104	2295184
12592003104	1934025
12640198104	2460768
12688393104	2946878
12736588104	2003754
12784783104	2246862
12832978104	3040233
12881173104	1810748
12929368104	3200618
12977563104	2260635
13022547429	4732052
13064734929	8987334
13106922429	6282856
13149109929	5680029
13191297429	6941424
13233484929	7308219
13275672429	10745469
13317859929	7285651
13360047429	7627860
13402234929	11252831
13444422429	11387330
13486609929	9343603
13528797429	12220094
13570984929	5855504
13613172429	8963152
13655359929	14988926
13697547429	8752830
13739734929	11707433
13781922429	11453308
13824109929	11629671
13866297429	7370995
13908484929	6585826
13950672429	9256651
13992859929	9565979
14040037550	4182159
14088232550	3147073
14136427550	2654212
14184622550	2040015
14232817550	2368937
14281012550	2197875
14329207550	2893385
14377402550	9222611
14425597550	3576633
14473792550	3239053
14521987550	2192301
14570182550	2454558
14618377550	1926653
14666572550	2519467
14714767550	3137447
14762962550	3079815
14811157550	3146984
14859352550	2095689
14907547550	3365529
14955742550	2701497
15003446804	2285900299
15045634304	2243712799
15087821804	2201525299
15130009304	2159337799
15172196804	2117150299
15214384304	2074962799
15256571804	2032775299
15298759304	1990587799
15340946804	1948400299
15383134304	1906212799
15425321804	1864025299
15467509304	1821837799
15509696804	1779650299
15551884304	1737462799
15594071804	1695275299
15636259304	1653087799
15678446804	1610900299
15720634304	1568712799
15762821804	1526525299
15805009304	1484337799
15847196804	1442150299
15889384304	1399962799
15931571804	1357775299
15973759304	1315587799
16018216996	1271130107
16066411996	1222935107
16114606996	1174740107
16162801996	1126545107
16210996996	1078350107
16259191996	1030155107
16307386996	981960107
16355581996	933765107
16403776996	885570107
16451971996	837375107
16500166996	789180107
16548361996	1220089125
16596556996	1171894125
16644751996	1123699125
16692946996	1075504125
16741141996	1027309125
16789336996	979114125
16837531996	930919125
16885726996	882724125
16933921996	834529125
16982116996	786334125
17026533679	741917442
17068721179	699729942
17110908679	657542442
17153096179	615354942
17195283679	573167442
17237471179	530979942
17279658679	488792442
17321846179	744365968
17364033679	702178468
17406221179	659990968
17448408679	617803468
17490596179	575615968
17532783679	533428468
17574971179	491240968
17617158679	449053468
17659346179	406865968
17701533679	364678468
17743721179	322490968
17785908679	455863239
17828096179	413675739
17870283679	371488239
17912471179	329300739
17954658679	287113239
17996846179	244925739
18044591442	197180476
18092786442	242984310
18140981442	194789310
18189176442	146594310
18237371442	98399310
18285566442	101256614
18333761442	53061614
18381956442	30750023
18430151442	8700185
18478346442	159773
18526541442	292030
18574736442	364440
18622931442	258460
18671126442	365464
18719321442	466518
18767516442	231812
18815711442	306264
18863906442	323419
18912101442	235845
18960296442	199965
19007433054	396626
19049620554	369080
19091808054	496065
19133995554	415355
19176183054	478008
19218370554	614732
19260558054	398377
19302745554	472749
19344933054	617914
19387120554	626927
19429308054	375925
19471495554	352431
19513683054	416302
19555870554	445874
19598058054	2440619
19640245554	403106
19682433054	474594
19724620554	392635
19766808054	420131
19808995554	583763
19851183054	352172
19893370554	562826
19935558054	435719
19977745554	547991
20022770888	475770
20070965888	287830
20119160888	268855
20167355888	451303
20215550888	390853
20263745888	158836
20311940888	435119
20360135888	278359
20408330888	305434
20456525888	274040
20504720888	360678
20552915888	244900
20601110888	253177
20649305888	434257
20697500888	493495
20745695888	289305
20793890888	355888
20842085888	353027
20890280888	246850
20938475888	358655
20986670888	340806
21030519929	496086
21072707429	462353
21114894929	360186
21157082429	521204
21199269929	1219908
21241457429	491981
21283644929	382364
21325832429	390961
21368019929	871806
21410207429	615018
21452394929	331422
21494582429	464567
21536769929	312456
21578957429	535360
21621144929	569855
21663332429	514919
21705519929	620120
21747707429	596845
21789894929	358139
21832082429	619270
21874269929	468627
21916457429	466808
21958644929	425426
22000950334	327630
22049145334	290909
22097340334	353128
22145535334	172648
22193730334	306052
22241925334	283807
22290120334	471816
22338315334	322023
22386510334	252891
22434705334	411450
22482900334	287773
22531095334	330812
22579290334	1142847
22627485334	380692
22675680334	191391
22723875334	395204
22772070334	404901
22820265334	198334
22868460334	259762
22916655334	458199
22964850334	362195
23011419304	347443
23053606804	595069
23095794304	452504
23137981804	458946
23180169304	302303
23222356804	309422
23264544304	496972
23306731804	558950
23348919304	388950
23391106804	404264
23433294304	495209
23475481804	558412
23517669304	531415
23559856804	567816
23602044304	422092
23644231804	574147
23686419304	632541
23728606804	458503
23770794304	666909
23812981804	430342
23855169304	373588
23897356804	566491
23939544304	340935
23981731804	592088
24027324780	318077
24075519780	316209
24123714780	1716325
24171909780	300581
24220104780	323261
24268299780	150428
24316494780	372793
24364689780	340201
24412884780	295166
24461079780	227262
24509274780	382631
24557469780	336155
24605664780	354388
24653859780	359210
24702054780	306350
24750249780	260853
24798444780	269436
24846639780	307538
24894834780	361252
24943029780	247160
24991224780	505496
25034506179	527084
25076693679	344876
25118881179	416661
25161068679	454578
25203256179	562084
25245443679	469141
25287631179	387964
25329818679	304498
25372006179	356522
25414193679	355196
25456381179	437106
25498568679	437527
25540756179	474614
25582943679	586210
25625131179	356209
25667318679	447134
25709506179	605136
25751693679	457724
25793881179	570281
25836068679	566566
25878256179	578199
25920443679	410924
25962631179	341505
26005504226	230121
26053699226	138521
26101894226	281664
26150089226	260777
26198284226	361088
26246479226	303855
26294674226	264709
26342869226	371667
26391064226	334310
26439259226	381606
26487454226	249944
26535649226	272791
26583844226	179709
26632039226	281015
26680234226	237450
26728429226	295196
26776624226	248880
26824819226	345272
26873014226	479552
26921209226	400676
26969404226	414443
27015405554	346421
27057593054	544415
27099780554	558621
27141968054	1653572
27184155554	643053
27226343054	444096
27268530554	443859
27310718054	1303728
27352905554	584194
27395093054	419934
27437280554	456034
27479468054	313081
27521655554	597946
27563843054	565932
27606030554	337696
27648218054	398805
27690405554	358143
27732593054	473045
27774780554	336699
27816968054	359634
27859155554	433932
27901343054	623930
27943530554	491056
27985718054	615338
28031878672	368867
28080073672	211035
28128268672	207165
28176463672	407004
28224658672	283523
28272853672	215636
28321048672	234204
28369243672	251042
28417438672	416488
28465633672	232068
28513828672	304883
28562023672	267093
28610218672	248824
28658413672	377976
28706608672	1314496
28754803672	332535
28802998672	366689
28851193672	408506
28899388672	237465
28947583672	273954
28995778672	467790
29038492429	597860
29080679929	356279
29122867429	557796
29165054929	503521
29207242429	316616
29249429929	425417
29291617429	568422
29333804929	503067
29375992429	599180
29418179929	407828
29460367429	626540
29502554929	338539
29544742429	388973
29586929929	435339
29629117429	447990
29671304929	519831
29713492429	571789
29755679929	532064
29797867429	567541
29840054929	470956
29882242429	442704
29924429929	485545
29966617429	341724
30010058118	2153047
30058253118	2706099
30106448118	2541169
30154643118	5703884
30202838118	6711863
30251033118	5669411
30299228118	5761655
30347423118	5657056
30395618118	7035545
30443813118	4196281
30492008118	6799809
30540203118	3606973
30588398118	6166073
30636593118	4409238
30684788118	7002566
30732983118	8398743
30781178118	6902028
30829373118	8344893
30877568118	16806439
30925763118	10194230
30973958118	5939834
31019391804	8844014
31061579304	16382424
31103766804	9527412
31145954304	11747046
31188141804	13117318
31230329304	9842606
31272516804	14965925
31314704304	13263658
31356891804	13734657
31399079304	11089894
31441266804	13254207
31483454304	12731888
31525641804	11033061
31567829304	14587207
31610016804	8309952
31652204304	11939837
31694391804	10795111
31736579304	19366451
31778766804	16146202
31820954304	16453996
31863141804	20205375
31905329304	21830396
31947516804	9952345
31989704304	11803249
32036432564	11225438
32084627564	4171926
32132822564	11515942
32181017564	7596801
32229212564	7644743
32277407564	7977690
32325602564	19150755
32373797564	24192065
32421992564	18947565
32470187564	10208519
32518382564	8086567
32566577564	14585713
32614772564	9649741
32662967564	13983474
32711162564	7596690
32759357564	8489621
32807552564	12278486
32855747564	9227332
32903942564	3394831
32952137564	3032877
33000291179	2519177
33042478679	4048868
33084666179	8150308
33126853679	7665142
33169041179	7380455
33211228679	6689557
33253416179	15020055
33295603679	10558943
33337791179	9977851
33379978679	6507606
33422166179	9337082
33464353679	7734391
33506541179	9933103
33548728679	10327520
33590916179	8931690
33633103679	11463510
33675291179	11845702
33717478679	9126874
33759666179	7518839
33801853679	14760590
33844041179	18970433
33886228679	17486681
33928416179	17242431
33970603679	14236770
34014612010	8109021
34062807010	2889078
34111002010	2002128
34159197010	3111814
34207392010	1798587
34255587010	1802430
34303782010	1948587
34351977010	1792830
34400172010	2371568
34448367010	2408931
34496562010	2534784
34544757010	2587407
34592952010	3090100
34641147010	4415129
34689342010	2901713
34737537010	2040230
34785732010	2329783
34833927010	4212607
34882122010	1748653
34930317010	3190451
34978512010	1718414
35023378054	6527693
35065565554	9943084
35107753054	7517553
35149940554	11055732
35192128054	7191528
35234315554	10795483
35276503054	6240091
35318690554	6438605
35360878054	12775775
35403065554	7100233
35445253054	12073027
35487440554	7817744
35529628054	12639350
35571815554	9781931
35614003054	11325829
35656190554	11975165
35698378054	8862969
35740565554	10879981
35782753054	8957107
35824940554	10786601
35867128054	10484518
35909315554	7678643
35951503054	9215418
35993690554	8889246
36040986456	3525183
36089181456	3257218
36137376456	3153432
36185571456	4358035
36233766456	2551084
36281961456	2164652
36330156456	2082015
36378351456	4488436
36426546456	2112878
36474741456	3019558
36522936456	1753174
36571131456	2734734
36619326456	2453352
36667521456	2156908
36715716456	2236631
36763911456	2941540
36812106456	2335679
36860301456	2106085
36908496456	2290154
36956691456	2893400
37004277429	3305406
37046464929	8115670
37088652429	9979696
37130839929	8461478
37173027429	9036456
37215214929	6644900
37257402429	8070901
37299589929	6816013
37341777429	10202641
37383964929	11505296
37426152429	11824690
37468339929	9288779
37510527429	9955483
37552714929	7981360
37594902429	10914687
37637089929	10825647
37679277429	9438996
37721464929	11980774
37763652429	9466585
37805839929	12869324
37848027429	11782298
37890214929	8298471
37932402429	15034626
37974589929	11009099
38019165902	6378861
38067360902	3275160
38115555902	3950005
38163750902	2165621
38211945902	3405712
38260140902	2967442
38308335902	1962368
38356530902	3133556
38404725902	2066951
38452920902	1732090
38501115902	2538628
38549310902	2504235
38597505902	2084340
38645700902	2254429
38693895902	3184195
38742090902	3262592
38790285902	2566252
38838480902	1681538
38886675902	2237290
38934870902	2608056
38983065902	3084648
39027364304	4821762
39069551804	10361986
39111739304	7222756
39153926804	10374390
39196114304	11750717
39238301804	13874873
39280489304	12222516
39322676804	8137744
39364864304	10164284
39407051804	7706803
39449239304	8942291
39491426804	8448691
39533614304	11358733
39575801804	12827511
39617989304	10728378
39660176804	7329797
39702364304	12614250
39744551804	10799163
39786739304	5967793
39828926804	11298413
39871114304	11425805
39913301804	11893741
39955489304	9307005
39997676804	10326372
40045540348	3877774
40093735348	2516920
40141930348	1917309
40190125348	2366772
40238320348	2982759
40286515348	2600748
40334710348	2232016
40382905348	1806739
40431100348	3087376
40479295348	2614050
40527490348	2280652
40575685348	2008615
40623880348	3114338
40672075348	2606431
40720270348	1776170
40768465348	4223405
40816660348	2825848
40864855348	2745949
40913050348	2841142
40961245348	3166098
41008263679	4842763
41050451179	4592058
41092638679	6856768
41134826179	10438192
41177013679	6859073
41219201179	7714860
41261388679	6598920
41303576179	11186809
41345763679	12085363
41387951179	9801966
41430138679	11343636
41472326179	9827605
41514513679	7135016
41556701179	8972176
41598888679	9549438
41641076179	12647302
41683263679	8129045
41725451179	7403823
41767638679	10355967
41809826179	10649349
41852013679	8331907
41894201179	10137939
41936388679	10119474
41978576179	14597884
42023719794	5290463
42071914794	1800317
42120109794	4876029
42168304794	2953945
42216499794	1848951
42264694794	3285976
42312889794	5038559
42361084794	2716152
42409279794	2244319
42457474794	1927374
42505669794	3788996
42553864794	2824155
42602059794	2551078
42650254794	13346496
42698449794	12004497
42746644794	2892347
42794839794	2585625
42843034794	3012055
42891229794	1905673
42939424794	2007841
42987619794	3320909
43031350554	7600227
43073538054	12575962
43115725554	8388910
43157913054	9803974
43200100554	10356753
43242288054	7579268
43284475554	9778112
43326663054	9623210
43368850554	7987655
43411038054	9775003
43453225554	9021518
43495413054	11547088
43537600554	6007726
43579788054	12033995
43621975554	8399547
43664163054	10310612
43706350554	14606858
43748538054	10497447
43790725554	9905156
43832913054	6257749
43875100554	9254597
43917288054	7593365
43959475554	9998769
44001899240	9013156
44050094240	3985757
44098289240	2999010
44146484240	2888672
44194679240	2214361
44242874240	2895958
44291069240	1802457
44339264240	2908243
44387459240	6318017
44435654240	12672837
44483849240	5223640
44532044240	2513415
44580239240	1971487
44628434240	3639094
44676629240	2534468
44724824240	3090632
44773019240	3384527
44821214240	2776310
44869409240	2125945
44917604240	3336050
44965799240	1973097
45012249929	3747890
