1176	102496270
42337176	60160270
84673176	90776880
127009176	128319867
169345176	85983867
211681176	129984094
254017176	87648094
296353176	136009878
338689176	93673878
381025176	149749147
423361176	107413147
465697176	168141495
508033176	125805495
550369176	192153901
592705176	149817901
635041176	107481901
677377176	182530025
719713176	140194025
762049176	221036833
804385176	178700833
846721176	136364833
889057176	221035332
931393176	178699332
973729176	136363332
1018196214	209605693
1066148214	161653693
1114100214	219710702
1162052214	171758702
1210004214	123806702
1257956214	171157304
1305908214	123205304
1353860214	161774063
1401812214	113822063
1449764214	142633075
1497716214	94681075
1545668214	115618754
1593620214	67666754
1641572214	81720588
1689524214	89984796
1737476214	91135281
1785428214	87135426
1833380214	79165262
1881332214	66066731
1929284214	48876798
1977236214	29075675
2023521176	36233867
2065857176	49426215
2108193176	35963166
2150529176	55881754
2192865176	46381073
2235201176	37903074
2277537176	67528926
2319873176	65677763
2362209176	64481741
2404545176	64811149
2446881176	67203425
2489217176	72088182
2531553176	78340072
2573889176	87386042
2616225176	100074521
2658561176	57738521
2700897176	71544839
2743233176	87824810
2785569176	107731987
2827905176	65395987
2870241176	87636957
2912577176	115756476
2954913176	73420476
2997249176	97062337
3044836214	108723914
3092788214	60771914
3140740214	66063563
3188692214	64911130
3236644214	59301140
3284596214	50419151
3332548214	36284601
3380500214	44781828
3428452214	41964716
3476404214	28484921
3524356214	17734244
3572308214	8609937
3620260214	6201558
3668212214	4039405
3716164214	4680939
3764116214	4788857
3812068214	5122954
3860020214	4852006
3907972214	3520159
3955924214	3373363
4004705176	2996509
4047041176	7793208
4089377176	12314199
4131713176	13456563
4174049176	20309960
4216385176	19010347
4258721176	24008347
4301057176	36341872
4343393176	32523811
4385729176	31079061
4428065176	33533395
4470401176	38612292
4512737176	46170394
4555073176	29779043
4597409176	47228865
4639745176	35875002
4682081176	58130494
4724417176	51223510
4766753176	44968022
4809089176	40137365
4851425176	78539202
4893761176	81347995
4936097176	84994217
4978433176	85833743
5023524214	80099331
5071476214	66369116
5119428214	48531357
5167380214	26999020
5215332214	25612623
5263284214	24403431
5311236214	23072558
5359188214	30483165
5407140214	24836861
5455092214	13661505
5503044214	7975050
5550996214	7481900
5598948214	4220985
5646900214	3136698
5694852214	3272683
5742804214	5738561
5790756214	5050813
5838708214	2936329
5886660214	4781714
5934612214	4780777
5982564214	4197582
6028225176	5548105
6070561176	45641905
6112897176	32064854
6155233176	52125904
6197569176	42996900
6239905176	36225734
6282241176	72350097
6324577176	71461483
6366913176	72749342
6409249176	76581159
6451585176	81668449
6493921176	88616917
6536257176	100736995
6578593176	58400995
6620929176	72058411
6663265176	88097222
6705601176	108262217
6747937176	65926217
6790273176	88802685
6832609176	116409588
6874945176	74073588
6917281176	106694698
6959617176	136640968
7002212214	94045930
7050164214	110990710
7098116214	120151974
7146068214	72199974
7194020214	77795854
7241972214	76219944
7289924214	69224999
7337876214	58212233
7385828214	43733419
7433780214	50515700
7481732214	24854274
7529684214	33054181
7577636214	12737260
7625588214	10209925
7673540214	6424526
7721492214	3964984
7769444214	2735580
7817396214	3102254
7865348214	6373048
7913300214	3254928
7961252214	2691331
8009409176	4784493
8051745176	9411484
8094081176	12043131
8136417176	12466390
8178753176	19178694
8221089176	25520924
8263425176	17236854
8305761176	28587531
8348097176	24825405
8390433176	25584542
8432769176	27979533
8475105176	32361729
8517441176	43559949
8559777176	29331137
8602113176	45556161
8644449176	33809115
8686785176	58310418
8729121176	50707657
8771457176	44044736
8813793176	39581566
8856129176	80381963
8898465176	81294660
8940801176	84065909
8983137176	84423554
9028852214	75989946
9076804214	60886093
9124756214	42996590
9172708214	47308091
9220660214	38871550
9268612214	21012123
9316564214	17051144
9364516214	8042781
9412468214	5203930
9460420214	4845807
9508372214	3724779
9556324214	3917718
9604276214	4752105
9652228214	5981475
9700180214	4676877
9748132214	5235821
9796084214	2764802
9844036214	5249086
9891988214	4953429
9939940214	3647265
9987892214	4318594
10032929176	8939094
10075265176	10301643
10117601176	14792474
10159937176	19886267
10202273176	21936694
10244609176	27416217
10286945176	18693737
10329281176	32465339
10371617176	32732084
10413953176	35626509
10456289176	42406160
10498625176	28347632
10540961176	43940063
10583297176	32189745
10625633176	56020407
10667969176	48987229
10710305176	43310986
10752641176	38943407
10794977176	81443955
10837313176	84777793
10879649176	89686293
10921985176	47350293
10964321176	55721003
11007540214	60307995
11055492214	54570971
11103444214	45015820
11151396214	63410606
11199348214	42551162
11247300214	39385758
11295252214	28371412
11343204214	19988663
11391156214	14427748
11439108214	10339483
11487060214	5632570
11535012214	3625576
11582964214	13931403
11630916214	8426855
11678868214	5675660
11726820214	5647544
11774772214	3036830
11822724214	3851553
11870676214	5394253
11918628214	3764691
11966580214	5669892
12014113176	3845798
12056449176	8111736
12098785176	18218017
12141121176	26932871
12183457176	28948324
12225793176	18735673
12268129176	28222599
12310465176	25569609
12352801176	24391350
12395137176	25672243
12437473176	30173662
12479809176	57772032
12522145176	62952838
12564481176	71354924
12606817176	83660738
12649153176	97797492
12691489176	114164902
12733825176	71828902
12776161176	93751398
12818497176	117953334
12860833176	75617334
12903169176	103166165
12945505176	131374832
12987841176	89038832
13034180214	104953496
13082132214	115053935
13130084214	67101935
13178036214	69819457
13225988214	67451846
13273940214	60566129
13321892214	48415872
13369844214	32384144
13417796214	40529057
13465748214	37082242
13513700214	23144465
13561652214	12111382
13609604214	12418832
13657556214	3698284
13705508214	3178237
13753460214	5274154
13801412214	3722906
13849364214	5125542
13897316214	3248242
13945268214	3397566
13993220214	2850814
14037633176	11335507
14079969176	14682539
14122305176	20257074
14164641176	17333625
14206977176	18082716
14249313176	23658206
14291649176	34660700
14333985176	29769034
14376321176	26778469
14418657176	30159055
14460993176	36181304
14503329176	44670630
14545665176	28845520
14588001176	44771124
14630337176	32584202
14672673176	53141608
14715009176	44811048
14757345176	39402453
14799681176	72953453
14842017176	70806366
14884353176	71627292
14926689176	73556650
14969025176	1374112571
15012868214	2070089928
15060820214	2022137928
15108772214	1974185928
15156724214	1926233928
15204676214	1878281928
15252628214	1830329928
15300580214	1782377928
15348532214	1734425928
15396484214	1686473928
15444436214	1638521928
15492388214	1590569928
15540340214	1542617928
15588292214	1494665928
15636244214	1446713928
15684196214	1398761928
15732148214	1350809928
15780100214	1302857928
15828052214	1254905928
15876004214	1206953928
15923956214	1159001928
15971908214	1111049928
16018817176	1064140966
16061153176	1021804966
16103489176	979468966
16145825176	937132966
16188161176	894796966
16230497176	852460966
16272833176	810124966
16315169176	767788966
16357505176	1215458001
16399841176	1173122001
16442177176	1130786001
16484513176	1088450001
16526849176	1046114001
16569185176	1003778001
16611521176	961442001
16653857176	919106001
16696193176	876770001
16738529176	834434001
16780865176	792098001
16823201176	749762001
16865537176	707426001
16907873176	665090001
16950209176	622754001
16992545176	580418001
17039508214	533454963
17087460214	485502963
17135412214	717453058
17183364214	669501058
17231316214	621549058
17279268214	573597058
17327220214	525645058
17375172214	477693058
17423124214	429741058
17471076214	381789058
17519028214	333837058
17566980214	285885058
17614932214	398000764
17662884214	350048764
17710836214	302096764
17758788214	254144764
17806740214	206192764
17854692214	158240764
17902644214	206846006
17950596214	158894006
18000001176	109489044
18042337176	132139164
18084673176	89803164
18127009176	92214350
18169345176	49878350
18211681176	38259565
18254017176	28189855
18296353176	6474133
18338689176	940547
18381025176	695990
18423361176	673892
18465697176	626824
18508033176	634815
18550369176	604200
18592705176	525301
18635041176	390335
18677377176	498192
18719713176	745319
18762049176	598440
18804385176	514736
18846721176	422250
18889057176	671120
18931393176	568320
18973729176	701993
19018196214	435137
19066148214	374205
19114100214	1955990
19162052214	597567
19210004214	481016
19257956214	443549
19305908214	279218
19353860214	310087
19401812214	445180
19449764214	445526
19497716214	298356
19545668214	259070
19593620214	395700
19641572214	1139227
19689524214	289440
19737476214	377749
19785428214	652446
19833380214	500691
19881332214	362808
19929284214	310734
19977236214	393692
20023521176	385110
20065857176	509756
20108193176	542949
20150529176	865699
20192865176	654403
20235201176	8278361
20277537176	790845
20319873176	496615
20362209176	530016
20404545176	492053
20446881176	379349
20489217176	687274
20531553176	694030
20573889176	692479
20616225176	1156385
20658561176	629959
20700897176	558539
20743233176	455100
20785569176	451591
20827905176	721116
20870241176	381222
20912577176	403582
20954913176	444773
20997249176	391164
21044836214	318214
21092788214	307654
21140740214	424784
21188692214	418517
21236644214	404574
21284596214	268803
21332548214	418377
21380500214	546815
21428452214	944863
21476404214	486306
21524356214	484746
21572308214	332501
21620260214	346432
21668212214	303891
21716164214	363438
21764116214	492047
21812068214	318127
21860020214	494240
21907972214	415440
21955924214	1077280
22004705176	645547
22047041176	363465
22089377176	423121
22131713176	484598
22174049176	462320
22216385176	509630
22258721176	428999
22301057176	490660
22343393176	526286
22385729176	702305
22428065176	691404
22470401176	565915
22512737176	548859
22555073176	401752
22597409176	397650
22639745176	681299
22682081176	583605
22724417176	708940
22766753176	648987
22809089176	410603
22851425176	353698
22893761176	10649727
22936097176	868945
22978433176	683951
23023524214	435453
23071476214	508294
23119428214	405402
23167380214	378411
23215332214	372550
23263284214	432742
23311236214	503337
23359188214	496059
23407140214	321440
23455092214	386802
23503044214	352756
23550996214	499199
23598948214	351460
23646900214	307947
23694852214	355622
23742804214	620707
23790756214	330219
23838708214	476898
23886660214	296456
23934612214	509775
23982564214	461193
24028225176	420058
24070561176	699576
24112897176	608915
24155233176	439295
24197569176	629521
24239905176	1358076
24282241176	558720
24324577176	676972
24366913176	718183
24409249176	609521
24451585176	733904
24493921176	505031
24536257176	684647
24578593176	398270
24620929176	407197
24663265176	657896
24705601176	728740
24747937176	511085
24790273176	582439
24832609176	673552
24874945176	680339
24917281176	653723
24959617176	535046
25002212214	527795
25050164214	456141
25098116214	361743
25146068214	254152
25194020214	399546
25241972214	445186
25289924214	495512
25337876214	352127
25385828214	500692
25433780214	310573
25481732214	443844
25529684214	2908053
25577636214	277041
25625588214	399409
25673540214	509993
25721492214	417080
25769444214	326923
25817396214	459038
25865348214	449410
25913300214	318005
25961252214	491303
26009409176	420548
26051745176	977549
26094081176	376056
26136417176	655946
26178753176	468469
26221089176	651409
26263425176	464869
26305761176	715187
26348097176	384738
26390433176	590972
26432769176	580750
26475105176	602885
26517441176	1565532
26559777176	589308
26602113176	451379
26644449176	520979
26686785176	415369
26729121176	695996
26771457176	380960
26813793176	398511
26856129176	720373
26898465176	694674
26940801176	438116
26983137176	731398
27028852214	457240
27076804214	480520
27124756214	516198
27172708214	538048
27220660214	378416
27268612214	528089
27316564214	417423
27364516214	320587
27412468214	435859
27460420214	502480
27508372214	425091
27556324214	321916
27604276214	491155
27652228214	300202
27700180214	458437
27748132214	457469
27796084214	432338
27844036214	1556574
27891988214	330585
27939940214	373915
27987892214	408296
28032929176	481043
28075265176	504085
28117601176	468268
28159937176	1963968
28202273176	805911
28244609176	736886
28286945176	434870
28329281176	1032334
28371617176	529907
28413953176	385988
28456289176	628405
28498625176	497930
28540961176	530807
28583297176	416186
28625633176	463825
28667969176	494550
28710305176	453407
28752641176	707593
28794977176	1263984
28837313176	494437
28879649176	539010
28921985176	441609
28964321176	699411
29007540214	479568
29055492214	523576
29103444214	459320
29151396214	317928
29199348214	438883
29247300214	262546
29295252214	289504
29343204214	263109
29391156214	294792
29439108214	499561
29487060214	390446
29535012214	417397
29582964214	460275
29630916214	1035487
29678868214	407442
29726820214	355096
29774772214	463238
29822724214	321637
29870676214	297165
29918628214	431861
29966580214	324337
30014113176	10513892
30056449176	8560496
30098785176	2616919
30141121176	8469469
30183457176	3453876
30225793176	5502482
30268129176	3629447
30310465176	9686672
30352801176	5449361
30395137176	9683700
30437473176	10965495
30479809176	7672317
30522145176	9018584
30564481176	6199335
30606817176	10700635
30649153176	7736447
30691489176	8255478
30733825176	9471476
30776161176	13338322
30818497176	8519217
30860833176	9450358
30903169176	13665616
30945505176	10808415
30987841176	10485101
31034180214	5383026
31082132214	8742521
31130084214	3702893
31178036214	5900439
31225988214	8207690
31273940214	6251575
31321892214	4696880
31369844214	9218839
31417796214	7059033
31465748214	6846132
31513700214	4033412
31561652214	12609697
31609604214	11335214
31657556214	11250692
31705508214	10807258
31753460214	12283432
31801412214	6493937
31849364214	8630396
31897316214	8524191
31945268214	15119411
31993220214	7356154
32037633176	14512869
32079969176	18578392
32122305176	18642259
32164641176	23104509
32206977176	17794044
32249313176	27304052
32291649176	22164064
32333985176	38187982
32376321176	32904602
32418657176	34360419
32460993176	34802800
32503329176	40469748
32545665176	40752346
32588001176	48409928
32630337176	29200225
32672673176	34903381
32715009176	40923890
32757345176	53212623
32799681176	38495114
32842017176	48207896
32884353176	36333243
32926689176	52702109
32969025176	37888435
33012868214	49459515
33060820214	24990774
33108772214	32757063
33156724214	24927813
33204676214	19118326
33252628214	19871635
33300580214	14634533
33348532214	9187921
33396484214	23117502
33444436214	15858370
33492388214	14657565
33540340214	11640731
33588292214	16305646
33636244214	18856884
33684196214	12035644
33732148214	17381063
33780100214	18566104
33828052214	16032055
33876004214	12355003
33923956214	21206412
33971908214	10828714
34018817176	10928169
34061153176	13673608
34103489176	22524845
34145825176	24295326
34188161176	30361098
34230497176	22682363
34272833176	19631790
34315169176	39677531
34357505176	42000037
34399841176	51470917
34442177176	36520536
34484513176	51616301
34526849176	39392785
34569185176	63333126
34611521176	55706491
34653857176	49478236
34696193176	44739172
34738529176	45009810
34780865176	46424998
34823201176	50035428
34865537176	56831904
34907873176	67062998
34950209176	79517170
34992545176	90032313
35039508214	91925547
35087460214	87157986
35135412214	77975926
35183364214	66179651
35231316214	49978093
35279268214	30200242
35327220214	29330450
35375172214	21171832
35423124214	18279898
35471076214	9492041
35519028214	5923354
35566980214	3821591
35614932214	3973358
35662884214	2911450
35710836214	7484355
35758788214	3434643
35806740214	5023797
35854692214	5098509
35902644214	4959162
35950596214	4651227
36000001176	1648425
36042337176	6591890
36084673176	13954420
36127009176	18595822
36169345176	15998559
36211681176	18966994
36254017176	27757070
36296353176	21925491
36338689176	37913075
36381025176	43602641
36423361176	25748571
36465697176	34805936
36508033176	47603196
36550369176	35557052
36592705176	56272595
36635041176	47108177
36677377176	40199152
36719713176	75949236
36762049176	74531199
36804385176	75298410
36846721176	79006779
36889057176	84186767
36931393176	91189714
36973729176	48853714
37018196214	53995545
37066148214	49242989
37114100214	39424552
37162052214	56688748
37210004214	36013878
37257956214	33020138
37305908214	19651789
37353860214	14708629
37401812214	13081816
37449764214	6324830
37497716214	5537855
37545668214	4978019
37593620214	3517018
37641572214	3832461
37689524214	4198579
37737476214	3646127
37785428214	3848409
37833380214	3841752
37881332214	6140126
37929284214	3505163
37977236214	4563286
38023521176	10432201
38065857176	18131330
38108193176	17473909
38150529176	23234025
38192865176	24782100
38235201176	30397792
38277537176	22343216
38319873176	36304366
38362209176	39081900
38404545176	43799564
38446881176	25883713
38489217176	36280084
38531553176	50687738
38573889176	37965976
38616225176	58786149
38658561176	52122010
38700897176	46022650
38743233176	41200668
38785569176	79516685
38827905176	80589166
38870241176	83344019
38912577176	87835153
38954913176	95887919
38997249176	53551919
39044836214	49871699
39092788214	40863425
39140740214	59731188
39188692214	39465431
39236644214	37247167
39284596214	25632746
39332548214	21641720
39380500214	11890797
39428452214	8608639
39476404214	4434336
39524356214	5059914
39572308214	3080781
39620260214	4029785
39668212214	3592251
39716164214	3850554
39764116214	5396527
39812068214	4767926
39860020214	3085079
39907972214	3182226
39955924214	4203208
40004705176	4304389
40047041176	8348501
40089377176	15749668
40131713176	15211196
40174049176	26757251
40216385176	29147500
40258721176	18881294
40301057176	31420724
40343393176	31012095
40385729176	33604132
40428065176	38575665
40470401176	49136844
40512737176	34196291
40555073176	49620835
40597409176	37519667
40639745176	94735380
40682081176	52399380
40724417176	66630453
40766753176	84779765
40809089176	107167674
40851425176	64831674
40893761176	90123068
40936097176	120609468
40978433176	78273468
41023524214	99134840
41071476214	110685668
41119428214	62733668
41167380214	68568523
41215332214	68282084
41263284214	63799074
41311236214	55964546
41359188214	43301532
41407140214	54409924
41455092214	32053219
41503044214	25452098
41550996214	22401840
41598948214	17044818
41646900214	11349276
41694852214	4838618
41742804214	2912478
41790756214	3990550
41838708214	3856214
41886660214	4125716
41934612214	3775174
41982564214	5429847
42028225176	7259134
42070561176	14668843
42112897176	11394930
42155233176	17836964
42197569176	16477753
42239905176	19075166
42282241176	48792819
42324577176	37247134
42366913176	62280720
42409249176	56562222
42451585176	53147454
42493921176	50783231
42536257176	49936567
42578593176	51919149
42620929176	57496503
42663265176	64077229
42705601176	72843414
42747937176	85291556
42790273176	100143830
42832609176	57807830
42874945176	75158488
42917281176	98359085
42959617176	119289117
43002212214	76694079
43050164214	85833195
43098116214	89582660
43146068214	87129849
43194020214	80681271
43241972214	71209043
43289924214	56628019
43337876214	38125248
43385828214	39970568
43433780214	31885081
43481732214	14191247
43529684214	16322143
43577636214	10192889
43625588214	4746461
43673540214	4852994
43721492214	4171796
43769444214	3938589
43817396214	4181748
43865348214	3646511
43913300214	20096994
43961252214	12953735
44009409176	7659529
44051745176	14426065
44094081176	21017120
44136417176	14381397
44178753176	26352564
44221089176	30680191
44263425176	26395344
44305761176	23690263
44348097176	23252727
44390433176	26262150
44432769176	34533809
44475105176	45971738
44517441176	31778398
44559777176	53053190
44602113176	44401253
44644449176	37200402
44686785176	69763861
44729121176	68417845
44771457176	68382427
44813793176	70395261
44856129176	77304857
44898465176	85356453
