1176	103775208
28225176	75551208
56449176	118099595
84673176	89875595
112897176	140307579
141121176	112083579
169345176	83859579
197569176	142407375
225793176	114183375
254017176	85959375
282241176	150054216
310465176	121830216
338689176	93606216
366913176	167716846
395137176	139492846
423361176	111268846
451585176	192055033
479809176	163831033
508033176	135607033
536257176	224766575
564481176	196542575
592705176	168318575
620929176	140094575
649153176	240410171
677377176	212186171
705601176	183962171
733825176	155738171
762049176	127514171
790273176	237249638
818497176	209025638
846721176	180801638
874945176	152577638
903169176	264991936
931393176	236767936
959617176	208543936
987841176	180319936
1018196214	149964898
1050164214	247454211
1082132214	215486211
1114100214	183518211
1146068214	151550211
1178036214	236729271
1210004214	204761271
1241972214	172793271
1273940214	140825271
1305908214	217694690
1337876214	185726690
1369844214	153758690
1401812214	121790690
1433780214	187674393
1465748214	155706393
1497716214	123738393
1529684214	181173007
1561652214	149205007
1593620214	117237007
1625588214	168952357
1657556214	136984357
1689524214	105016357
1721492214	148173320
1753460214	116205320
1785428214	84237320
1817396214	121544462
1849364214	89576462
1881332214	120095827
1913300214	88127827
1945268214	114066660
1977236214	82098660
2009409176	112467920
2037633176	84243920
2065857176	121280934
2094081176	93056934
2122305176	64832934
2150529176	107087196
2178753176	78863196
2206977176	124669399
2235201176	96445399
2263425176	147508045
2291649176	119284045
2319873176	91060045
2348097176	148918880
2376321176	120694880
2404545176	92470880
2432769176	155345063
2460993176	127121063
2489217176	98897063
2517441176	168294690
2545665176	140070690
2573889176	111846690
2602113176	190059235
2630337176	161835235
2658561176	133611235
2686785176	105387235
2715009176	189811070
2743233176	161587070
2771457176	133363070
2799681176	226216986
2827905176	197992986
2856129176	169768986
2884353176	141544986
2912577176	237002226
2940801176	208778226
2969025176	180554226
2997249176	152330226
3028852214	232980924
3060820214	201012924
3092788214	169044924
3124756214	137076924
3156724214	207743472
3188692214	175775472
3220660214	143807472
3252628214	111839472
3284596214	175510310
3316564214	143542310
3348532214	111574310
3380500214	166165760
3412468214	134197760
3444436214	102229760
3476404214	149168598
3508372214	117200598
3540340214	85232598
3572308214	125199672
3604276214	93231672
3636244214	128084591
3668212214	96116591
3700180214	123776890
3732148214	91808890
3764116214	59840890
3796084214	83010897
3828052214	100239455
3860020214	68271455
3891988214	80661551
3923956214	48693551
3955924214	59465505
3987892214	66783166
4018817176	77029725
4047041176	48805725
4075265176	63827692
4103489176	82641802
4131713176	54417802
4159937176	75123661
4188161176	98420068
4216385176	70196068
4244609176	97433802
4272833176	69209802
4301057176	101286415
4329281176	73062415
4357505176	107937384
4385729176	79713384
4413953176	119845438
4442177176	91621438
4470401176	135211767
4498625176	106987767
4526849176	78763767
4555073176	127964100
4583297176	99740100
4611521176	155622199
4639745176	127398199
4667969176	99174199
4696193176	160099549
4724417176	131875549
4752641176	103651549
4780865176	171160648
4809089176	142936648
4837313176	114712648
4865537176	188980916
4893761176	160756916
4921985176	132532916
4950209176	104308916
4978433176	175498767
5007540214	146391729
5039508214	114423729
5071476214	173615867
5103444214	141647867
5135412214	109679867
5167380214	161423362
5199348214	129455362
5231316214	97487362
5263284214	143441211
5295252214	111473211
5327220214	79505211
5359188214	118283138
5391156214	86315138
5423124214	119017379
5455092214	87049379
5487060214	113383458
5519028214	81415458
5550996214	105038925
5582964214	73070925
5614932214	90516083
5646900214	58548083
5678868214	71095111
5710836214	79729501
5742804214	47761501
5774772214	53278528
5806740214	54620683
5838708214	52559479
5870676214	47363650
5902644214	42501020
5934612214	34151194
5966580214	23217546
6000001176	24550935
6028225176	31552616
6056449176	21924535
6084673176	35676140
6112897176	29461203
6141121176	24115352
6169345176	44570649
6197569176	42195473
6225793176	44031130
6254017176	46331385
6282241176	49938941
6310465176	55066083
6338689176	61723118
6366913176	70636558
6395137176	42412558
6423361176	54415594
6451585176	68144341
6479809176	83963294
6508033176	55739294
6536257176	74915934
6564481176	98335379
6592705176	70111379
6620929176	95694550
6649153176	67470550
6677377176	96517577
6705601176	68293577
6733825176	101387329
6762049176	73163329
6790273176	109900747
6818497176	81676747
6846721176	127366157
6874945176	99142157
6903169176	147448181
6931393176	119224181
6959617176	91000181
6987841176	135091541
7018196214	104736503
7050164214	72768503
7082132214	122727277
7114100214	90759277
7146068214	138386124
7178036214	106418124
7210004214	150469230
7241972214	118501230
7273940214	86533230
7305908214	123499447
7337876214	91531447
7369844214	124005736
7401812214	92037736
7433780214	118002507
7465748214	86034507
7497716214	107402023
7529684214	75434023
7561652214	92931056
7593620214	60963056
7625588214	72718977
7657556214	79836996
7689524214	47868996
7721492214	52373333
7753460214	52622361
7785428214	49364392
7817396214	42931369
7849364214	33726168
7881332214	24950344
7913300214	30263352
7945268214	28040150
7977236214	20171869
8009409176	16075732
8037633176	21649855
8065857176	19626495
8094081176	20128705
8122305176	23170828
8150529176	28879976
8178753176	18554093
8206977176	32472702
8235201176	26760180
8263425176	46357488
8291649176	43534075
8319873176	41838208
8348097176	42908097
8376321176	44869466
8404545176	48173630
8432769176	53546192
8460993176	60593723
8489217176	70455886
8517441176	42231886
8545665176	55990638
8573889176	71077428
8602113176	42853428
8630337176	60216120
8658561176	81571568
8686785176	53347568
8715009176	76796728
8743233176	103260959
8771457176	75036959
8799681176	105670628
8827905176	77446628
8856129176	113831833
8884353176	85607833
8912577176	124852521
8940801176	96628521
8969025176	68404521
8997249176	105734304
9028852214	74131266
9060820214	104985843
9092788214	73017843
9124756214	103720058
9156724214	71752058
9188692214	100075414
9220660214	68107414
9252628214	90849149
9284596214	58881149
9316564214	77566773
9348532214	92198026
9380500214	60230026
9412468214	70282988
9444436214	76242552
9476404214	44274552
9508372214	49421480
9540340214	50033851
9572308214	47354506
9604276214	41458998
9636244214	32696313
9668212214	22872276
9700180214	27057381
9732148214	23617753
9764116214	14370685
9796084214	8857493
9828052214	12661713
9860020214	8859865
9891988214	5188151
9923956214	5089101
9955924214	5881647
9987892214	5322443
10018817176	4063651868
10047041176	4035427868
10075265176	4007203868
10103489176	3978979868
10131713176	3950755868
10159937176	3922531868
10188161176	3894307868
10216385176	3866083868
10244609176	3837859868
10272833176	3809635868
10301057176	3781411868
10329281176	3753187868
10357505176	3724963868
10385729176	3696739868
10413953176	3668515868
10442177176	3640291868
10470401176	3612067868
10498625176	3583843868
10526849176	3555619868
10555073176	3527395868
10583297176	3499171868
10611521176	3470947868
10639745176	3442723868
10667969176	3414499868
10696193176	3386275868
10724417176	3358051868
10752641176	3329827868
10780865176	3301603868
10809089176	3273379868
10837313176	3245155868
10865537176	3216931868
10893761176	3188707868
10921985176	3160483868
10950209176	3132259868
10978433176	3104035868
11007540214	3074928830
11039508214	3042960830
11071476214	3010992830
11103444214	2979024830
11135412214	2947056830
11167380214	2915088830
11199348214	2883120830
11231316214	2851152830
11263284214	2819184830
11295252214	2787216830
11327220214	2755248830
11359188214	2723280830
11391156214	2691312830
11423124214	2659344830
11455092214	2627376830
11487060214	2595408830
11519028214	2563440830
11550996214	2531472830
11582964214	2499504830
11614932214	2467536830
11646900214	2435568830
11678868214	2403600830
11710836214	2371632830
11742804214	2339664830
11774772214	2307696830
11806740214	2275728830
11838708214	2243760830
11870676214	2211792830
11902644214	2179824830
11934612214	2147856830
11966580214	2115888830
12000001176	2082467868
12028225176	2054243868
12056449176	2026019868
12084673176	1997795868
12112897176	1969571868
12141121176	1941347868
12169345176	1913123868
12197569176	1884899868
12225793176	1856675868
12254017176	1828451868
12282241176	1800227868
12310465176	1772003868
12338689176	1743779868
12366913176	1715555868
12395137176	1687331868
12423361176	1659107868
12451585176	1630883868
12479809176	1602659868
12508033176	1574435868
12536257176	1546211868
12564481176	1517987868
12592705176	2444339803
12620929176	2416115803
12649153176	2387891803
12677377176	2359667803
12705601176	2331443803
12733825176	2303219803
12762049176	2274995803
12790273176	2246771803
12818497176	2218547803
12846721176	2190323803
12874945176	2162099803
12903169176	2133875803
12931393176	2105651803
12959617176	2077427803
12987841176	2049203803
13018196214	2018848765
13050164214	1986880765
13082132214	1954912765
13114100214	1922944765
13146068214	1890976765
13178036214	1859008765
13210004214	1827040765
13241972214	1795072765
13273940214	1763104765
13305908214	1731136765
13337876214	1699168765
13369844214	1667200765
13401812214	1635232765
13433780214	1603264765
13465748214	1571296765
13497716214	1539328765
13529684214	1507360765
13561652214	1475392765
13593620214	1443424765
13625588214	1411456765
13657556214	1379488765
13689524214	1347520765
13721492214	1315552765
13753460214	1283584765
13785428214	1251616765
13817396214	1219648765
13849364214	1187680765
13881332214	1155712765
13913300214	1123744765
13945268214	1091776765
13977236214	1059808765
14009409176	1027635803
14037633176	999411803
14065857176	971187803
14094081176	942963803
14122305176	1538253881
14150529176	1510029881
14178753176	1481805881
14206977176	1453581881
14235201176	1425357881
14263425176	1397133881
14291649176	1368909881
14319873176	1340685881
14348097176	1312461881
14376321176	1284237881
14404545176	1256013881
14432769176	1227789881
14460993176	1199565881
14489217176	1171341881
14517441176	1143117881
14545665176	1114893881
14573889176	1086669881
14602113176	1058445881
14630337176	1030221881
14658561176	1001997881
14686785176	973773881
14715009176	945549881
14743233176	917325881
14771457176	889101881
14799681176	860877881
14827905176	832653881
14856129176	804429881
14884353176	776205881
14912577176	747981881
14940801176	719757881
14969025176	691533881
14997249176	663309881
15028852214	631706843
15060820214	963150276
15092788214	931182276
15124756214	899214276
15156724214	867246276
15188692214	835278276
15220660214	803310276
15252628214	771342276
15284596214	739374276
15316564214	707406276
15348532214	675438276
15380500214	643470276
15412468214	611502276
15444436214	579534276
15476404214	547566276
15508372214	515598276
15540340214	483630276
15572308214	451662276
15604276214	419694276
15636244214	387726276
15668212214	355758276
15700180214	539583010
15732148214	507615010
15764116214	475647010
15796084214	443679010
15828052214	411711010
15860020214	379743010
15891988214	347775010
15923956214	315807010
15955924214	283839010
15987892214	251871010
16018817176	220946048
16047041176	338635313
16075265176	310411313
16103489176	282187313
16131713176	253963313
16159937176	225739313
16188161176	197515313
16216385176	169291313
16244609176	141067313
16272833176	213054692
16301057176	184830692
16329281176	156606692
16357505176	128382692
16385729176	100158692
16413953176	140296493
16442177176	112072493
16470401176	83848493
16498625176	101133845
16526849176	72909845
16555073176	44685845
16583297176	47377446
16611521176	39678971
16639745176	24949944
16667969176	12747061
16696193176	2994491
16724417176	731083
16752641176	508268
16780865176	766473
16809089176	473164
16837313176	462543
16865537176	646036
16893761176	382269
16921985176	406606
16950209176	622932
16978433176	3901865
17007540214	326056
17039508214	457634
17071476214	254961
17103444214	384526
17135412214	459616
17167380214	458270
17199348214	324508
17231316214	490356
17263284214	445633
17295252214	370412
17327220214	1855366
17359188214	298319
17391156214	271663
17423124214	267590
17455092214	293376
17487060214	251384
17519028214	481454
17550996214	425691
17582964214	389250
17614932214	555124
17646900214	254636
17678868214	873494
17710836214	411723
17742804214	384803
17774772214	384135
17806740214	447600
17838708214	257315
17870676214	516529
17902644214	431021
17934612214	316521
17966580214	454572
18000001176	164203
18028225176	1457755
18056449176	456360
18084673176	573966
18112897176	644859
18141121176	680188
18169345176	708026
18197569176	384316
18225793176	413993
18254017176	659009
18282241176	483427
18310465176	720695
18338689176	1119408
18366913176	629605
18395137176	598486
18423361176	482992
18451585176	420280
18479809176	508615
18508033176	758626
18536257176	634212
18564481176	674433
18592705176	733205
18620929176	518719
18649153176	678934
18677377176	728397
18705601176	699018
18733825176	413593
18762049176	750394
18790273176	499855
18818497176	547108
18846721176	637719
18874945176	599985
18903169176	466537
18931393176	440852
18959617176	578623
18987841176	508150
19018196214	327691
19050164214	386818
19082132214	455468
19114100214	1879974
19146068214	444907
19178036214	493168
19210004214	403103
19241972214	493384
19273940214	455297
19305908214	382329
19337876214	487663
19369844214	430219
19401812214	289429
19433780214	494363
19465748214	1142713
19497716214	342420
19529684214	277270
19561652214	251239
19593620214	300262
19625588214	503604
19657556214	407519
19689524214	407290
19721492214	342382
19753460214	360333
19785428214	420791
19817396214	533259
19849364214	384620
19881332214	477777
19913300214	399772
19945268214	436273
19977236214	266617
20009409176	12323193
20037633176	19160457
20065857176	14678083
20094081176	15855727
20122305176	4372252
20150529176	6536405
20178753176	7576690
20206977176	6834618
20235201176	5747081
20263425176	5006254
20291649176	4215961
20319873176	7438691
20348097176	8592307
20376321176	9191712
20404545176	7762071
20432769176	9513457
20460993176	14902324
20489217176	13079389
20517441176	15479173
20545665176	17752492
20573889176	20163184
20602113176	14591348
20630337176	9051509
20658561176	9494647
20686785176	13350390
20715009176	12524071
20743233176	18076304
20771457176	16864218
20799681176	11168177
20827905176	13307992
20856129176	12291229
20884353176	17762954
20912577176	14272357
20940801176	11776570
20969025176	17007243
20997249176	18730376
21028852214	16895074
21060820214	12697498
21092788214	10130222
21124756214	9984022
21156724214	5853551
21188692214	5127859
21220660214	12684349
21252628214	18139153
21284596214	17830920
21316564214	15472893
21348532214	13083624
21380500214	9264275
21412468214	10646317
21444436214	8671840
21476404214	6084114
21508372214	9388537
21540340214	7950593
21572308214	5449929
21604276214	6418049
21636244214	10891126
21668212214	8517785
21700180214	9879384
21732148214	10079093
21764116214	12781069
21796084214	10519291
21828052214	13317962
21860020214	15887651
21891988214	17841976
21923956214	19119511
21955924214	24474701
21987892214	5999553
22018817176	12611240
22047041176	14827721
22075265176	26441482
22103489176	26265367
22131713176	30919332
22159937176	19668013
22188161176	17864542
22216385176	27097550
22244609176	25669336
22272833176	39028280
22301057176	27239683
22329281176	35854649
22357505176	26649598
22385729176	28425864
22413953176	22729076
22442177176	31967751
22470401176	18667943
22498625176	33913639
22526849176	22687647
22555073176	32598989
22583297176	25344989
22611521176	33330364
22639745176	30476553
22667969176	23818197
22696193176	30108377
22724417176	26605945
22752641176	39420179
22780865176	27610664
22809089176	45891637
22837313176	36397193
22865537176	24459992
22893761176	46546401
22921985176	38917603
22950209176	28841187
22978433176	27013495
23007540214	35342719
23039508214	15416452
23071476214	20168516
23103444214	9287639
23135412214	15974957
23167380214	18316183
23199348214	17908906
23231316214	18324148
23263284214	15833342
23295252214	17068555
23327220214	12933056
23359188214	16629189
23391156214	18725348
23423124214	21490201
23455092214	12378233
23487060214	19176238
23519028214	22905470
23550996214	13719482
23582964214	23217101
23614932214	11635775
23646900214	22358310
23678868214	30061715
23710836214	17504820
23742804214	16899888
23774772214	23633679
23806740214	15879787
23838708214	23624327
23870676214	11299650
23902644214	20680250
23934612214	35307610
23966580214	16232804
24000001176	27908916
24028225176	28923646
24056449176	25097150
24084673176	42534467
24112897176	35584107
24141121176	39182407
24169345176	40876955
24197569176	41354894
24225793176	40577094
24254017176	52956712
24282241176	62426185
24310465176	70404888
24338689176	42180888
24366913176	48693893
24395137176	66666307
24423361176	83570903
24451585176	55346903
24479809176	70145927
24508033176	83118589
24536257176	54894589
24564481176	80941350
24592705176	103705156
24620929176	75481156
24649153176	96644615
24677377176	68420615
24705601176	89547940
24733825176	61323940
24762049176	92419840
24790273176	64195840
24818497176	93271157
24846721176	65047157
24874945176	96124595
24903169176	67900595
24931393176	96454627
24959617176	68230627
24987841176	101811719
25018196214	71456681
25050164214	91838824
25082132214	59870824
25114100214	71158471
25146068214	75117465
25178036214	43149465
25210004214	55013094
25241972214	58422661
25273940214	55865177
25305908214	48241799
25337876214	47916384
25369844214	43354518
25401812214	33791400
25433780214	20300774
25465748214	36318174
25497716214	22399683
25529684214	28987766
25561652214	36993574
25593620214	19913340
25625588214	29943101
25657556214	27406638
25689524214	36524871
25721492214	21710363
25753460214	26397285
25785428214	28886371
25817396214	32389669
25849364214	18644125
25881332214	15533266
25913300214	28939155
25945268214	29035952
25977236214	39693357
26009409176	25461561
26037633176	44246794
26065857176	46408849
26094081176	48411166
26122305176	50731217
26150529176	65635711
26178753176	80742597
26206977176	52518597
26235201176	71597803
26263425176	90410565
26291649176	62186565
26319873176	93842682
26348097176	65618682
26376321176	98962636
26404545176	70738636
26432769176	106713173
26460993176	78489173
26489217176	115926219
26517441176	87702219
26545665176	142531044
26573889176	114307044
26602113176	86083044
26630337176	142412182
26658561176	114188182
26686785176	85964182
26715009176	147194086
26743233176	118970086
26771457176	90746086
26799681176	156101002
26827905176	127877002
26856129176	99653002
26884353176	182151943
26912577176	153927943
26940801176	125703943
26969025176	199166579
26997249176	170942579
27028852214	139339541
27060820214	107371541
27092788214	166507841
27124756214	134539841
27156724214	102571841
27188692214	153968056
27220660214	122000056
27252628214	90032056
27284596214	143016916
27316564214	111048916
27348532214	155422678
27380500214	123454678
27412468214	91486678
27444436214	126913816
27476404214	94945816
27508372214	125510242
27540340214	93542242
27572308214	61574242
27604276214	95605903
27636244214	121928438
27668212214	89960438
27700180214	57992438
27732148214	78407545
27764116214	92195242
27796084214	60227242
27828052214	80309534
27860020214	96719565
27891988214	64751565
27923956214	75258930
27955924214	43290930
27987892214	48461428
28018817176	68009755
28047041176	92396795
28075265176	64172795
28103489176	90261403
28131713176	62037403
28159937176	90394601
28188161176	62170601
28216385176	108861616
28244609176	80637616
28272833176	129601376
28301057176	101377376
28329281176	156819243
28357505176	128595243
28385729176	100371243
28413953176	160204717
28442177176	131980717
28470401176	103756717
28498625176	184522997
28526849176	156298997
28555073176	128074997
28583297176	214397492
28611521176	186173492
28639745176	157949492
28667969176	129725492
28696193176	226141667
28724417176	197917667
28752641176	169693667
28780865176	141469667
28809089176	249753512
28837313176	221529512
28865537176	193305512
28893761176	165081512
28921985176	136857512
28950209176	253494934
28978433176	225270934
29007540214	196163896
29039508214	164195896
29071476214	264233810
29103444214	232265810
29135412214	200297810
29167380214	168329810
29199348214	136361810
29231316214	225410612
29263284214	193442612
29295252214	161474612
29327220214	129506612
29359188214	208229360
29391156214	176261360
29423124214	144293360
29455092214	112325360
29487060214	194955015
29519028214	162987015
29550996214	131019015
29582964214	200835057
29614932214	168867057
29646900214	136899057
29678868214	104931057
29710836214	166485513
29742804214	134517513
29774772214	102549513
29806740214	156307209
29838708214	124339209
29870676214	92371209
29902644214	139511850
29934612214	107543850
29966580214	1109564233
