args: Args { inner: ["target/release/examples/word_count", "10", "100000", "40960000", "open-loop", "-n", "2", "-p", "1", "-w", "1"] }
rounds: 10, batch: 100000, keys: 40960000, open_loop: true
worker 00:	38105	4821109616	19520969616	19820949616	(of 1500000 measurements)
00	latency	20000	810120
00	latency	30020000	77777
00	latency	60020000	105021
00	latency	90020000	156195
00	latency	120020000	42247
00	latency	150020000	39921
00	latency	180020000	150587
00	latency	210020000	90122
00	latency	240020000	85923
00	latency	270020000	176684
00	latency	300020000	49982
00	latency	330020000	41206
00	latency	360020000	171443
00	latency	390020000	112618
00	latency	420020000	110211
00	latency	450020000	174408
00	latency	480020000	56197
00	latency	510020000	167583
00	latency	540020000	124247
00	latency	570020000	75914
00	latency	600020000	193903
00	latency	630020000	59676
00	latency	660020000	154452
00	latency	690020000	119544
00	latency	720020000	151692
00	latency	750020000	165081
00	latency	780020000	167626
00	latency	810020000	112859
00	latency	840020000	168349
00	latency	870020000	71436
00	latency	900020000	57954
00	latency	930020000	74831
00	latency	960020000	76476
00	latency	990020000	139701
00	latency	1020020000	80199
00	latency	1050020000	156206
00	latency	1080020000	102676
00	latency	1110020000	67384
00	latency	1140020000	76078
00	latency	1170020000	140853
00	latency	1200020000	128638
00	latency	1230020000	179733
00	latency	1260020000	74301
00	latency	1290020000	178227
00	latency	1320020000	69279
00	latency	1350020000	135034
00	latency	1380020000	56713
00	latency	1410020000	52337
00	latency	1440020000	43749
00	latency	1470020000	57845
00	latency	1500020000	66270
00	latency	1530020000	69442
00	latency	1560020000	183497
00	latency	1590020000	144338
00	latency	1620020000	153151
00	latency	1650020000	48609
00	latency	1680020000	123781
00	latency	1710020000	72351
00	latency	1740020000	138528
00	latency	1770020000	132656
00	latency	1800020000	58613
00	latency	1830020000	102474
00	latency	1860020000	58549
00	latency	1890020000	83379
00	latency	1920020000	70029
00	latency	1950020000	183791
00	latency	1980020000	145101
00	latency	2010020000	121116
00	latency	2040020000	153014
00	latency	2070020000	155563
00	latency	2100020000	52636
00	latency	2130020000	61274
00	latency	2160020000	124865
00	latency	2190020000	87097
00	latency	2220020000	139406
00	latency	2250020000	123175
00	latency	2280020000	61081
00	latency	2310020000	96243
00	latency	2340020000	134556
00	latency	2370020000	77047
00	latency	2400020000	177038
00	latency	2430020000	103467
00	latency	2460020000	163874
00	latency	2490020000	84788
00	latency	2520020000	77198
00	latency	2550020000	182985
00	latency	2580020000	81021
00	latency	2610020000	117292
00	latency	2640020000	48070
00	latency	2670020000	119304
00	latency	2700020000	158141
00	latency	2730020000	161248
00	latency	2760020000	109645
00	latency	2790020000	144350
00	latency	2820020000	154440
00	latency	2850020000	173860
00	latency	2880020000	117884
00	latency	2910020000	95909
00	latency	2940020000	76288
00	latency	2970020000	171326
00	latency	3000020000	117845
00	latency	3030020000	54541
00	latency	3060020000	72934
00	latency	3090020000	101920
00	latency	3120020000	44630
00	latency	3150020000	152626
00	latency	3180020000	100510
00	latency	3210020000	58692
00	latency	3240020000	41077
00	latency	3270020000	87027
00	latency	3300020000	137765
00	latency	3330020000	73559
00	latency	3360020000	47808
00	latency	3390020000	178400
00	latency	3420020000	144719
00	latency	3450020000	165425
00	latency	3480020000	96220
00	latency	3510020000	170991
00	latency	3540020000	115682
00	latency	3570020000	172063
00	latency	3600020000	139095
00	latency	3630020000	77184
00	latency	3660020000	60793
00	latency	3690020000	156651
00	latency	3720020000	75116
00	latency	3750020000	156067
00	latency	3780020000	42487
00	latency	3810020000	171145
00	latency	3840020000	176348
00	latency	3870020000	45665
00	latency	3900020000	170971
00	latency	3930020000	112145
00	latency	3960020000	68611
00	latency	3990020000	153740
00	latency	4020020000	71529
00	latency	4050020000	96996
00	latency	4080020000	71268
00	latency	4110020000	73032
00	latency	4140020000	76906
00	latency	4170020000	82988
00	latency	4200020000	55991
00	latency	4230020000	70768
00	latency	4260020000	175212
00	latency	4290020000	68685
00	latency	4320020000	107594
00	latency	4350020000	168947
00	latency	4380020000	90067
00	latency	4410020000	166165
00	latency	4440020000	88172
00	latency	4470020000	63125
00	latency	4500020000	78534
00	latency	4530020000	167899
00	latency	4560020000	173797
00	latency	4590020000	186936
00	latency	4620020000	171019
00	latency	4650020000	102470
00	latency	4680020000	90546
00	latency	4710020000	200321
00	latency	4740020000	92034
00	latency	4770020000	150687
00	latency	4800020000	53331
00	latency	4830020000	61573
00	latency	4860020000	57137
00	latency	4890020000	162182
00	latency	4920020000	52101
00	latency	4950020000	57181
00	latency	4980020000	132149
00	latency	5010020000	177271
00	latency	5040020000	127453
00	latency	5070020000	135999
00	latency	5100020000	50730
00	latency	5130020000	41182
00	latency	5160020000	78129
00	latency	5190020000	187490
00	latency	5220020000	99878
00	latency	5250020000	58982
00	latency	5280020000	174999
00	latency	5310020000	181079
00	latency	5340020000	117065
00	latency	5370020000	70017
00	latency	5400020000	56097
00	latency	5430020000	187342
00	latency	5460020000	178875
00	latency	5490020000	137800
00	latency	5520020000	100181
00	latency	5550020000	53068
00	latency	5580020000	51413
00	latency	5610020000	64112
00	latency	5640020000	114430
00	latency	5670020000	177865
00	latency	5700020000	114104
00	latency	5730020000	159597
00	latency	5760020000	51699
00	latency	5790020000	54107
00	latency	5820020000	157999
00	latency	5850020000	72864
00	latency	5880020000	41629
00	latency	5910020000	92927
00	latency	5940020000	64302
00	latency	5970020000	53392
00	latency	6000020000	90798
00	latency	6030020000	89918
00	latency	6060020000	139831
00	latency	6090020000	125335
00	latency	6120020000	85606
00	latency	6150020000	151182
00	latency	6180020000	139785
00	latency	6210020000	110061
00	latency	6240020000	61467
00	latency	6270020000	76113
00	latency	6300020000	96023
00	latency	6330020000	150784
00	latency	6360020000	69475
00	latency	6390020000	92623
00	latency	6420020000	173187
00	latency	6450020000	186512
00	latency	6480020000	134106
00	latency	6510020000	157279
00	latency	6540020000	98173
00	latency	6570020000	141678
00	latency	6600020000	65246
00	latency	6630020000	54720
00	latency	6660020000	114409
00	latency	6690020000	103882
00	latency	6720020000	177695
00	latency	6750020000	53477
00	latency	6780020000	67872
00	latency	6810020000	175960
00	latency	6840020000	62133
00	latency	6870020000	183418
00	latency	6900020000	69620
00	latency	6930020000	144382
00	latency	6960020000	64631
00	latency	6990020000	149970
00	latency	7020020000	159024
00	latency	7050020000	129928
00	latency	7080020000	159950
00	latency	7110020000	78970
00	latency	7140020000	169479
00	latency	7170020000	98754
00	latency	7200020000	64494
00	latency	7230020000	156762
00	latency	7260020000	67500
00	latency	7290020000	42011
00	latency	7320020000	166252
00	latency	7350020000	173521
00	latency	7380020000	88494
00	latency	7410020000	167303
00	latency	7440020000	165079
00	latency	7470020000	84694
00	latency	7500020000	61831
00	latency	7530020000	54000
00	latency	7560020000	64741
00	latency	7590020000	49603
00	latency	7620020000	123418
00	latency	7650020000	79079
00	latency	7680020000	75621
00	latency	7710020000	161598
00	latency	7740020000	109921
00	latency	7770020000	44092
00	latency	7800020000	52902
00	latency	7830020000	76112
00	latency	7860020000	180727
00	latency	7890020000	175400
00	latency	7920020000	152169
00	latency	7950020000	140286
00	latency	7980020000	75390
00	latency	8010020000	140522
00	latency	8040020000	87782
00	latency	8070020000	58785
00	latency	8100020000	116746
00	latency	8130020000	145005
00	latency	8160020000	116943
00	latency	8190020000	122755
00	latency	8220020000	109951
00	latency	8250020000	152365
00	latency	8280020000	107828
00	latency	8310020000	160954
00	latency	8340020000	145485
00	latency	8370020000	83700
00	latency	8400020000	144069
00	latency	8430020000	61071
00	latency	8460020000	66198
00	latency	8490020000	112443
00	latency	8520020000	54615
00	latency	8550020000	54451
00	latency	8580020000	136701
00	latency	8610020000	174660
00	latency	8640020000	43636
00	latency	8670020000	77634
00	latency	8700020000	114472
00	latency	8730020000	181305
00	latency	8760020000	167071
00	latency	8790020000	73581
00	latency	8820020000	154468
00	latency	8850020000	44867
00	latency	8880020000	48443
00	latency	8910020000	73175
00	latency	8940020000	169144
00	latency	8970020000	189250
00	latency	9000020000	182060
00	latency	9030020000	179768
00	latency	9060020000	54220
00	latency	9090020000	85327
00	latency	9120020000	86727
00	latency	9150020000	47253
00	latency	9180020000	128726
00	latency	9210020000	160722
00	latency	9240020000	71223
00	latency	9270020000	99250
00	latency	9300020000	177861
00	latency	9330020000	52949
00	latency	9360020000	112889
00	latency	9390020000	159534
00	latency	9420020000	136843
00	latency	9450020000	56907
00	latency	9480020000	135323
00	latency	9510020000	45631
00	latency	9540020000	130139
00	latency	9570020000	184243
00	latency	9600020000	99400
00	latency	9630020000	162699
00	latency	9660020000	137792
00	latency	9690020000	69435
00	latency	9720020000	101963
00	latency	9750020000	161737
00	latency	9780020000	69056
00	latency	9810020000	196569
00	latency	9840020000	74228
00	latency	9870020000	100992
00	latency	9900020000	138224
00	latency	9930020000	166347
00	latency	9960020000	98052
00	latency	9990020000	179050
00	latency	10020020000	19801049616
00	latency	10050020000	19771049616
00	latency	10080020000	19741049616
00	latency	10110020000	19711049616
00	latency	10140020000	19681049616
00	latency	10170020000	19651049616
00	latency	10200020000	19621049616
00	latency	10230020000	19591049616
00	latency	10260020000	19561049616
00	latency	10290020000	19531049616
00	latency	10320020000	19501049616
00	latency	10350020000	19471049616
00	latency	10380020000	19441049616
00	latency	10410020000	19411049616
00	latency	10440020000	19381049616
00	latency	10470020000	19351049616
00	latency	10500020000	19321049616
00	latency	10530020000	19291049616
00	latency	10560020000	19261049616
00	latency	10590020000	19231049616
00	latency	10620020000	19201049616
00	latency	10650020000	19171049616
00	latency	10680020000	19141049616
00	latency	10710020000	19111049616
00	latency	10740020000	19081049616
00	latency	10770020000	19051049616
00	latency	10800020000	19021049616
00	latency	10830020000	18991049616
00	latency	10860020000	18961049616
00	latency	10890020000	18931049616
00	latency	10920020000	18901049616
00	latency	10950020000	18871049616
00	latency	10980020000	18841049616
00	latency	11010020000	18811049616
00	latency	11040020000	18781049616
00	latency	11070020000	18751049616
00	latency	11100020000	18721049616
00	latency	11130020000	18691049616
00	latency	11160020000	18661049616
00	latency	11190020000	18631049616
00	latency	11220020000	18601049616
00	latency	11250020000	18571049616
00	latency	11280020000	18541049616
00	latency	11310020000	18511049616
00	latency	11340020000	18481049616
00	latency	11370020000	18451049616
00	latency	11400020000	18421049616
00	latency	11430020000	18391049616
00	latency	11460020000	18361049616
00	latency	11490020000	18331049616
00	latency	11520020000	18301049616
00	latency	11550020000	18271049616
00	latency	11580020000	18241049616
00	latency	11610020000	18211049616
00	latency	11640020000	18181049616
00	latency	11670020000	18151049616
00	latency	11700020000	18121049616
00	latency	11730020000	18091049616
00	latency	11760020000	18061049616
00	latency	11790020000	18031049616
00	latency	11820020000	18001049616
00	latency	11850020000	17971049616
00	latency	11880020000	17941049616
00	latency	11910020000	17911049616
00	latency	11940020000	17881049616
00	latency	11970020000	17851049616
00	latency	12000020000	17821049616
00	latency	12030020000	17791049616
00	latency	12060020000	17761049616
00	latency	12090020000	17731049616
00	latency	12120020000	17701049616
00	latency	12150020000	17671049616
00	latency	12180020000	17641049616
00	latency	12210020000	17611049616
00	latency	12240020000	17581049616
00	latency	12270020000	17551049616
00	latency	12300020000	17521049616
00	latency	12330020000	17491049616
00	latency	12360020000	17461049616
00	latency	12390020000	17431049616
00	latency	12420020000	17401049616
00	latency	12450020000	17371049616
00	latency	12480020000	17341049616
00	latency	12510020000	17311049616
00	latency	12540020000	17281049616
00	latency	12570020000	17251049616
00	latency	12600020000	17221049616
00	latency	12630020000	17191049616
00	latency	12660020000	17161049616
00	latency	12690020000	17131049616
00	latency	12720020000	17101049616
00	latency	12750020000	17071049616
00	latency	12780020000	17041049616
00	latency	12810020000	17011049616
00	latency	12840020000	16981049616
00	latency	12870020000	16951049616
00	latency	12900020000	16921049616
00	latency	12930020000	16891049616
00	latency	12960020000	16861049616
00	latency	12990020000	16831049616
00	latency	13020020000	16801049616
00	latency	13050020000	16771049616
00	latency	13080020000	16741049616
00	latency	13110020000	16711049616
00	latency	13140020000	16681049616
00	latency	13170020000	16651049616
00	latency	13200020000	16621049616
00	latency	13230020000	16591049616
00	latency	13260020000	16561049616
00	latency	13290020000	16531049616
00	latency	13320020000	16501049616
00	latency	13350020000	16471049616
00	latency	13380020000	16441049616
00	latency	13410020000	16411049616
00	latency	13440020000	16381049616
00	latency	13470020000	16351049616
00	latency	13500020000	16321049616
00	latency	13530020000	16291049616
00	latency	13560020000	16261049616
00	latency	13590020000	16231049616
00	latency	13620020000	16201049616
00	latency	13650020000	16171049616
00	latency	13680020000	16141049616
00	latency	13710020000	16111049616
00	latency	13740020000	16081049616
00	latency	13770020000	16051049616
00	latency	13800020000	16021049616
00	latency	13830020000	15991049616
00	latency	13860020000	15961049616
00	latency	13890020000	15931049616
00	latency	13920020000	15901049616
00	latency	13950020000	15871049616
00	latency	13980020000	15841049616
00	latency	14010020000	15811049616
00	latency	14040020000	15781049616
00	latency	14070020000	15751049616
00	latency	14100020000	15721049616
00	latency	14130020000	15691049616
00	latency	14160020000	15661049616
00	latency	14190020000	15631049616
00	latency	14220020000	15601049616
00	latency	14250020000	15571049616
00	latency	14280020000	15541049616
00	latency	14310020000	15511049616
00	latency	14340020000	15481049616
00	latency	14370020000	15451049616
00	latency	14400020000	15421049616
00	latency	14430020000	15391049616
00	latency	14460020000	15361049616
00	latency	14490020000	15331049616
00	latency	14520020000	15301049616
00	latency	14550020000	15271049616
00	latency	14580020000	15241049616
00	latency	14610020000	15211049616
00	latency	14640020000	15181049616
00	latency	14670020000	15151049616
00	latency	14700020000	15121049616
00	latency	14730020000	15091049616
00	latency	14760020000	15061049616
00	latency	14790020000	15031049616
00	latency	14820020000	15001049616
00	latency	14850020000	14971049616
00	latency	14880020000	14941049616
00	latency	14910020000	14911049616
00	latency	14940020000	14881049616
00	latency	14970020000	14851049616
00	latency	15000020000	14821049616
00	latency	15030020000	14791049616
00	latency	15060020000	14761049616
00	latency	15090020000	14731049616
00	latency	15120020000	14701049616
00	latency	15150020000	14671049616
00	latency	15180020000	14641049616
00	latency	15210020000	14611049616
00	latency	15240020000	14581049616
00	latency	15270020000	14551049616
00	latency	15300020000	14521049616
00	latency	15330020000	14491049616
00	latency	15360020000	14461049616
00	latency	15390020000	14431049616
00	latency	15420020000	14401049616
00	latency	15450020000	14371049616
00	latency	15480020000	14341049616
00	latency	15510020000	14311049616
00	latency	15540020000	14281049616
00	latency	15570020000	14251049616
00	latency	15600020000	14221049616
00	latency	15630020000	14191049616
00	latency	15660020000	14161049616
00	latency	15690020000	14131049616
00	latency	15720020000	14101049616
00	latency	15750020000	14071049616
00	latency	15780020000	14041049616
00	latency	15810020000	14011049616
00	latency	15840020000	13981049616
00	latency	15870020000	13951049616
00	latency	15900020000	13921049616
00	latency	15930020000	13891049616
00	latency	15960020000	13861049616
00	latency	15990020000	13831049616
00	latency	16020020000	13801049616
00	latency	16050020000	13771049616
00	latency	16080020000	13741049616
00	latency	16110020000	13711049616
00	latency	16140020000	13681049616
00	latency	16170020000	13651049616
00	latency	16200020000	13621049616
00	latency	16230020000	13591049616
00	latency	16260020000	13561049616
00	latency	16290020000	13531049616
00	latency	16320020000	13501049616
00	latency	16350020000	13471049616
00	latency	16380020000	13441049616
00	latency	16410020000	13411049616
00	latency	16440020000	13381049616
00	latency	16470020000	13351049616
00	latency	16500020000	13321049616
00	latency	16530020000	13291049616
00	latency	16560020000	13261049616
00	latency	16590020000	13231049616
00	latency	16620020000	13201049616
00	latency	16650020000	13171049616
00	latency	16680020000	13141049616
00	latency	16710020000	13111049616
00	latency	16740020000	13081049616
00	latency	16770020000	13051049616
00	latency	16800020000	13021049616
00	latency	16830020000	12991049616
00	latency	16860020000	12961049616
00	latency	16890020000	12931049616
00	latency	16920020000	12901049616
00	latency	16950020000	12871049616
00	latency	16980020000	12841049616
00	latency	17010020000	12811049616
00	latency	17040020000	12781049616
00	latency	17070020000	12751049616
00	latency	17100020000	12721049616
00	latency	17130020000	12691049616
00	latency	17160020000	12661049616
00	latency	17190020000	12631049616
00	latency	17220020000	12601049616
00	latency	17250020000	12571049616
00	latency	17280020000	12541049616
00	latency	17310020000	12511049616
00	latency	17340020000	12481049616
00	latency	17370020000	12451049616
00	latency	17400020000	12421049616
00	latency	17430020000	12391049616
00	latency	17460020000	12361049616
00	latency	17490020000	12331049616
00	latency	17520020000	12301049616
00	latency	17550020000	12271049616
00	latency	17580020000	12241049616
00	latency	17610020000	12211049616
00	latency	17640020000	12181049616
00	latency	17670020000	12151049616
00	latency	17700020000	12121049616
00	latency	17730020000	12091049616
00	latency	17760020000	12061049616
00	latency	17790020000	12031049616
00	latency	17820020000	12001049616
00	latency	17850020000	11971049616
00	latency	17880020000	11941049616
00	latency	17910020000	11911049616
00	latency	17940020000	11881049616
00	latency	17970020000	11851049616
00	latency	18000020000	11821049616
00	latency	18030020000	11791049616
00	latency	18060020000	11761049616
00	latency	18090020000	11731049616
00	latency	18120020000	11701049616
00	latency	18150020000	11671049616
00	latency	18180020000	11641049616
00	latency	18210020000	11611049616
00	latency	18240020000	11581049616
00	latency	18270020000	11551049616
00	latency	18300020000	11521049616
00	latency	18330020000	11491049616
00	latency	18360020000	11461049616
00	latency	18390020000	11431049616
00	latency	18420020000	11401049616
00	latency	18450020000	11371049616
00	latency	18480020000	11341049616
00	latency	18510020000	11311049616
00	latency	18540020000	11281049616
00	latency	18570020000	11251049616
00	latency	18600020000	11221049616
00	latency	18630020000	11191049616
00	latency	18660020000	11161049616
00	latency	18690020000	11131049616
00	latency	18720020000	11101049616
00	latency	18750020000	11071049616
00	latency	18780020000	11041049616
00	latency	18810020000	11011049616
00	latency	18840020000	10981049616
00	latency	18870020000	10951049616
00	latency	18900020000	10921049616
00	latency	18930020000	10891049616
00	latency	18960020000	10861049616
00	latency	18990020000	10831049616
00	latency	19020020000	10801049616
00	latency	19050020000	10771049616
00	latency	19080020000	10741049616
00	latency	19110020000	10711049616
00	latency	19140020000	10681049616
00	latency	19170020000	10651049616
00	latency	19200020000	10621049616
00	latency	19230020000	10591049616
00	latency	19260020000	10561049616
00	latency	19290020000	10531049616
00	latency	19320020000	10501049616
00	latency	19350020000	10471049616
00	latency	19380020000	10441049616
00	latency	19410020000	10411049616
00	latency	19440020000	10381049616
00	latency	19470020000	10351049616
00	latency	19500020000	10321049616
00	latency	19530020000	10291049616
00	latency	19560020000	10261049616
00	latency	19590020000	10231049616
00	latency	19620020000	10201049616
00	latency	19650020000	10171049616
00	latency	19680020000	10141049616
00	latency	19710020000	10111049616
00	latency	19740020000	10081049616
00	latency	19770020000	10051049616
00	latency	19800020000	10021049616
00	latency	19830020000	9991049616
00	latency	19860020000	9961049616
00	latency	19890020000	9931049616
00	latency	19920020000	9901049616
00	latency	19950020000	9871049616
00	latency	19980020000	9841049616
00	latency	20010020000	9811049616
00	latency	20040020000	9781049616
00	latency	20070020000	9751049616
00	latency	20100020000	9721049616
00	latency	20130020000	9691049616
00	latency	20160020000	9661049616
00	latency	20190020000	9631049616
00	latency	20220020000	9601049616
00	latency	20250020000	9571049616
00	latency	20280020000	9541049616
00	latency	20310020000	9511049616
00	latency	20340020000	9481049616
00	latency	20370020000	9451049616
00	latency	20400020000	9421049616
00	latency	20430020000	9391049616
00	latency	20460020000	9361049616
00	latency	20490020000	9331049616
00	latency	20520020000	9301049616
00	latency	20550020000	9271049616
00	latency	20580020000	9241049616
00	latency	20610020000	9211049616
00	latency	20640020000	9181049616
00	latency	20670020000	9151049616
00	latency	20700020000	9121049616
00	latency	20730020000	9091049616
00	latency	20760020000	9061049616
00	latency	20790020000	9031049616
00	latency	20820020000	9001049616
00	latency	20850020000	8971049616
00	latency	20880020000	8941049616
00	latency	20910020000	8911049616
00	latency	20940020000	8881049616
00	latency	20970020000	8851049616
00	latency	21000020000	8821049616
00	latency	21030020000	8791049616
00	latency	21060020000	8761049616
00	latency	21090020000	8731049616
00	latency	21120020000	8701049616
00	latency	21150020000	8671049616
00	latency	21180020000	8641049616
00	latency	21210020000	8611049616
00	latency	21240020000	8581049616
00	latency	21270020000	8551049616
00	latency	21300020000	8521049616
00	latency	21330020000	8491049616
00	latency	21360020000	8461049616
00	latency	21390020000	8431049616
00	latency	21420020000	8401049616
00	latency	21450020000	8371049616
00	latency	21480020000	8341049616
00	latency	21510020000	8311049616
00	latency	21540020000	8281049616
00	latency	21570020000	8251049616
00	latency	21600020000	8221049616
00	latency	21630020000	8191049616
00	latency	21660020000	8161049616
00	latency	21690020000	8131049616
00	latency	21720020000	8101049616
00	latency	21750020000	8071049616
00	latency	21780020000	8041049616
00	latency	21810020000	8011049616
00	latency	21840020000	7981049616
00	latency	21870020000	7951049616
00	latency	21900020000	7921049616
00	latency	21930020000	7891049616
00	latency	21960020000	7861049616
00	latency	21990020000	7831049616
00	latency	22020020000	7801049616
00	latency	22050020000	7771049616
00	latency	22080020000	7741049616
00	latency	22110020000	7711049616
00	latency	22140020000	7681049616
00	latency	22170020000	7651049616
00	latency	22200020000	7621049616
00	latency	22230020000	7591049616
00	latency	22260020000	7561049616
00	latency	22290020000	7531049616
00	latency	22320020000	7501049616
00	latency	22350020000	7471049616
00	latency	22380020000	7441049616
00	latency	22410020000	7411049616
00	latency	22440020000	7381049616
00	latency	22470020000	7351049616
00	latency	22500020000	7321049616
00	latency	22530020000	7291049616
00	latency	22560020000	7261049616
00	latency	22590020000	7231049616
00	latency	22620020000	7201049616
00	latency	22650020000	7171049616
00	latency	22680020000	7141049616
00	latency	22710020000	7111049616
00	latency	22740020000	7081049616
00	latency	22770020000	7051049616
00	latency	22800020000	7021049616
00	latency	22830020000	6991049616
00	latency	22860020000	6961049616
00	latency	22890020000	6931049616
00	latency	22920020000	6901049616
00	latency	22950020000	6871049616
00	latency	22980020000	6841049616
00	latency	23010020000	6811049616
00	latency	23040020000	6781049616
00	latency	23070020000	6751049616
00	latency	23100020000	6721049616
00	latency	23130020000	6691049616
00	latency	23160020000	6661049616
00	latency	23190020000	6631049616
00	latency	23220020000	6601049616
00	latency	23250020000	6571049616
00	latency	23280020000	6541049616
00	latency	23310020000	6511049616
00	latency	23340020000	6481049616
00	latency	23370020000	6451049616
00	latency	23400020000	6421049616
00	latency	23430020000	6391049616
00	latency	23460020000	6361049616
00	latency	23490020000	6331049616
00	latency	23520020000	6301049616
00	latency	23550020000	6271049616
00	latency	23580020000	6241049616
00	latency	23610020000	6211049616
00	latency	23640020000	6181049616
00	latency	23670020000	6151049616
00	latency	23700020000	6121049616
00	latency	23730020000	6091049616
00	latency	23760020000	6061049616
00	latency	23790020000	6031049616
00	latency	23820020000	6001049616
00	latency	23850020000	5971049616
00	latency	23880020000	5941049616
00	latency	23910020000	5911049616
00	latency	23940020000	5881049616
00	latency	23970020000	5851049616
00	latency	24000020000	5821049616
00	latency	24030020000	5791049616
00	latency	24060020000	5761049616
00	latency	24090020000	5731049616
00	latency	24120020000	5701049616
00	latency	24150020000	5671049616
00	latency	24180020000	5641049616
00	latency	24210020000	5611049616
00	latency	24240020000	5581049616
00	latency	24270020000	5551049616
00	latency	24300020000	5521049616
00	latency	24330020000	5491049616
00	latency	24360020000	5461049616
00	latency	24390020000	5431049616
00	latency	24420020000	5401049616
00	latency	24450020000	5371049616
00	latency	24480020000	5341049616
00	latency	24510020000	5311049616
00	latency	24540020000	5281049616
00	latency	24570020000	5251049616
00	latency	24600020000	5221049616
00	latency	24630020000	5191049616
00	latency	24660020000	5161049616
00	latency	24690020000	5131049616
00	latency	24720020000	5101049616
00	latency	24750020000	5071049616
00	latency	24780020000	5041049616
00	latency	24810020000	5011049616
00	latency	24840020000	4981049616
00	latency	24870020000	4951049616
00	latency	24900020000	4921049616
00	latency	24930020000	4891049616
00	latency	24960020000	4861049616
00	latency	24990020000	4831049616
00	latency	25020020000	4801049616
00	latency	25050020000	4771049616
00	latency	25080020000	4741049616
00	latency	25110020000	4711049616
00	latency	25140020000	4681049616
00	latency	25170020000	4651049616
00	latency	25200020000	4621049616
00	latency	25230020000	4591049616
00	latency	25260020000	4561049616
00	latency	25290020000	4531049616
00	latency	25320020000	4501049616
00	latency	25350020000	4471049616
00	latency	25380020000	4441049616
00	latency	25410020000	4411049616
00	latency	25440020000	4381049616
00	latency	25470020000	4351049616
00	latency	25500020000	4321049616
00	latency	25530020000	4291049616
00	latency	25560020000	4261049616
00	latency	25590020000	4231049616
00	latency	25620020000	4201049616
00	latency	25650020000	4171049616
00	latency	25680020000	4141049616
00	latency	25710020000	4111049616
00	latency	25740020000	4081049616
00	latency	25770020000	4051049616
00	latency	25800020000	4021049616
00	latency	25830020000	3991049616
00	latency	25860020000	3961049616
00	latency	25890020000	3931049616
00	latency	25920020000	3901049616
00	latency	25950020000	3871049616
00	latency	25980020000	3841049616
00	latency	26010020000	3811049616
00	latency	26040020000	3781049616
00	latency	26070020000	3751049616
00	latency	26100020000	3721049616
00	latency	26130020000	3691049616
00	latency	26160020000	3661049616
00	latency	26190020000	3631049616
00	latency	26220020000	3601049616
00	latency	26250020000	3571049616
00	latency	26280020000	3541049616
00	latency	26310020000	3511049616
00	latency	26340020000	3481049616
00	latency	26370020000	3451049616
00	latency	26400020000	3421049616
00	latency	26430020000	3391049616
00	latency	26460020000	3361049616
00	latency	26490020000	3331049616
00	latency	26520020000	3301049616
00	latency	26550020000	3271049616
00	latency	26580020000	3241049616
00	latency	26610020000	3211049616
00	latency	26640020000	3181049616
00	latency	26670020000	3151049616
00	latency	26700020000	3121049616
00	latency	26730020000	3091049616
00	latency	26760020000	3061049616
00	latency	26790020000	3031049616
00	latency	26820020000	3001049616
00	latency	26850020000	2971049616
00	latency	26880020000	2941049616
00	latency	26910020000	2911049616
00	latency	26940020000	2881049616
00	latency	26970020000	2851049616
00	latency	27000020000	2821049616
00	latency	27030020000	2791049616
00	latency	27060020000	2761049616
00	latency	27090020000	2731049616
00	latency	27120020000	2701049616
00	latency	27150020000	2671049616
00	latency	27180020000	2641049616
00	latency	27210020000	2611049616
00	latency	27240020000	2581049616
00	latency	27270020000	2551049616
00	latency	27300020000	2521049616
00	latency	27330020000	2491049616
00	latency	27360020000	2461049616
00	latency	27390020000	2431049616
00	latency	27420020000	2401049616
00	latency	27450020000	2371049616
00	latency	27480020000	2341049616
00	latency	27510020000	2311049616
00	latency	27540020000	2281049616
00	latency	27570020000	2251049616
00	latency	27600020000	2221049616
00	latency	27630020000	2191049616
00	latency	27660020000	2161049616
00	latency	27690020000	2131049616
00	latency	27720020000	2101049616
00	latency	27750020000	2071049616
00	latency	27780020000	2041049616
00	latency	27810020000	2011049616
00	latency	27840020000	1981049616
00	latency	27870020000	1951049616
00	latency	27900020000	1921049616
00	latency	27930020000	1891049616
00	latency	27960020000	1861049616
00	latency	27990020000	1831049616
00	latency	28020020000	1801049616
00	latency	28050020000	1771049616
00	latency	28080020000	1741049616
00	latency	28110020000	1711049616
00	latency	28140020000	1681049616
00	latency	28170020000	1651049616
00	latency	28200020000	1772998660
00	latency	28230020000	1742998660
00	latency	28260020000	1712998660
00	latency	28290020000	1682998660
00	latency	28320020000	1652998660
00	latency	28350020000	1622998660
00	latency	28380020000	1592998660
00	latency	28410020000	1562998660
00	latency	28440020000	1532998660
00	latency	28470020000	1502998660
00	latency	28500020000	1472998660
00	latency	28530020000	1442998660
00	latency	28560020000	1412998660
00	latency	28590020000	1382998660
00	latency	28620020000	1352998660
00	latency	28650020000	1322998660
00	latency	28680020000	1292998660
00	latency	28710020000	1262998660
00	latency	28740020000	1232998660
00	latency	28770020000	1202998660
00	latency	28800020000	1172998660
00	latency	28830020000	1142998660
00	latency	28860020000	1112998660
00	latency	28890020000	1082998660
00	latency	28920020000	1052998660
00	latency	28950020000	1022998660
00	latency	28980020000	992998660
00	latency	29010020000	962998660
00	latency	29040020000	932998660
00	latency	29070020000	902998660
00	latency	29100020000	872998660
00	latency	29130020000	842998660
00	latency	29160020000	812998660
00	latency	29190020000	782998660
00	latency	29220020000	752998660
00	latency	29250020000	722998660
00	latency	29280020000	692998660
00	latency	29310020000	662998660
00	latency	29340020000	632998660
00	latency	29370020000	602998660
00	latency	29400020000	572998660
00	latency	29430020000	542998660
00	latency	29460020000	512998660
00	latency	29490020000	482998660
00	latency	29520020000	452998660
00	latency	29550020000	422998660
00	latency	29580020000	392998660
00	latency	29610020000	362998660
00	latency	29640020000	332998660
00	latency	29670020000	302998660
00	latency	29700020000	272998660
00	latency	29730020000	242998660
00	latency	29760020000	212998660
00	latency	29790020000	182998660
00	latency	29820020000	152998660
00	latency	29850020000	134428120
00	latency	29880020000	104428120
00	latency	29910020000	74428120
00	latency	29940020000	44428120
00	latency	29970020000	14428120

00	redistr	10000115704	10000000
00	redistr	29840357451	10000000
00	redistr	29984592215	10000000
