args: Args { inner: ["target/release/examples/word_count", "10", "100000", "20480000", "open-loop", "-n", "2", "-p", "1", "-w", "1"] }
rounds: 10, batch: 100000, keys: 20480000, open_loop: true
worker 00:	38436	196060	9386165456	9686145456	(of 1500000 measurements)
00	latency	20000	823175
00	latency	30020000	180527
00	latency	60020000	151574
00	latency	90020000	144263
00	latency	120020000	163722
00	latency	150020000	55825
00	latency	180020000	149717
00	latency	210020000	161804
00	latency	240020000	173574
00	latency	270020000	60390
00	latency	300020000	124234
00	latency	330020000	164655
00	latency	360020000	158188
00	latency	390020000	54673
00	latency	420020000	82038
00	latency	450020000	84008
00	latency	480020000	96193
00	latency	510020000	186489
00	latency	540020000	148186
00	latency	570020000	143201
00	latency	600020000	148707
00	latency	630020000	129862
00	latency	660020000	84892
00	latency	690020000	46761
00	latency	720020000	140020
00	latency	750020000	187696
00	latency	780020000	155257
00	latency	810020000	96755
00	latency	840020000	163017
00	latency	870020000	82712
00	latency	900020000	130940
00	latency	930020000	135075
00	latency	960020000	147263
00	latency	990020000	127442
00	latency	1020020000	82179
00	latency	1050020000	126877
00	latency	1080020000	161889
00	latency	1110020000	145165
00	latency	1140020000	46285
00	latency	1170020000	53153
00	latency	1200020000	85310
00	latency	1230020000	284063
00	latency	1260020000	45916
00	latency	1290020000	68338
00	latency	1320020000	88009
00	latency	1350020000	82760
00	latency	1380020000	174532
00	latency	1410020000	166596
00	latency	1440020000	142019
00	latency	1470020000	108600
00	latency	1500020000	60905
00	latency	1530020000	53603
00	latency	1560020000	169800
00	latency	1590020000	205038
00	latency	1620020000	134740
00	latency	1650020000	148482
00	latency	1680020000	68754
00	latency	1710020000	160168
00	latency	1740020000	88845
00	latency	1770020000	81516
00	latency	1800020000	123970
00	latency	1830020000	186861
00	latency	1860020000	77361
00	latency	1890020000	52574
00	latency	1920020000	72693
00	latency	1950020000	84389
00	latency	1980020000	56743
00	latency	2010020000	145947
00	latency	2040020000	158354
00	latency	2070020000	72481
00	latency	2100020000	134988
00	latency	2130020000	132452
00	latency	2160020000	176900
00	latency	2190020000	71143
00	latency	2220020000	66696
00	latency	2250020000	98264
00	latency	2280020000	153187
00	latency	2310020000	165263
00	latency	2340020000	165112
00	latency	2370020000	49839
00	latency	2400020000	121957
00	latency	2430020000	118659
00	latency	2460020000	45874
00	latency	2490020000	45368
00	latency	2520020000	148124
00	latency	2550020000	110386
00	latency	2580020000	148290
00	latency	2610020000	50867
00	latency	2640020000	169459
00	latency	2670020000	69027
00	latency	2700020000	59541
00	latency	2730020000	273673
00	latency	2760020000	80555
00	latency	2790020000	164587
00	latency	2820020000	67222
00	latency	2850020000	132184
00	latency	2880020000	160285
00	latency	2910020000	77720
00	latency	2940020000	131337
00	latency	2970020000	67192
00	latency	3000020000	137057
00	latency	3030020000	73222
00	latency	3060020000	153678
00	latency	3090020000	71300
00	latency	3120020000	62439
00	latency	3150020000	91966
00	latency	3180020000	137730
00	latency	3210020000	44262
00	latency	3240020000	86987
00	latency	3270020000	111784
00	latency	3300020000	126275
00	latency	3330020000	151683
00	latency	3360020000	170571
00	latency	3390020000	104058
00	latency	3420020000	101656
00	latency	3450020000	159573
00	latency	3480020000	159267
00	latency	3510020000	65414
00	latency	3540020000	123080
00	latency	3570020000	71108
00	latency	3600020000	63862
00	latency	3630020000	62463
00	latency	3660020000	67388
00	latency	3690020000	165867
00	latency	3720020000	79304
00	latency	3750020000	98528
00	latency	3780020000	47694
00	latency	3810020000	76322
00	latency	3840020000	147114
00	latency	3870020000	81525
00	latency	3900020000	63257
00	latency	3930020000	44031
00	latency	3960020000	82392
00	latency	3990020000	188189
00	latency	4020020000	42984
00	latency	4050020000	102477
00	latency	4080020000	151332
00	latency	4110020000	141331
00	latency	4140020000	128717
00	latency	4170020000	158667
00	latency	4200020000	55714
00	latency	4230020000	397027
00	latency	4260020000	207444
00	latency	4290020000	134506
00	latency	4320020000	186555
00	latency	4350020000	82629
00	latency	4380020000	182501
00	latency	4410020000	113334
00	latency	4440020000	158128
00	latency	4470020000	67646
00	latency	4500020000	138903
00	latency	4530020000	71920
00	latency	4560020000	157437
00	latency	4590020000	111027
00	latency	4620020000	73639
00	latency	4650020000	204446
00	latency	4680020000	195982
00	latency	4710020000	156338
00	latency	4740020000	70724
00	latency	4770020000	115168
00	latency	4800020000	115244
00	latency	4830020000	76402
00	latency	4860020000	132329
00	latency	4890020000	56760
00	latency	4920020000	156575
00	latency	4950020000	82652
00	latency	4980020000	140335
00	latency	5010020000	117943
00	latency	5040020000	51387
00	latency	5070020000	159379
00	latency	5100020000	66424
00	latency	5130020000	187999
00	latency	5160020000	54457
00	latency	5190020000	158425
00	latency	5220020000	109152
00	latency	5250020000	107711
00	latency	5280020000	104346
00	latency	5310020000	139083
00	latency	5340020000	119011
00	latency	5370020000	85468
00	latency	5400020000	55802
00	latency	5430020000	47049
00	latency	5460020000	47100
00	latency	5490020000	45998
00	latency	5520020000	82815
00	latency	5550020000	64951
00	latency	5580020000	70406
00	latency	5610020000	142398
00	latency	5640020000	59204
00	latency	5670020000	116879
00	latency	5700020000	159960
00	latency	5730020000	179527
00	latency	5760020000	121032
00	latency	5790020000	187661
00	latency	5820020000	80081
00	latency	5850020000	155624
00	latency	5880020000	67234
00	latency	5910020000	65607
00	latency	5940020000	160641
00	latency	5970020000	187344
00	latency	6000020000	147316
00	latency	6030020000	54286
00	latency	6060020000	145782
00	latency	6090020000	66046
00	latency	6120020000	60743
00	latency	6150020000	119292
00	latency	6180020000	151453
00	latency	6210020000	213044
00	latency	6240020000	56628
00	latency	6270020000	135427
00	latency	6300020000	63391
00	latency	6330020000	106047
00	latency	6360020000	116944
00	latency	6390020000	79349
00	latency	6420020000	172686
00	latency	6450020000	102078
00	latency	6480020000	183942
00	latency	6510020000	69810
00	latency	6540020000	185582
00	latency	6570020000	150087
00	latency	6600020000	128607
00	latency	6630020000	157821
00	latency	6660020000	47992
00	latency	6690020000	72909
00	latency	6720020000	80861
00	latency	6750020000	73664
00	latency	6780020000	53844
00	latency	6810020000	86420
00	latency	6840020000	79033
00	latency	6870020000	47626
00	latency	6900020000	167183
00	latency	6930020000	154417
00	latency	6960020000	93962
00	latency	6990020000	195172
00	latency	7020020000	60311
00	latency	7050020000	48372
00	latency	7080020000	88576
00	latency	7110020000	181764
00	latency	7140020000	166367
00	latency	7170020000	50299
00	latency	7200020000	107362
00	latency	7230020000	234208
00	latency	7260020000	65369
00	latency	7290020000	96879
00	latency	7320020000	108525
00	latency	7350020000	80717
00	latency	7380020000	132264
00	latency	7410020000	90712
00	latency	7440020000	47049
00	latency	7470020000	135828
00	latency	7500020000	51757
00	latency	7530020000	201431
00	latency	7560020000	162967
00	latency	7590020000	116815
00	latency	7620020000	172635
00	latency	7650020000	60621
00	latency	7680020000	61650
00	latency	7710020000	146811
00	latency	7740020000	69992
00	latency	7770020000	172961
00	latency	7800020000	157279
00	latency	7830020000	77905
00	latency	7860020000	172738
00	latency	7890020000	146390
00	latency	7920020000	166079
00	latency	7950020000	62453
00	latency	7980020000	171453
00	latency	8010020000	66423
00	latency	8040020000	189694
00	latency	8070020000	46049
00	latency	8100020000	51726
00	latency	8130020000	102368
00	latency	8160020000	63056
00	latency	8190020000	95485
00	latency	8220020000	182931
00	latency	8250020000	184656
00	latency	8280020000	136933
00	latency	8310020000	67636
00	latency	8340020000	164401
00	latency	8370020000	72479
00	latency	8400020000	157160
00	latency	8430020000	74812
00	latency	8460020000	152038
00	latency	8490020000	77001
00	latency	8520020000	157371
00	latency	8550020000	106364
00	latency	8580020000	172112
00	latency	8610020000	65654
00	latency	8640020000	105609
00	latency	8670020000	163978
00	latency	8700020000	41791
00	latency	8730020000	160484
00	latency	8760020000	159870
00	latency	8790020000	106896
00	latency	8820020000	183474
00	latency	8850020000	61889
00	latency	8880020000	72307
00	latency	8910020000	175944
00	latency	8940020000	98957
00	latency	8970020000	557591
00	latency	9000020000	55184
00	latency	9030020000	189886
00	latency	9060020000	196531
00	latency	9090020000	53864
00	latency	9120020000	83770
00	latency	9150020000	58340
00	latency	9180020000	58084
00	latency	9210020000	160460
00	latency	9240020000	153347
00	latency	9270020000	141746
00	latency	9300020000	54539
00	latency	9330020000	192474
00	latency	9360020000	144491
00	latency	9390020000	193530
00	latency	9420020000	55517
00	latency	9450020000	71579
00	latency	9480020000	109365
00	latency	9510020000	113337
00	latency	9540020000	62953
00	latency	9570020000	180055
00	latency	9600020000	160025
00	latency	9630020000	80471
00	latency	9660020000	118779
00	latency	9690020000	97762
00	latency	9720020000	117550
00	latency	9750020000	112810
00	latency	9780020000	149755
00	latency	9810020000	58775
00	latency	9840020000	56568
00	latency	9870020000	98788
00	latency	9900020000	54979
00	latency	9930020000	59182
00	latency	9960020000	161424
00	latency	9990020000	49316
00	latency	10020020000	9666265456
00	latency	10050020000	9636265456
00	latency	10080020000	9606265456
00	latency	10110020000	9576265456
00	latency	10140020000	9546265456
00	latency	10170020000	9516265456
00	latency	10200020000	9486265456
00	latency	10230020000	9456265456
00	latency	10260020000	9426265456
00	latency	10290020000	9396265456
00	latency	10320020000	9366265456
00	latency	10350020000	9336265456
00	latency	10380020000	9306265456
00	latency	10410020000	9276265456
00	latency	10440020000	9246265456
00	latency	10470020000	9216265456
00	latency	10500020000	9186265456
00	latency	10530020000	9156265456
00	latency	10560020000	9126265456
00	latency	10590020000	9096265456
00	latency	10620020000	9066265456
00	latency	10650020000	9036265456
00	latency	10680020000	9006265456
00	latency	10710020000	8976265456
00	latency	10740020000	8946265456
00	latency	10770020000	8916265456
00	latency	10800020000	8886265456
00	latency	10830020000	8856265456
00	latency	10860020000	8826265456
00	latency	10890020000	8796265456
00	latency	10920020000	8766265456
00	latency	10950020000	8736265456
00	latency	10980020000	8706265456
00	latency	11010020000	8676265456
00	latency	11040020000	8646265456
00	latency	11070020000	8616265456
00	latency	11100020000	8586265456
00	latency	11130020000	8556265456
00	latency	11160020000	8526265456
00	latency	11190020000	8496265456
00	latency	11220020000	8466265456
00	latency	11250020000	8436265456
00	latency	11280020000	8406265456
00	latency	11310020000	8376265456
00	latency	11340020000	8346265456
00	latency	11370020000	8316265456
00	latency	11400020000	8286265456
00	latency	11430020000	8256265456
00	latency	11460020000	8226265456
00	latency	11490020000	8196265456
00	latency	11520020000	8166265456
00	latency	11550020000	8136265456
00	latency	11580020000	8106265456
00	latency	11610020000	8076265456
00	latency	11640020000	8046265456
00	latency	11670020000	8016265456
00	latency	11700020000	7986265456
00	latency	11730020000	7956265456
00	latency	11760020000	7926265456
00	latency	11790020000	7896265456
00	latency	11820020000	7866265456
00	latency	11850020000	7836265456
00	latency	11880020000	7806265456
00	latency	11910020000	7776265456
00	latency	11940020000	7746265456
00	latency	11970020000	7716265456
00	latency	12000020000	7686265456
00	latency	12030020000	7656265456
00	latency	12060020000	7626265456
00	latency	12090020000	7596265456
00	latency	12120020000	7566265456
00	latency	12150020000	7536265456
00	latency	12180020000	7506265456
00	latency	12210020000	7476265456
00	latency	12240020000	7446265456
00	latency	12270020000	7416265456
00	latency	12300020000	7386265456
00	latency	12330020000	7356265456
00	latency	12360020000	7326265456
00	latency	12390020000	7296265456
00	latency	12420020000	7266265456
00	latency	12450020000	7236265456
00	latency	12480020000	7206265456
00	latency	12510020000	7176265456
00	latency	12540020000	7146265456
00	latency	12570020000	7116265456
00	latency	12600020000	7086265456
00	latency	12630020000	7056265456
00	latency	12660020000	7026265456
00	latency	12690020000	6996265456
00	latency	12720020000	6966265456
00	latency	12750020000	6936265456
00	latency	12780020000	6906265456
00	latency	12810020000	6876265456
00	latency	12840020000	6846265456
00	latency	12870020000	6816265456
00	latency	12900020000	6786265456
00	latency	12930020000	6756265456
00	latency	12960020000	6726265456
00	latency	12990020000	6696265456
00	latency	13020020000	6666265456
00	latency	13050020000	6636265456
00	latency	13080020000	6606265456
00	latency	13110020000	6576265456
00	latency	13140020000	6546265456
00	latency	13170020000	6516265456
00	latency	13200020000	6486265456
00	latency	13230020000	6456265456
00	latency	13260020000	6426265456
00	latency	13290020000	6396265456
00	latency	13320020000	6366265456
00	latency	13350020000	6336265456
00	latency	13380020000	6306265456
00	latency	13410020000	6276265456
00	latency	13440020000	6246265456
00	latency	13470020000	6216265456
00	latency	13500020000	6186265456
00	latency	13530020000	6156265456
00	latency	13560020000	6126265456
00	latency	13590020000	6096265456
00	latency	13620020000	6066265456
00	latency	13650020000	6036265456
00	latency	13680020000	6006265456
00	latency	13710020000	5976265456
00	latency	13740020000	5946265456
00	latency	13770020000	5916265456
00	latency	13800020000	5886265456
00	latency	13830020000	5856265456
00	latency	13860020000	5826265456
00	latency	13890020000	5796265456
00	latency	13920020000	5766265456
00	latency	13950020000	5736265456
00	latency	13980020000	5706265456
00	latency	14010020000	5676265456
00	latency	14040020000	5646265456
00	latency	14070020000	5616265456
00	latency	14100020000	5586265456
00	latency	14130020000	5556265456
00	latency	14160020000	5526265456
00	latency	14190020000	5496265456
00	latency	14220020000	5466265456
00	latency	14250020000	5436265456
00	latency	14280020000	5406265456
00	latency	14310020000	5376265456
00	latency	14340020000	5346265456
00	latency	14370020000	5316265456
00	latency	14400020000	5286265456
00	latency	14430020000	5256265456
00	latency	14460020000	5226265456
00	latency	14490020000	5196265456
00	latency	14520020000	5166265456
00	latency	14550020000	5136265456
00	latency	14580020000	5106265456
00	latency	14610020000	5076265456
00	latency	14640020000	5046265456
00	latency	14670020000	5016265456
00	latency	14700020000	4986265456
00	latency	14730020000	4956265456
00	latency	14760020000	4926265456
00	latency	14790020000	4896265456
00	latency	14820020000	4866265456
00	latency	14850020000	4836265456
00	latency	14880020000	4806265456
00	latency	14910020000	4776265456
00	latency	14940020000	4746265456
00	latency	14970020000	4716265456
00	latency	15000020000	4686265456
00	latency	15030020000	4656265456
00	latency	15060020000	4626265456
00	latency	15090020000	4596265456
00	latency	15120020000	4566265456
00	latency	15150020000	4536265456
00	latency	15180020000	4506265456
00	latency	15210020000	4476265456
00	latency	15240020000	4446265456
00	latency	15270020000	4416265456
00	latency	15300020000	4386265456
00	latency	15330020000	4356265456
00	latency	15360020000	4326265456
00	latency	15390020000	4296265456
00	latency	15420020000	4266265456
00	latency	15450020000	4236265456
00	latency	15480020000	4206265456
00	latency	15510020000	4176265456
00	latency	15540020000	4146265456
00	latency	15570020000	4116265456
00	latency	15600020000	4086265456
00	latency	15630020000	4056265456
00	latency	15660020000	4026265456
00	latency	15690020000	3996265456
00	latency	15720020000	3966265456
00	latency	15750020000	3936265456
00	latency	15780020000	3906265456
00	latency	15810020000	3876265456
00	latency	15840020000	3846265456
00	latency	15870020000	3816265456
00	latency	15900020000	3786265456
00	latency	15930020000	3756265456
00	latency	15960020000	3726265456
00	latency	15990020000	3696265456
00	latency	16020020000	3666265456
00	latency	16050020000	3636265456
00	latency	16080020000	3606265456
00	latency	16110020000	3576265456
00	latency	16140020000	3546265456
00	latency	16170020000	3516265456
00	latency	16200020000	3486265456
00	latency	16230020000	3456265456
00	latency	16260020000	3426265456
00	latency	16290020000	3396265456
00	latency	16320020000	3366265456
00	latency	16350020000	3336265456
00	latency	16380020000	3306265456
00	latency	16410020000	3276265456
00	latency	16440020000	3246265456
00	latency	16470020000	3216265456
00	latency	16500020000	3186265456
00	latency	16530020000	3156265456
00	latency	16560020000	3126265456
00	latency	16590020000	3096265456
00	latency	16620020000	3066265456
00	latency	16650020000	3036265456
00	latency	16680020000	3006265456
00	latency	16710020000	2976265456
00	latency	16740020000	2946265456
00	latency	16770020000	2916265456
00	latency	16800020000	2886265456
00	latency	16830020000	2856265456
00	latency	16860020000	2826265456
00	latency	16890020000	2796265456
00	latency	16920020000	2766265456
00	latency	16950020000	2736265456
00	latency	16980020000	2706265456
00	latency	17010020000	2676265456
00	latency	17040020000	2646265456
00	latency	17070020000	2616265456
00	latency	17100020000	2586265456
00	latency	17130020000	2556265456
00	latency	17160020000	2526265456
00	latency	17190020000	2496265456
00	latency	17220020000	2466265456
00	latency	17250020000	2436265456
00	latency	17280020000	2406265456
00	latency	17310020000	2376265456
00	latency	17340020000	2346265456
00	latency	17370020000	2316265456
00	latency	17400020000	2286265456
00	latency	17430020000	2256265456
00	latency	17460020000	2226265456
00	latency	17490020000	2196265456
00	latency	17520020000	2166265456
00	latency	17550020000	2136265456
00	latency	17580020000	2106265456
00	latency	17610020000	2076265456
00	latency	17640020000	2046265456
00	latency	17670020000	2016265456
00	latency	17700020000	1986265456
00	latency	17730020000	1956265456
00	latency	17760020000	1926265456
00	latency	17790020000	1896265456
00	latency	17820020000	1866265456
00	latency	17850020000	1836265456
00	latency	17880020000	1806265456
00	latency	17910020000	1776265456
00	latency	17940020000	1746265456
00	latency	17970020000	1716265456
00	latency	18000020000	1686265456
00	latency	18030020000	1656265456
00	latency	18060020000	1626265456
00	latency	18090020000	1596265456
00	latency	18120020000	1566265456
00	latency	18150020000	1536265456
00	latency	18180020000	1506265456
00	latency	18210020000	1476265456
00	latency	18240020000	1446265456
00	latency	18270020000	1416265456
00	latency	18300020000	1386265456
00	latency	18330020000	1356265456
00	latency	18360020000	1326265456
00	latency	18390020000	1296265456
00	latency	18420020000	1266265456
00	latency	18450020000	1236265456
00	latency	18480020000	1206265456
00	latency	18510020000	1176265456
00	latency	18540020000	1146265456
00	latency	18570020000	1116265456
00	latency	18600020000	1086265456
00	latency	18630020000	1056265456
00	latency	18660020000	1026265456
00	latency	18690020000	996265456
00	latency	18720020000	966265456
00	latency	18750020000	936265456
00	latency	18780020000	906265456
00	latency	18810020000	876265456
00	latency	18840020000	846265456
00	latency	18870020000	892999534
00	latency	18900020000	862999534
00	latency	18930020000	832999534
00	latency	18960020000	802999534
00	latency	18990020000	772999534
00	latency	19020020000	742999534
00	latency	19050020000	712999534
00	latency	19080020000	682999534
00	latency	19110020000	652999534
00	latency	19140020000	622999534
00	latency	19170020000	592999534
00	latency	19200020000	562999534
00	latency	19230020000	532999534
00	latency	19260020000	502999534
00	latency	19290020000	472999534
00	latency	19320020000	442999534
00	latency	19350020000	412999534
00	latency	19380020000	382999534
00	latency	19410020000	352999534
00	latency	19440020000	322999534
00	latency	19470020000	292999534
00	latency	19500020000	262999534
00	latency	19530020000	232999534
00	latency	19560020000	202999534
00	latency	19590020000	172999534
00	latency	19620020000	142999534
00	latency	19650020000	112999534
00	latency	19680020000	82999534
00	latency	19710020000	59305438
00	latency	19740020000	29305438
00	latency	19770020000	500578
00	latency	19800020000	198794
00	latency	19830020000	213991
00	latency	19860020000	95180
00	latency	19890020000	107074
00	latency	19920020000	149949
00	latency	19950020000	203105
00	latency	19980020000	146350
00	latency	20010020000	27723607
00	latency	20040020000	37226881
00	latency	20070020000	7226881
00	latency	20100020000	17822098
00	latency	20130020000	25662152
00	latency	20160020000	32609870
00	latency	20190020000	2609870
00	latency	20220020000	10252556
00	latency	20250020000	17763791
00	latency	20280020000	24083333
00	latency	20310020000	31798740
00	latency	20340020000	2551181
00	latency	20370020000	9340869
00	latency	20400020000	16289866
00	latency	20430020000	23186660
00	latency	20460020000	30491002
00	latency	20490020000	1374600
00	latency	20520020000	8022965
00	latency	20550020000	15376815
00	latency	20580020000	22556980
00	latency	20610020000	29322239
00	latency	20640020000	717668
00	latency	20670020000	6686491
00	latency	20700020000	13378237
00	latency	20730020000	21312656
00	latency	20760020000	28528655
00	latency	20790020000	35183876
00	latency	20820020000	5183876
00	latency	20850020000	12115106
00	latency	20880020000	21111101
00	latency	20910020000	27884010
00	latency	20940020000	34575218
00	latency	20970020000	4575218
00	latency	21000020000	11752169
00	latency	21030020000	19909885
00	latency	21060020000	27426695
00	latency	21090020000	34112193
00	latency	21120020000	4112193
00	latency	21150020000	12435017
00	latency	21180020000	20653509
00	latency	21210020000	28875554
00	latency	21240020000	34819456
00	latency	21270020000	7137783
00	latency	21300020000	15650110
00	latency	21330020000	22569869
00	latency	21360020000	29912162
00	latency	21390020000	856865
00	latency	21420020000	5807923
00	latency	21450020000	13825436
00	latency	21480020000	22079890
00	latency	21510020000	30321152
00	latency	21540020000	1011180
00	latency	21570020000	7836181
00	latency	21600020000	16760389
00	latency	21630020000	24838836
00	latency	21660020000	32345860
00	latency	21690020000	3031106
00	latency	21720020000	10865462
00	latency	21750020000	19007283
00	latency	21780020000	26758928
00	latency	21810020000	35075929
00	latency	21840020000	5075929
00	latency	21870020000	13576586
00	latency	21900020000	20276884
00	latency	21930020000	29422471
00	latency	21960020000	514409
00	latency	21990020000	7409482
00	latency	22020020000	16380908
00	latency	22050020000	24600402
00	latency	22080020000	33461529
00	latency	22110020000	3461529
00	latency	22140020000	13342482
00	latency	22170020000	21479828
00	latency	22200020000	29733277
00	latency	22230020000	1038899
00	latency	22260020000	7673194
00	latency	22290020000	16685024
00	latency	22320020000	25003872
00	latency	22350020000	34160070
00	latency	22380020000	4160070
00	latency	22410020000	12342722
00	latency	22440020000	21333030
00	latency	22470020000	28134298
00	latency	22500020000	36259622
00	latency	22530020000	6259622
00	latency	22560020000	15478631
00	latency	22590020000	23414060
00	latency	22620020000	32133098
00	latency	22650020000	2859488
00	latency	22680020000	11403686
00	latency	22710020000	21174345
00	latency	22740020000	30119388
00	latency	22770020000	839474
00	latency	22800020000	8829575
00	latency	22830020000	18928165
00	latency	22860020000	28137600
00	latency	22890020000	37225959
00	latency	22920020000	7225959
00	latency	22950020000	21022545
00	latency	22980020000	30549618
00	latency	23010020000	1137721
00	latency	23040020000	9052287
00	latency	23070020000	18475941
00	latency	23100020000	29086700
00	latency	23130020000	35936933
00	latency	23160020000	8696234
00	latency	23190020000	18231583
00	latency	23220020000	28704382
00	latency	23250020000	37869546
00	latency	23280020000	7869546
00	latency	23310020000	17377439
00	latency	23340020000	28177383
00	latency	23370020000	36862007
00	latency	23400020000	6862007
00	latency	23430020000	15952526
00	latency	23460020000	27128856
00	latency	23490020000	36981442
00	latency	23520020000	6981442
00	latency	23550020000	16976319
00	latency	23580020000	26472458
00	latency	23610020000	35739256
00	latency	23640020000	5739256
00	latency	23670020000	14900486
00	latency	23700020000	24339235
00	latency	23730020000	34287309
00	latency	23760020000	4287309
00	latency	23790020000	12250106
00	latency	23820020000	22738295
00	latency	23850020000	31420054
00	latency	23880020000	2008323
00	latency	23910020000	10527017
00	latency	23940020000	19594981
00	latency	23970020000	28931810
00	latency	24000020000	36755168
00	latency	24030020000	6755168
00	latency	24060020000	16179807
00	latency	24090020000	25647997
00	latency	24120020000	35066164
00	latency	24150020000	5066164
00	latency	24180020000	14288713
00	latency	24210020000	24204092
00	latency	24240020000	33461736
00	latency	24270020000	3461736
00	latency	24300020000	12355609
00	latency	24330020000	22248572
00	latency	24360020000	31938097
00	latency	24390020000	2733206
00	latency	24420020000	10323917
00	latency	24450020000	18774954
00	latency	24480020000	27373326
00	latency	24510020000	35760962
00	latency	24540020000	5760962
00	latency	24570020000	15343904
00	latency	24600020000	25049077
00	latency	24630020000	35016309
00	latency	24660020000	5016309
00	latency	24690020000	14670880
00	latency	24720020000	24716140
00	latency	24750020000	33671774
00	latency	24780020000	3671774
00	latency	24810020000	13706057
00	latency	24840020000	23618046
00	latency	24870020000	34033356
00	latency	24900020000	4033356
00	latency	24930020000	12959690
00	latency	24960020000	203678
00	latency	24990020000	73445
00	latency	25020020000	171542
00	latency	25050020000	129326
00	latency	25080020000	167415
00	latency	25110020000	185023
00	latency	25140020000	83429
00	latency	25170020000	135012
00	latency	25200020000	100875
00	latency	25230020000	181272
00	latency	25260020000	96824
00	latency	25290020000	64143
00	latency	25320020000	174497
00	latency	25350020000	146035
00	latency	25380020000	198703
00	latency	25410020000	104866
00	latency	25440020000	109506
00	latency	25470020000	181131
00	latency	25500020000	166123
00	latency	25530020000	180366
00	latency	25560020000	191377
00	latency	25590020000	169373
00	latency	25620020000	154272
00	latency	25650020000	105281
00	latency	25680020000	90056
00	latency	25710020000	117761
00	latency	25740020000	189976
00	latency	25770020000	49074
00	latency	25800020000	126372
00	latency	25830020000	197814
00	latency	25860020000	52873
00	latency	25890020000	74468
00	latency	25920020000	188123
00	latency	25950020000	92186
00	latency	25980020000	154403
00	latency	26010020000	270145
00	latency	26040020000	163341
00	latency	26070020000	79572
00	latency	26100020000	167093
00	latency	26130020000	188700
00	latency	26160020000	48820
00	latency	26190020000	109758
00	latency	26220020000	171686
00	latency	26250020000	154097
00	latency	26280020000	110910
00	latency	26310020000	70352
00	latency	26340020000	73311
00	latency	26370020000	189945
00	latency	26400020000	170955
00	latency	26430020000	141265
00	latency	26460020000	176900
00	latency	26490020000	186250
00	latency	26520020000	146752
00	latency	26550020000	142142
00	latency	26580020000	46142
00	latency	26610020000	106939
00	latency	26640020000	106113
00	latency	26670020000	181651
00	latency	26700020000	160380
00	latency	26730020000	62836
00	latency	26760020000	79878
00	latency	26790020000	193471
00	latency	26820020000	175191
00	latency	26850020000	189437
00	latency	26880020000	50469
00	latency	26910020000	116393
00	latency	26940020000	87997
00	latency	26970020000	163520
00	latency	27000020000	53621
00	latency	27030020000	80750
00	latency	27060020000	41743
00	latency	27090020000	167319
00	latency	27120020000	103031
00	latency	27150020000	74170
00	latency	27180020000	185545
00	latency	27210020000	189720
00	latency	27240020000	195369
00	latency	27270020000	58328
00	latency	27300020000	184185
00	latency	27330020000	190533
00	latency	27360020000	82847
00	latency	27390020000	204501
00	latency	27420020000	185860
00	latency	27450020000	74068
00	latency	27480020000	149595
00	latency	27510020000	85978
00	latency	27540020000	62703
00	latency	27570020000	156193
00	latency	27600020000	178184
00	latency	27630020000	48971
00	latency	27660020000	189314
00	latency	27690020000	51536
00	latency	27720020000	161453
00	latency	27750020000	189126
00	latency	27780020000	63100
00	latency	27810020000	169590
00	latency	27840020000	105091
00	latency	27870020000	77841
00	latency	27900020000	157940
00	latency	27930020000	180122
00	latency	27960020000	167034
00	latency	27990020000	42190
00	latency	28020020000	50685
00	latency	28050020000	142206
00	latency	28080020000	193391
00	latency	28110020000	148001
00	latency	28140020000	193918
00	latency	28170020000	146556
00	latency	28200020000	63387
00	latency	28230020000	151791
00	latency	28260020000	93462
00	latency	28290020000	168420
00	latency	28320020000	186588
00	latency	28350020000	95430
00	latency	28380020000	161938
00	latency	28410020000	131062
00	latency	28440020000	76821
00	latency	28470020000	160738
00	latency	28500020000	87694
00	latency	28530020000	87750
00	latency	28560020000	116026
00	latency	28590020000	185025
00	latency	28620020000	115237
00	latency	28650020000	98643
00	latency	28680020000	146952
00	latency	28710020000	218601
00	latency	28740020000	77555
00	latency	28770020000	65342
00	latency	28800020000	95004
00	latency	28830020000	157172
00	latency	28860020000	46794
00	latency	28890020000	52738
00	latency	28920020000	185666
00	latency	28950020000	102484
00	latency	28980020000	157646
00	latency	29010020000	169663
00	latency	29040020000	182361
00	latency	29070020000	109204
00	latency	29100020000	154627
00	latency	29130020000	99130
00	latency	29160020000	178808
00	latency	29190020000	77305
00	latency	29220020000	48162
00	latency	29250020000	65274
00	latency	29280020000	48984
00	latency	29310020000	182132
00	latency	29340020000	129269
00	latency	29370020000	178741
00	latency	29400020000	181610
00	latency	29430020000	100294
00	latency	29460020000	174414
00	latency	29490020000	103236
00	latency	29520020000	67752
00	latency	29550020000	101762
00	latency	29580020000	65195
00	latency	29610020000	110680
00	latency	29640020000	186143
00	latency	29670020000	163921
00	latency	29700020000	153091
00	latency	29730020000	54144
00	latency	29760020000	177621
00	latency	29790020000	91106
00	latency	29820020000	117982
00	latency	29850020000	67469
00	latency	29880020000	64059
00	latency	29910020000	160272
00	latency	29940020000	69830
00	latency	29970020000	139977

00	redistr	10000138591	10000000
00	redistr	20000187874	10000000
00	redistr	20000571173	10000000
00	redistr	20037774581	10000000
00	redistr	20038842415	10000000
00	redistr	20077280662	10000000
00	redistr	20078407630	10000000
00	redistr	20117875655	10000000
00	redistr	20119028073	10000000
00	redistr	20155714046	10000000
00	redistr	20156742336	10000000
00	redistr	20192661388	10000000
00	redistr	20193562560	10000000
00	redistr	20230301875	10000000
00	redistr	20231565175	10000000
00	redistr	20267815192	10000000
00	redistr	20268730582	10000000
00	redistr	20304132492	10000000
00	redistr	20305419049	10000000
00	redistr	20341850692	10000000
00	redistr	20342908750	10000000
00	redistr	20379391459	10000000
00	redistr	20380313474	10000000
00	redistr	20416340371	10000000
00	redistr	20417557134	10000000
00	redistr	20453237804	10000000
00	redistr	20454130058	10000000
00	redistr	20490542131	10000000
00	redistr	20491788540	10000000
00	redistr	20528073276	10000000
00	redistr	20529071178	10000000
00	redistr	20565429157	10000000
00	redistr	20566524227	10000000
00	redistr	20602607703	10000000
00	redistr	20603519302	10000000
00	redistr	20639371000	10000000
00	redistr	20640738407	10000000
00	redistr	20676736702	10000000
00	redistr	20677609745	10000000
00	redistr	20713428766	10000000
00	redistr	20714739429	10000000
00	redistr	20751364974	10000000
00	redistr	20752364883	10000000
00	redistr	20788579974	10000000
00	redistr	20789487069	10000000
00	redistr	20825232816	10000000
00	redistr	20826373682	10000000
00	redistr	20862179335	10000000
00	redistr	20863525987	10000000
00	redistr	20901162485	10000000
00	redistr	20902044598	10000000
00	redistr	20937932486	10000000
00	redistr	20939221347	10000000
00	redistr	20974627340	10000000
00	redistr	20975507502	10000000
00	redistr	21011804880	10000000
00	redistr	21013168452	10000000
00	redistr	21049961642	10000000
00	redistr	21050981998	10000000
00	redistr	21087479013	10000000
00	redistr	21088397151	10000000
00	redistr	21124161388	10000000
00	redistr	21125422200	10000000
00	redistr	21162485343	10000000
00	redistr	21163442364	10000000
00	redistr	21200702729	10000000
00	redistr	21202012082	10000000
00	redistr	21238926940	10000000
00	redistr	21240038914	10000000
00	redistr	21277190428	10000000
00	redistr	21278302587	10000000
00	redistr	21315702916	10000000
00	redistr	21316772206	10000000
00	redistr	21352621322	10000000
00	redistr	21353666122	10000000
00	redistr	21389963576	10000000
00	redistr	21390877565	10000000
00	redistr	21425855763	10000000
00	redistr	21427178082	10000000
00	redistr	21463878446	10000000
00	redistr	21464981363	10000000
00	redistr	21502131302	10000000
00	redistr	21503138483	10000000
00	redistr	21540373197	10000000
00	redistr	21541414942	10000000
00	redistr	21577886319	10000000
00	redistr	21578951126	10000000
00	redistr	21616812548	10000000
00	redistr	21617869673	10000000
00	redistr	21654890717	10000000
00	redistr	21655968211	10000000
00	redistr	21692397819	10000000
00	redistr	21693445409	10000000
00	redistr	21730916847	10000000
00	redistr	21731984149	10000000
00	redistr	21769058476	10000000
00	redistr	21769984236	10000000
00	redistr	21806809574	10000000
00	redistr	21808144270	10000000
00	redistr	21845127348	10000000
00	redistr	21846151788	10000000
00	redistr	21883628811	10000000
00	redistr	21884633884	10000000
00	redistr	21920326822	10000000
00	redistr	21921373554	10000000
00	redistr	21959477498	10000000
00	redistr	21960537013	10000000
00	redistr	21997459857	10000000
00	redistr	21998467526	10000000
00	redistr	22036434399	10000000
00	redistr	22037818450	10000000
00	redistr	22074650637	10000000
00	redistr	22075653905	10000000
00	redistr	22113513606	10000000
00	redistr	22114658212	10000000
00	redistr	22153395468	10000000
00	redistr	22154492243	10000000
00	redistr	22191530232	10000000
00	redistr	22192437055	10000000
00	redistr	22229785312	10000000
00	redistr	22231059659	10000000
00	redistr	22267724667	10000000
00	redistr	22268760268	10000000
00	redistr	22306739303	10000000
00	redistr	22307730850	10000000
00	redistr	22345057504	10000000
00	redistr	22346181522	10000000
00	redistr	22384212555	10000000
00	redistr	22385235403	10000000
00	redistr	22422394224	10000000
00	redistr	22423456958	10000000
00	redistr	22461386203	10000000
00	redistr	22462296633	10000000
00	redistr	22498183767	10000000
00	redistr	22499647411	10000000
00	redistr	22536312342	10000000
00	redistr	22537372962	10000000
00	redistr	22575534853	10000000
00	redistr	22576593533	10000000
00	redistr	22613468240	10000000
00	redistr	22614452010	10000000
00	redistr	22652185926	10000000
00	redistr	22653245881	10000000
00	redistr	22691459681	10000000
00	redistr	22692522886	10000000
00	redistr	22731231129	10000000
00	redistr	22732249791	10000000
00	redistr	22770179394	10000000
00	redistr	22771251224	10000000
00	redistr	22808885073	10000000
00	redistr	22809920256	10000000
00	redistr	22848982058	10000000
00	redistr	22850018618	10000000
00	redistr	22888190319	10000000
00	redistr	22889210339	10000000
00	redistr	22927281621	10000000
00	redistr	22928323659	10000000
00	redistr	22971078270	10000000
00	redistr	22972120505	10000000
00	redistr	23010601540	10000000
00	redistr	23011532161	10000000
00	redistr	23049105091	10000000
00	redistr	23049989171	10000000
00	redistr	23088528984	10000000
00	redistr	23089888636	10000000
00	redistr	23129140846	10000000
00	redistr	23130158444	10000000
00	redistr	23168749179	10000000
00	redistr	23169849631	10000000
00	redistr	23208289441	10000000
00	redistr	23209320968	10000000
00	redistr	23248760483	10000000
00	redistr	23249926235	10000000
00	redistr	23287924032	10000000
00	redistr	23289048261	10000000
00	redistr	23327429031	10000000
00	redistr	23328524291	10000000
00	redistr	23368231788	10000000
00	redistr	23369261044	10000000
00	redistr	23406914660	10000000
00	redistr	23407995267	10000000
00	redistr	23446007489	10000000
00	redistr	23447149489	10000000
00	redistr	23487182489	10000000
00	redistr	23488255775	10000000
00	redistr	23527035892	10000000
00	redistr	23528265312	10000000
00	redistr	23567030308	10000000
00	redistr	23568343261	10000000
00	redistr	23606527919	10000000
00	redistr	23607888442	10000000
00	redistr	23645793173	10000000
00	redistr	23647021181	10000000
00	redistr	23684954576	10000000
00	redistr	23686234053	10000000
00	redistr	23724394416	10000000
00	redistr	23725734194	10000000
00	redistr	23764340828	10000000
00	redistr	23765391062	10000000
00	redistr	23802302876	10000000
00	redistr	23803419003	10000000
00	redistr	23842792260	10000000
00	redistr	23843864371	10000000
00	redistr	23881470607	10000000
00	redistr	23882436715	10000000
00	redistr	23920580024	10000000
00	redistr	23921509008	10000000
00	redistr	23959648000	10000000
00	redistr	23960594476	10000000
00	redistr	23998984583	10000000
00	redistr	23999975073	10000000
00	redistr	24036807450	10000000
00	redistr	24037893632	10000000
00	redistr	24076232083	10000000
00	redistr	24077311760	10000000
00	redistr	24115701424	10000000
00	redistr	24116779005	10000000
00	redistr	24155119069	10000000
00	redistr	24156196828	10000000
00	redistr	24194339274	10000000
00	redistr	24195401786	10000000
00	redistr	24234257867	10000000
00	redistr	24235303485	10000000
00	redistr	24273515656	10000000
00	redistr	24274470316	10000000
00	redistr	24312409553	10000000
00	redistr	24313387356	10000000
00	redistr	24352300641	10000000
00	redistr	24353383827	10000000
00	redistr	24391990647	10000000
00	redistr	24393128169	10000000
00	redistr	24430375564	10000000
00	redistr	24431494501	10000000
00	redistr	24468827408	10000000
00	redistr	24469834617	10000000
00	redistr	24507424946	10000000
00	redistr	24508380166	10000000
00	redistr	24545813840	10000000
00	redistr	24546815272	10000000
00	redistr	24585397028	10000000
00	redistr	24586349142	10000000
00	redistr	24625100835	10000000
00	redistr	24626174658	10000000
00	redistr	24665070661	10000000
00	redistr	24666182533	10000000
00	redistr	24704723840	10000000
00	redistr	24705780127	10000000
00	redistr	24744770440	10000000
00	redistr	24745760970	10000000
00	redistr	24783723329	10000000
00	redistr	24784679164	10000000
00	redistr	24823760159	10000000
00	redistr	24824833186	10000000
00	redistr	24863671573	10000000
00	redistr	24864734971	10000000
00	redistr	24904087071	10000000
00	redistr	24905221352	10000000
