20000	799137
30020000	393844
60020000	522429
90020000	583320
120020000	391734
150020000	350562
180020000	479043
210020000	372857
240020000	544588
270020000	553772
300020000	570930
330020000	397937
360020000	319505
390020000	367009
420020000	212100
450020000	397368
480020000	414506
510020000	222840
540020000	575028
570020000	466052
600020000	344700
630020000	354307
660020000	379025
690020000	136076
720020000	74660
750020000	177308
780020000	100300
810020000	104415
840020000	134555
870020000	41510
900020000	38810
930020000	164211
960020000	94232
990020000	101647
1020020000	143291
1050020000	72040
1080020000	62710
1110020000	66430
1140020000	72279
1170020000	42328
1200020000	72310
1230020000	43741
1260020000	87139
1290020000	160524
1320020000	132664
1350020000	61154
1380020000	161590
1410020000	58718
1440020000	117512
1470020000	40190
1500020000	43644
1530020000	101519
1560020000	114507
1590020000	170129
1620020000	136980
1650020000	163226
1680020000	76411
1710020000	104686
1740020000	138300
1770020000	118199
1800020000	59585
1830020000	130919
1860020000	68777
1890020000	159507
1920020000	121991
1950020000	144878
1980020000	150300
2010020000	131060
2040020000	46977
2070020000	65124
2100020000	86317
2130020000	37004
2160020000	37305
2190020000	127225
2220020000	70153
2250020000	161065
2280020000	41531
2310020000	145854
2340020000	52671
2370020000	46629
2400020000	161282
2430020000	51864
2460020000	150116
2490020000	67896
2520020000	108992
2550020000	41090
2580020000	136772
2610020000	130142
2640020000	176067
2670020000	164655
2700020000	145838
2730020000	144071
2760020000	95681
2790020000	69383
2820020000	152283
2850020000	56446
2880020000	162655
2910020000	149524
2940020000	148684
2970020000	111202
3000020000	76320
3030020000	140356
3060020000	139295
3090020000	146504
3120020000	68072
3150020000	114772
3180020000	39049
3210020000	152307
3240020000	77289
3270020000	48543
3300020000	133669
3330020000	137686
3360020000	44619
3390020000	43981
3420020000	138850
3450020000	164097
3480020000	46735
3510020000	40162
3540020000	142437
3570020000	80204
3600020000	96711
3630020000	116024
3660020000	69574
3690020000	168420
3720020000	70082
3750020000	60701
3780020000	162918
3810020000	105990
3840020000	48343
3870020000	89183
3900020000	98195
3930020000	37243
3960020000	56794
3990020000	96094
4020020000	53854
4050020000	36288
4080020000	137327
4110020000	54613
4140020000	48887
4170020000	105050
4200020000	57819
4230020000	54182
4260020000	87969
4290020000	60354
4320020000	54853
4350020000	127322
4380020000	144081
4410020000	150043
4440020000	60705
4470020000	53433
4500020000	137581
4530020000	62785
4560020000	51302
4590020000	66372
4620020000	145301
4650020000	148163
4680020000	148948
4710020000	46178
4740020000	64668
4770020000	145684
4800020000	141772
4830020000	122635
4860020000	59039
4890020000	43712
4920020000	113341
4950020000	113034
4980020000	159014
5010020000	61112
5040020000	153134
5070020000	91265
5100020000	139311
5130020000	154017
5160020000	145837
5190020000	113159
5220020000	72487
5250020000	59393
5280020000	47629
5310020000	131650
5340020000	58625
5370020000	128889
5400020000	55867
5430020000	75066
5460020000	81094
5490020000	130584
5520020000	139649
5550020000	78461
5580020000	67704
5610020000	113673
5640020000	63102
5670020000	62983
5700020000	37207
5730020000	159339
5760020000	159671
5790020000	174885
5820020000	98449
5850020000	106427
5880020000	65522
5910020000	52933
5940020000	39775
5970020000	55952
6000020000	39146
6030020000	46999
6060020000	74929
6090020000	142661
6120020000	126575
6150020000	122667
6180020000	150904
6210020000	78717
6240020000	77838
6270020000	73811
6300020000	61667
6330020000	60556
6360020000	151399
6390020000	148646
6420020000	147328
6450020000	85617
6480020000	59652
6510020000	145338
6540020000	61968
6570020000	57876
6600020000	137624
6630020000	45181
6660020000	149880
6690020000	163857
6720020000	86793
6750020000	46084
6780020000	68006
6810020000	82903
6840020000	67047
6870020000	58392
6900020000	60864
6930020000	69212
6960020000	147005
6990020000	143366
7020020000	47002
7050020000	152623
7080020000	138461
7110020000	100707
7140020000	69471
7170020000	64717
7200020000	84644
7230020000	61707
7260020000	116977
7290020000	168932
7320020000	160473
7350020000	154941
7380020000	52504
7410020000	155709
7440020000	104677
7470020000	69467
7500020000	52314
7530020000	46801
7560020000	44097
7590020000	52173
7620020000	92598
7650020000	51898
7680020000	43776
7710020000	53667
7740020000	143124
7770020000	128017
7800020000	39937
7830020000	123444
7860020000	59245
7890020000	59688
7920020000	163037
7950020000	45065
7980020000	47854
8010020000	97557
8040020000	156829
8070020000	101172
8100020000	72939
8130020000	51521
8160020000	122394
8190020000	43899
8220020000	41150
8250020000	81583
8280020000	42244
8310020000	134615
8340020000	133857
8370020000	115609
8400020000	43780
8430020000	43753
8460020000	52549
8490020000	150139
8520020000	68977
8550020000	63432
8580020000	126653
8610020000	41148
8640020000	67014
8670020000	60638
8700020000	104131
8730020000	54489
8760020000	153966
8790020000	41931
8820020000	152187
8850020000	160105
8880020000	70767
8910020000	153463
8940020000	135996
8970020000	50783
9000020000	46116
9030020000	102391
9060020000	163324
9090020000	106684
9120020000	45358
9150020000	137240
9180020000	66740
9210020000	172595
9240020000	90950
9270020000	156489
9300020000	148833
9330020000	46742
9360020000	62290
9390020000	68850
9420020000	149683
9450020000	146903
9480020000	61688
9510020000	46745
9540020000	152644
9570020000	55825
9600020000	140527
9630020000	58970
9660020000	66829
9690020000	155258
9720020000	70443
9750020000	148800
9780020000	144994
9810020000	67623
9840020000	69171
9870020000	48874
9900020000	124292
9930020000	58574
9960020000	44455
9990020000	50634
10020020000	9911355
10050020000	133129
10080020000	159593
10110020000	173833
10140020000	137864
10170020000	206734
10200020000	137380
10230020000	152095
10260020000	126118
10290020000	191196
10320020000	88465
10350020000	211568
10380020000	142614
10410020000	171097
10440020000	150429
10470020000	203849
10500020000	106756
10530020000	151374
10560020000	150736
10590020000	149635
10620020000	84089
10650020000	165176
10680020000	172019
10710020000	145316
10740020000	186510
10770020000	132287
10800020000	150900
10830020000	132476
10860020000	99654
10890020000	99789
10920020000	172517
10950020000	65737
10980020000	147830
11010020000	186199
11040020000	157548
11070020000	148454
11100020000	146500
11130020000	185499
11160020000	173856
11190020000	196811
11220020000	189168
11250020000	85615
11280020000	168024
11310020000	112197
11340020000	105545
11370020000	204841
11400020000	141719
11430020000	152866
11460020000	101162
11490020000	137816
11520020000	185754
11550020000	202205
11580020000	99650
11610020000	210380
11640020000	127505
11670020000	174533
11700020000	121306
11730020000	153020
11760020000	145553
11790020000	165474
11820020000	208153
11850020000	145150
11880020000	198008
11910020000	191363
11940020000	187476
11970020000	158008
12000020000	95727
12030020000	192478
12060020000	184495
12090020000	163472
12120020000	87661
12150020000	108144
12180020000	184245
12210020000	175618
12240020000	142633
12270020000	167856
12300020000	147113
12330020000	149921
12360020000	109009
12390020000	114456
12420020000	178854
12450020000	152980
12480020000	99288
12510020000	176629
12540020000	97316
12570020000	156504
12600020000	81284
12630020000	177935
12660020000	212342
12690020000	189073
12720020000	139925
12750020000	152349
12780020000	150833
12810020000	200585
12840020000	180297
12870020000	77110
12900020000	137560
12930020000	147640
12960020000	104865
12990020000	86808
13020020000	215119
13050020000	135691
13080020000	153884
13110020000	140328
13140020000	205640
13170020000	123887
13200020000	192788
13230020000	197850
13260020000	147696
13290020000	186306
13320020000	157653
13350020000	132070
13380020000	136352
13410020000	139961
13440020000	122503
13470020000	94916
13500020000	150391
13530020000	92142
13560020000	108816
13590020000	143632
13620020000	92825
13650020000	98699
13680020000	139016
13710020000	86385
13740020000	85975
13770020000	146969
13800020000	87518
13830020000	101860
13860020000	81419
13890020000	194679
13920020000	149780
13950020000	159069
13980020000	147925
14010020000	146685
14040020000	146265
14070020000	147121
14100020000	109641
14130020000	86037
14160020000	93485
14190020000	218057
14220020000	151922
14250020000	193455
14280020000	97776
14310020000	191804
14340020000	112058
14370020000	120153
14400020000	214411
14430020000	155860
14460020000	156997
14490020000	117647
14520020000	185319
14550020000	191223
14580020000	123301
14610020000	154585
14640020000	120003
14670020000	142516
14700020000	162996
14730020000	76504
14760020000	112325
14790020000	160852
14820020000	149481
14850020000	152839
14880020000	169417
14910020000	237300
14940020000	212998
14970020000	164359
15000020000	133655
15030020000	180601
15060020000	127967
15090020000	162012
15120020000	154271
15150020000	134676
15180020000	181401
15210020000	220376
15240020000	181334
15270020000	181537
15300020000	103695
15330020000	112923
15360020000	192910
15390020000	87385
15420020000	203673
15450020000	188616
15480020000	152216
15510020000	137080
15540020000	139259
15570020000	131247
15600020000	113935
15630020000	175457
15660020000	134013
15690020000	133379
15720020000	144839
15750020000	145362
15780020000	123056
15810020000	192268
15840020000	108216
15870020000	146770
15900020000	121401
15930020000	205616
15960020000	166584
15990020000	185318
16020020000	103546
16050020000	128114
16080020000	172944
16110020000	168202
16140020000	148842
16170020000	132981
16200020000	184293
16230020000	84152
16260020000	170100
16290020000	127403
16320020000	138107
16350020000	205604
16380020000	203400
16410020000	228122
16440020000	206378
16470020000	150925
16500020000	89783
16530020000	154658
16560020000	167553
16590020000	163052
16620020000	99148
16650020000	205192
16680020000	132450
16710020000	191188
16740020000	114085
16770020000	159224
16800020000	205658
16830020000	179336
16860020000	142084
16890020000	194770
16920020000	170161
16950020000	153388
16980020000	179532
17010020000	185959
17040020000	169241
17070020000	159406
17100020000	122923
17130020000	117485
17160020000	147130
17190020000	104835
17220020000	174428
17250020000	137981
17280020000	82580
17310020000	192673
17340020000	182586
17370020000	171924
17400020000	137361
17430020000	116557
17460020000	146821
17490020000	165869
17520020000	149410
17550020000	148563
17580020000	214676
17610020000	182769
17640020000	165956
17670020000	187606
17700020000	182714
17730020000	223932
17760020000	211479
17790020000	183002
17820020000	164864
17850020000	182717
17880020000	145925
17910020000	104696
17940020000	191479
17970020000	193538
18000020000	140946
18030020000	228705
18060020000	105901
18090020000	217824
18120020000	118096
18150020000	186176
18180020000	190939
18210020000	175469
18240020000	208772
18270020000	112933
18300020000	159847
18330020000	197956
18360020000	86984
18390020000	161547
18420020000	147985
18450020000	173312
18480020000	148139
18510020000	183552
18540020000	131042
18570020000	190885
18600020000	80700
18630020000	139795
18660020000	210292
18690020000	155116
18720020000	151794
18750020000	193681
18780020000	192342
18810020000	197585
18840020000	178404
18870020000	192155
18900020000	168404
18930020000	75359
18960020000	131590
18990020000	224626
19020020000	207274
19050020000	174305
19080020000	98047
19110020000	137165
19140020000	146831
19170020000	132428
19200020000	217549
19230020000	173488
19260020000	109126
19290020000	171934
19320020000	165077
19350020000	148251
19380020000	118440
19410020000	194215
19440020000	137731
19470020000	173172
19500020000	192523
19530020000	202033
19560020000	152484
19590020000	116785
19620020000	140412
19650020000	147628
19680020000	211232
19710020000	187644
19740020000	79813
19770020000	212804
19800020000	155168
19830020000	164375
19860020000	109293
19890020000	75320
19920020000	129299
19950020000	173491
19980020000	146951
20010020000	502127
20040020000	195920
20070020000	356891
20100020000	511114
20130020000	84963
20160020000	72120
20190020000	95066
20220020000	62726
20250020000	44753
20280020000	162133
20310020000	160725
20340020000	153741
20370020000	75520
20400020000	58999
20430020000	127267
20460020000	46185
20490020000	124723
20520020000	71656
20550020000	133303
20580020000	142890
20610020000	73994
20640020000	57111
20670020000	152310
20700020000	96143
20730020000	52489
20760020000	46583
20790020000	161815
20820020000	64118
20850020000	137407
20880020000	84904
20910020000	62280
20940020000	70852
20970020000	160565
21000020000	71014
21030020000	57511
21060020000	37213
21090020000	126771
21120020000	71625
21150020000	153792
21180020000	156366
21210020000	44024
21240020000	171096
21270020000	46358
21300020000	70470
21330020000	46898
21360020000	105057
21390020000	102349
21420020000	47968
21450020000	38347
21480020000	91474
21510020000	161291
21540020000	85584
21570020000	162482
21600020000	43619
21630020000	80283
21660020000	158927
21690020000	154807
21720020000	40811
21750020000	65400
21780020000	166648
21810020000	54204
21840020000	44009
21870020000	102784
21900020000	139508
21930020000	135310
21960020000	50534
21990020000	157556
22020020000	37323
22050020000	74758
22080020000	143074
22110020000	61636
22140020000	47285
22170020000	72108
22200020000	154127
22230020000	101457
22260020000	43279
22290020000	143872
22320020000	102341
22350020000	59521
22380020000	146280
22410020000	58771
22440020000	125194
22470020000	88152
22500020000	69387
22530020000	59339
22560020000	116578
22590020000	64848
22620020000	154543
22650020000	42319
22680020000	133865
22710020000	46078
22740020000	152387
22770020000	66437
22800020000	47114
22830020000	144727
22860020000	40376
22890020000	144020
22920020000	64814
22950020000	136311
22980020000	49623
23010020000	137584
23040020000	68792
23070020000	113175
23100020000	162753
23130020000	73343
23160020000	161569
23190020000	152485
23220020000	60749
23250020000	73571
23280020000	145347
23310020000	79042
23340020000	133820
23370020000	144409
23400020000	47650
23430020000	56380
23460020000	137786
23490020000	84346
23520020000	166239
23550020000	70586
23580020000	64925
23610020000	108870
23640020000	53954
23670020000	60308
23700020000	146716
23730020000	164796
23760020000	72255
23790020000	143808
23820020000	69715
23850020000	83043
23880020000	113162
23910020000	130465
23940020000	41881
23970020000	112174
24000020000	58356
24030020000	98741
24060020000	146248
24090020000	153959
24120020000	47588
24150020000	61758
24180020000	42305
24210020000	47095
24240020000	129578
24270020000	55486
24300020000	131493
24330020000	49766
24360020000	42414
24390020000	107649
24420020000	49706
24450020000	62834
24480020000	141781
24510020000	145446
24540020000	64483
24570020000	146893
24600020000	161594
24630020000	136730
24660020000	48305
24690020000	96233
24720020000	53524
24750020000	157365
24780020000	65835
24810020000	151151
24840020000	53591
24870020000	150279
24900020000	42529
24930020000	132568
24960020000	38443
24990020000	95063
25020020000	153915
25050020000	113161
25080020000	157926
25110020000	44655
25140020000	68767
25170020000	51976
25200020000	165408
25230020000	49527
25260020000	128065
25290020000	46047
25320020000	128553
25350020000	63569
25380020000	130469
25410020000	37349
25440020000	59456
25470020000	46372
25500020000	152039
25530020000	118668
25560020000	39993
25590020000	138356
25620020000	127217
25650020000	67157
25680020000	64891
25710020000	143691
25740020000	42597
25770020000	46377
25800020000	151077
25830020000	38511
25860020000	152738
25890020000	42017
25920020000	140553
25950020000	63686
25980020000	142559
26010020000	67119
26040020000	60527
26070020000	38510
26100020000	154356
26130020000	122176
26160020000	72993
26190020000	50721
26220020000	77127
26250020000	66452
26280020000	143085
26310020000	47511
26340020000	59155
26370020000	145178
26400020000	147065
26430020000	48524
26460020000	159970
26490020000	159833
26520020000	150209
26550020000	66564
26580020000	68516
26610020000	169663
26640020000	134651
26670020000	169143
26700020000	135437
26730020000	66967
26760020000	56087
26790020000	150544
26820020000	131532
26850020000	70307
26880020000	138187
26910020000	63432
26940020000	162593
26970020000	43774
27000020000	42176
27030020000	50848
27060020000	58402
27090020000	89878
27120020000	111091
27150020000	133492
27180020000	161072
27210020000	101129
27240020000	46893
27270020000	53285
27300020000	171608
27330020000	51107
27360020000	151808
27390020000	93236
27420020000	161065
27450020000	48778
27480020000	41890
27510020000	135369
27540020000	112501
27570020000	75799
27600020000	136591
27630020000	85585
27660020000	58495
27690020000	51720
27720020000	37893
27750020000	148336
27780020000	80507
27810020000	41572
27840020000	81378
27870020000	149932
27900020000	166083
27930020000	116100
27960020000	144555
27990020000	156140
28020020000	132818
28050020000	113192
28080020000	68101
28110020000	61507
28140020000	52642
28170020000	141733
28200020000	77223
28230020000	40645
28260020000	145050
28290020000	51398
28320020000	133488
28350020000	69219
28380020000	53049
28410020000	173330
28440020000	150799
28470020000	140513
28500020000	48018
28530020000	39556
28560020000	114464
28590020000	63408
28620020000	101022
28650020000	154577
28680020000	52982
28710020000	48575
28740020000	74542
28770020000	50920
28800020000	114608
28830020000	53408
28860020000	118338
28890020000	86859
28920020000	55693
28950020000	46684
28980020000	43443
29010020000	78320
29040020000	52158
29070020000	39806
29100020000	43984
29130020000	71108
29160020000	49579
29190020000	71417
29220020000	52569
29250020000	52453
29280020000	52718
29310020000	148407
29340020000	123796
29370020000	166741
29400020000	131489
29430020000	89497
29460020000	152259
29490020000	51829
29520020000	161140
29550020000	37582
29580020000	75244
29610020000	171448
29640020000	47848
29670020000	88934
29700020000	128914
29730020000	101907
29760020000	50092
29790020000	43983
29820020000	75090
29850020000	107814
29880020000	155747
29910020000	131083
29940020000	96881
29970020000	42662
