args: Args { inner: ["target/release/examples/word_count", "10", "100000", "160000", "open-loop", "-n", "2", "-p", "1", "-w", "1"] }
rounds: 10, batch: 100000, keys: 160000, open_loop: true
worker 00:	36026	136311	540230	134829856	(of 1500000 measurements)
00	latency	20000	909317
00	latency	30020000	485011
00	latency	60020000	397139
00	latency	90020000	487470
00	latency	120020000	539551
00	latency	150020000	466255
00	latency	180020000	321243
00	latency	210020000	413857
00	latency	240020000	349005
00	latency	270020000	740542
00	latency	300020000	623187
00	latency	330020000	440018
00	latency	360020000	100692
00	latency	390020000	163869
00	latency	420020000	129629
00	latency	450020000	141640
00	latency	480020000	68870
00	latency	510020000	70333
00	latency	540020000	142616
00	latency	570020000	73065
00	latency	600020000	57009
00	latency	630020000	196868
00	latency	660020000	132036
00	latency	690020000	163820
00	latency	720020000	98104
00	latency	750020000	129182
00	latency	780020000	146322
00	latency	810020000	132351
00	latency	840020000	118490
00	latency	870020000	149594
00	latency	900020000	43720
00	latency	930020000	129662
00	latency	960020000	65254
00	latency	990020000	74992
00	latency	1020020000	73822
00	latency	1050020000	62093
00	latency	1080020000	105483
00	latency	1110020000	102785
00	latency	1140020000	86279
00	latency	1170020000	71672
00	latency	1200020000	97168
00	latency	1230020000	76676
00	latency	1260020000	143339
00	latency	1290020000	110597
00	latency	1320020000	86510
00	latency	1350020000	134456
00	latency	1380020000	159571
00	latency	1410020000	128799
00	latency	1440020000	149269
00	latency	1470020000	54901
00	latency	1500020000	129017
00	latency	1530020000	158284
00	latency	1560020000	156230
00	latency	1590020000	64436
00	latency	1620020000	106363
00	latency	1650020000	44459
00	latency	1680020000	78982
00	latency	1710020000	89321
00	latency	1740020000	148933
00	latency	1770020000	124856
00	latency	1800020000	39257
00	latency	1830020000	126735
00	latency	1860020000	76054
00	latency	1890020000	128947
00	latency	1920020000	156334
00	latency	1950020000	45426
00	latency	1980020000	106755
00	latency	2010020000	44754
00	latency	2040020000	51211
00	latency	2070020000	108225
00	latency	2100020000	95340
00	latency	2130020000	159279
00	latency	2160020000	51771
00	latency	2190020000	153618
00	latency	2220020000	81507
00	latency	2250020000	71007
00	latency	2280020000	152906
00	latency	2310020000	101380
00	latency	2340020000	65898
00	latency	2370020000	56171
00	latency	2400020000	157875
00	latency	2430020000	141452
00	latency	2460020000	130153
00	latency	2490020000	163252
00	latency	2520020000	73136
00	latency	2550020000	110312
00	latency	2580020000	166821
00	latency	2610020000	129127
00	latency	2640020000	139798
00	latency	2670020000	104575
00	latency	2700020000	145541
00	latency	2730020000	74503
00	latency	2760020000	82632
00	latency	2790020000	107091
00	latency	2820020000	100444
00	latency	2850020000	127297
00	latency	2880020000	51919
00	latency	2910020000	140925
00	latency	2940020000	43261
00	latency	2970020000	105503
00	latency	3000020000	99515
00	latency	3030020000	58688
00	latency	3060020000	147341
00	latency	3090020000	76404
00	latency	3120020000	123155
00	latency	3150020000	134283
00	latency	3180020000	130723
00	latency	3210020000	121950
00	latency	3240020000	65178
00	latency	3270020000	86534
00	latency	3300020000	165734
00	latency	3330020000	83254
00	latency	3360020000	117344
00	latency	3390020000	161727
00	latency	3420020000	133448
00	latency	3450020000	100041
00	latency	3480020000	124838
00	latency	3510020000	162730
00	latency	3540020000	150079
00	latency	3570020000	101001
00	latency	3600020000	126290
00	latency	3630020000	154681
00	latency	3660020000	64376
00	latency	3690020000	145912
00	latency	3720020000	161056
00	latency	3750020000	161051
00	latency	3780020000	46857
00	latency	3810020000	170533
00	latency	3840020000	170381
00	latency	3870020000	52557
00	latency	3900020000	112944
00	latency	3930020000	127077
00	latency	3960020000	158504
00	latency	3990020000	41878
00	latency	4020020000	127553
00	latency	4050020000	80536
00	latency	4080020000	56949
00	latency	4110020000	149881
00	latency	4140020000	124897
00	latency	4170020000	89602
00	latency	4200020000	95237
00	latency	4230020000	148502
00	latency	4260020000	56482
00	latency	4290020000	152215
00	latency	4320020000	129376
00	latency	4350020000	82018
00	latency	4380020000	63244
00	latency	4410020000	84180
00	latency	4440020000	136762
00	latency	4470020000	128322
00	latency	4500020000	77022
00	latency	4530020000	163011
00	latency	4560020000	147290
00	latency	4590020000	82096
00	latency	4620020000	123988
00	latency	4650020000	40388
00	latency	4680020000	85741
00	latency	4710020000	115082
00	latency	4740020000	53884
00	latency	4770020000	163820
00	latency	4800020000	166236
00	latency	4830020000	110983
00	latency	4860020000	149120
00	latency	4890020000	73553
00	latency	4920020000	156966
00	latency	4950020000	53331
00	latency	4980020000	76465
00	latency	5010020000	91892
00	latency	5040020000	74027
00	latency	5070020000	132831
00	latency	5100020000	138005
00	latency	5130020000	143428
00	latency	5160020000	162743
00	latency	5190020000	143677
00	latency	5220020000	77314
00	latency	5250020000	61120
00	latency	5280020000	82129
00	latency	5310020000	84080
00	latency	5340020000	102895
00	latency	5370020000	84983
00	latency	5400020000	161557
00	latency	5430020000	62206
00	latency	5460020000	155677
00	latency	5490020000	153351
00	latency	5520020000	63355
00	latency	5550020000	158020
00	latency	5580020000	130063
00	latency	5610020000	124313
00	latency	5640020000	168715
00	latency	5670020000	164546
00	latency	5700020000	59304
00	latency	5730020000	137872
00	latency	5760020000	132964
00	latency	5790020000	80349
00	latency	5820020000	130846
00	latency	5850020000	128817
00	latency	5880020000	140575
00	latency	5910020000	85580
00	latency	5940020000	158113
00	latency	5970020000	118160
00	latency	6000020000	140284
00	latency	6030020000	148874
00	latency	6060020000	164182
00	latency	6090020000	142657
00	latency	6120020000	76515
00	latency	6150020000	71187
00	latency	6180020000	173206
00	latency	6210020000	155303
00	latency	6240020000	118126
00	latency	6270020000	64051
00	latency	6300020000	154242
00	latency	6330020000	74617
00	latency	6360020000	70650
00	latency	6390020000	169504
00	latency	6420020000	167450
00	latency	6450020000	162373
00	latency	6480020000	75686
00	latency	6510020000	164319
00	latency	6540020000	164353
00	latency	6570020000	164884
00	latency	6600020000	147520
00	latency	6630020000	107421
00	latency	6660020000	104574
00	latency	6690020000	152295
00	latency	6720020000	134351
00	latency	6750020000	156687
00	latency	6780020000	150910
00	latency	6810020000	136792
00	latency	6840020000	83249
00	latency	6870020000	101262
00	latency	6900020000	141247
00	latency	6930020000	135479
00	latency	6960020000	120503
00	latency	6990020000	111908
00	latency	7020020000	145819
00	latency	7050020000	58761
00	latency	7080020000	140036
00	latency	7110020000	139969
00	latency	7140020000	111230
00	latency	7170020000	142160
00	latency	7200020000	136545
00	latency	7230020000	148898
00	latency	7260020000	106253
00	latency	7290020000	49191
00	latency	7320020000	126690
00	latency	7350020000	128824
00	latency	7380020000	44574
00	latency	7410020000	68609
00	latency	7440020000	144166
00	latency	7470020000	86572
00	latency	7500020000	60120
00	latency	7530020000	83545
00	latency	7560020000	64088
00	latency	7590020000	134034
00	latency	7620020000	148554
00	latency	7650020000	149767
00	latency	7680020000	163680
00	latency	7710020000	68573
00	latency	7740020000	131699
00	latency	7770020000	83072
00	latency	7800020000	133115
00	latency	7830020000	41993
00	latency	7860020000	151968
00	latency	7890020000	84233
00	latency	7920020000	73976
00	latency	7950020000	113144
00	latency	7980020000	128357
00	latency	8010020000	68799
00	latency	8040020000	87350
00	latency	8070020000	139625
00	latency	8100020000	104657
00	latency	8130020000	139019
00	latency	8160020000	143036
00	latency	8190020000	87506
00	latency	8220020000	140690
00	latency	8250020000	57331
00	latency	8280020000	64533
00	latency	8310020000	157016
00	latency	8340020000	79410
00	latency	8370020000	153592
00	latency	8400020000	125534
00	latency	8430020000	131549
00	latency	8460020000	112467
00	latency	8490020000	142529
00	latency	8520020000	109133
00	latency	8550020000	147639
00	latency	8580020000	151656
00	latency	8610020000	157436
00	latency	8640020000	47058
00	latency	8670020000	61926
00	latency	8700020000	74938
00	latency	8730020000	124190
00	latency	8760020000	53419
00	latency	8790020000	134893
00	latency	8820020000	141375
00	latency	8850020000	59010
00	latency	8880020000	45856
00	latency	8910020000	85029
00	latency	8940020000	117888
00	latency	8970020000	167821
00	latency	9000020000	157554
00	latency	9030020000	167069
00	latency	9060020000	147156
00	latency	9090020000	49939
00	latency	9120020000	120292
00	latency	9150020000	113508
00	latency	9180020000	149423
00	latency	9210020000	63505
00	latency	9240020000	95644
00	latency	9270020000	86270
00	latency	9300020000	142655
00	latency	9330020000	115712
00	latency	9360020000	59765
00	latency	9390020000	157032
00	latency	9420020000	140318
00	latency	9450020000	163772
00	latency	9480020000	130471
00	latency	9510020000	101978
00	latency	9540020000	139814
00	latency	9570020000	134258
00	latency	9600020000	140695
00	latency	9630020000	66895
00	latency	9660020000	139650
00	latency	9690020000	69010
00	latency	9720020000	154618
00	latency	9750020000	54994
00	latency	9780020000	155169
00	latency	9810020000	133987
00	latency	9840020000	84238
00	latency	9870020000	162151
00	latency	9900020000	157355
00	latency	9930020000	62765
00	latency	9960020000	77056
00	latency	9990020000	163287
00	latency	10020020000	48824028
00	latency	10050020000	18824028
00	latency	10080020000	86769
00	latency	10110020000	142665
00	latency	10140020000	183747
00	latency	10170020000	155978
00	latency	10200020000	86241
00	latency	10230020000	100298
00	latency	10260020000	159934
00	latency	10290020000	225030
00	latency	10320020000	144968
00	latency	10350020000	148007
00	latency	10380020000	99475
00	latency	10410020000	182301
00	latency	10440020000	166315
00	latency	10470020000	132826
00	latency	10500020000	155450
00	latency	10530020000	191602
00	latency	10560020000	94835
00	latency	10590020000	111177
00	latency	10620020000	167564
00	latency	10650020000	119725
00	latency	10680020000	203008
00	latency	10710020000	149044
00	latency	10740020000	190852
00	latency	10770020000	92251
00	latency	10800020000	185261
00	latency	10830020000	115744
00	latency	10860020000	216274
00	latency	10890020000	177749
00	latency	10920020000	83029
00	latency	10950020000	152592
00	latency	10980020000	106434
00	latency	11010020000	168965
00	latency	11040020000	179594
00	latency	11070020000	136341
00	latency	11100020000	113235
00	latency	11130020000	183239
00	latency	11160020000	181592
00	latency	11190020000	161769
00	latency	11220020000	106125
00	latency	11250020000	191458
00	latency	11280020000	82906
00	latency	11310020000	182145
00	latency	11340020000	188366
00	latency	11370020000	224560
00	latency	11400020000	155829
00	latency	11430020000	176925
00	latency	11460020000	137995
00	latency	11490020000	145521
00	latency	11520020000	195429
00	latency	11550020000	167201
00	latency	11580020000	155594
00	latency	11610020000	210148
00	latency	11640020000	202051
00	latency	11670020000	158424
00	latency	11700020000	134351
00	latency	11730020000	146893
00	latency	11760020000	221076
00	latency	11790020000	214475
00	latency	11820020000	131153
00	latency	11850020000	168194
00	latency	11880020000	191329
00	latency	11910020000	182017
00	latency	11940020000	164213
00	latency	11970020000	191666
00	latency	12000020000	194257
00	latency	12030020000	93921
00	latency	12060020000	140349
00	latency	12090020000	99383
00	latency	12120020000	133206
00	latency	12150020000	130371
00	latency	12180020000	137211
00	latency	12210020000	191132
00	latency	12240020000	140391
00	latency	12270020000	91652
00	latency	12300020000	106413
00	latency	12330020000	173552
00	latency	12360020000	149646
00	latency	12390020000	158129
00	latency	12420020000	227208
00	latency	12450020000	177247
00	latency	12480020000	83822
00	latency	12510020000	162516
00	latency	12540020000	200840
00	latency	12570020000	164115
00	latency	12600020000	199465
00	latency	12630020000	173157
00	latency	12660020000	163416
00	latency	12690020000	90858
00	latency	12720020000	139500
00	latency	12750020000	100768
00	latency	12780020000	202175
00	latency	12810020000	186083
00	latency	12840020000	147897
00	latency	12870020000	94275
00	latency	12900020000	126781
00	latency	12930020000	141513
00	latency	12960020000	201216
00	latency	12990020000	184140
00	latency	13020020000	167197
00	latency	13050020000	135319
00	latency	13080020000	187870
00	latency	13110020000	217892
00	latency	13140020000	127679
00	latency	13170020000	205857
00	latency	13200020000	124164
00	latency	13230020000	214371
00	latency	13260020000	170519
00	latency	13290020000	179842
00	latency	13320020000	182622
00	latency	13350020000	163508
00	latency	13380020000	179702
00	latency	13410020000	133781
00	latency	13440020000	199960
00	latency	13470020000	159896
00	latency	13500020000	159961
00	latency	13530020000	182600
00	latency	13560020000	175088
00	latency	13590020000	208641
00	latency	13620020000	167638
00	latency	13650020000	127787
00	latency	13680020000	95715
00	latency	13710020000	132695
00	latency	13740020000	120453
00	latency	13770020000	148922
00	latency	13800020000	165479
00	latency	13830020000	212469
00	latency	13860020000	81884
00	latency	13890020000	102372
00	latency	13920020000	99848
00	latency	13950020000	186385
00	latency	13980020000	229558
00	latency	14010020000	141359
00	latency	14040020000	120229
00	latency	14070020000	100809
00	latency	14100020000	203846
00	latency	14130020000	171499
00	latency	14160020000	195872
00	latency	14190020000	220507
00	latency	14220020000	136975
00	latency	14250020000	219891
00	latency	14280020000	162001
00	latency	14310020000	216826
00	latency	14340020000	87702
00	latency	14370020000	143543
00	latency	14400020000	128135
00	latency	14430020000	165139
00	latency	14460020000	181933
00	latency	14490020000	202313
00	latency	14520020000	102357
00	latency	14550020000	88738
00	latency	14580020000	125173
00	latency	14610020000	140517
00	latency	14640020000	140043
00	latency	14670020000	132977
00	latency	14700020000	110839
00	latency	14730020000	211956
00	latency	14760020000	119705
00	latency	14790020000	165811
00	latency	14820020000	97405
00	latency	14850020000	153813
00	latency	14880020000	211514
00	latency	14910020000	110820
00	latency	14940020000	164754
00	latency	14970020000	180732
00	latency	15000020000	164837
00	latency	15030020000	107111
00	latency	15060020000	193965
00	latency	15090020000	199564
00	latency	15120020000	146317
00	latency	15150020000	93652
00	latency	15180020000	198907
00	latency	15210020000	188629
00	latency	15240020000	91080
00	latency	15270020000	90620
00	latency	15300020000	208159
00	latency	15330020000	197578
00	latency	15360020000	197179
00	latency	15390020000	147063
00	latency	15420020000	157866
00	latency	15450020000	140382
00	latency	15480020000	101760
00	latency	15510020000	180307
00	latency	15540020000	209990
00	latency	15570020000	104729
00	latency	15600020000	129386
00	latency	15630020000	142604
00	latency	15660020000	109692
00	latency	15690020000	123025
00	latency	15720020000	203074
00	latency	15750020000	197776
00	latency	15780020000	182508
00	latency	15810020000	221202
00	latency	15840020000	121783
00	latency	15870020000	189318
00	latency	15900020000	209590
00	latency	15930020000	213041
00	latency	15960020000	199284
00	latency	15990020000	184167
00	latency	16020020000	174376
00	latency	16050020000	158575
00	latency	16080020000	174050
00	latency	16110020000	195100
00	latency	16140020000	165012
00	latency	16170020000	137594
00	latency	16200020000	179787
00	latency	16230020000	174345
00	latency	16260020000	123685
00	latency	16290020000	189057
00	latency	16320020000	210640
00	latency	16350020000	150300
00	latency	16380020000	91788
00	latency	16410020000	159605
00	latency	16440020000	101081
00	latency	16470020000	160107
00	latency	16500020000	142767
00	latency	16530020000	100832
00	latency	16560020000	166549
00	latency	16590020000	149609
00	latency	16620020000	193045
00	latency	16650020000	198994
00	latency	16680020000	240625
00	latency	16710020000	199028
00	latency	16740020000	159649
00	latency	16770020000	172130
00	latency	16800020000	207853
00	latency	16830020000	205184
00	latency	16860020000	137889
00	latency	16890020000	131188
00	latency	16920020000	198839
00	latency	16950020000	146516
00	latency	16980020000	117476
00	latency	17010020000	172417
00	latency	17040020000	121697
00	latency	17070020000	190763
00	latency	17100020000	178537
00	latency	17130020000	179349
00	latency	17160020000	125413
00	latency	17190020000	193790
00	latency	17220020000	149058
00	latency	17250020000	203201
00	latency	17280020000	85382
00	latency	17310020000	226735
00	latency	17340020000	146527
00	latency	17370020000	160926
00	latency	17400020000	197022
00	latency	17430020000	148108
00	latency	17460020000	190588
00	latency	17490020000	206586
00	latency	17520020000	125571
00	latency	17550020000	218489
00	latency	17580020000	158187
00	latency	17610020000	208792
00	latency	17640020000	101063
00	latency	17670020000	148460
00	latency	17700020000	132833
00	latency	17730020000	170869
00	latency	17760020000	93227
00	latency	17790020000	102036
00	latency	17820020000	149613
00	latency	17850020000	145747
00	latency	17880020000	123664
00	latency	17910020000	170374
00	latency	17940020000	205822
00	latency	17970020000	169863
00	latency	18000020000	184371
00	latency	18030020000	113593
00	latency	18060020000	93129
00	latency	18090020000	207411
00	latency	18120020000	195471
00	latency	18150020000	186518
00	latency	18180020000	197625
00	latency	18210020000	167959
00	latency	18240020000	128555
00	latency	18270020000	131603
00	latency	18300020000	98229
00	latency	18330020000	226838
00	latency	18360020000	113764
00	latency	18390020000	204802
00	latency	18420020000	159309
00	latency	18450020000	141435
00	latency	18480020000	190144
00	latency	18510020000	105990
00	latency	18540020000	123211
00	latency	18570020000	186379
00	latency	18600020000	199088
00	latency	18630020000	130196
00	latency	18660020000	143216
00	latency	18690020000	180397
00	latency	18720020000	209534
00	latency	18750020000	141355
00	latency	18780020000	184548
00	latency	18810020000	184783
00	latency	18840020000	186116
00	latency	18870020000	102277
00	latency	18900020000	190328
00	latency	18930020000	98776
00	latency	18960020000	183828
00	latency	18990020000	99716
00	latency	19020020000	152538
00	latency	19050020000	196301
00	latency	19080020000	135835
00	latency	19110020000	120943
00	latency	19140020000	180170
00	latency	19170020000	172897
00	latency	19200020000	155290
00	latency	19230020000	172890
00	latency	19260020000	161882
00	latency	19290020000	211309
00	latency	19320020000	142033
00	latency	19350020000	105334
00	latency	19380020000	96536
00	latency	19410020000	158080
00	latency	19440020000	134953
00	latency	19470020000	91026
00	latency	19500020000	108169
00	latency	19530020000	115051
00	latency	19560020000	100233
00	latency	19590020000	137577
00	latency	19620020000	140329
00	latency	19650020000	87829
00	latency	19680020000	84699
00	latency	19710020000	158426
00	latency	19740020000	130016
00	latency	19770020000	199980
00	latency	19800020000	188898
00	latency	19830020000	181688
00	latency	19860020000	204738
00	latency	19890020000	122750
00	latency	19920020000	215088
00	latency	19950020000	163474
00	latency	19980020000	157582
00	latency	20010020000	737875
00	latency	20040020000	678971
00	latency	20070020000	314171
00	latency	20100020000	505419
00	latency	20130020000	537862
00	latency	20160020000	163826
00	latency	20190020000	108502
00	latency	20220020000	138375
00	latency	20250020000	68096
00	latency	20280020000	121131
00	latency	20310020000	88300
00	latency	20340020000	151447
00	latency	20370020000	119027
00	latency	20400020000	98428
00	latency	20430020000	135448
00	latency	20460020000	170787
00	latency	20490020000	139146
00	latency	20520020000	156963
00	latency	20550020000	85976
00	latency	20580020000	131162
00	latency	20610020000	155300
00	latency	20640020000	168754
00	latency	20670020000	86856
00	latency	20700020000	165371
00	latency	20730020000	68151
00	latency	20760020000	93742
00	latency	20790020000	61726
00	latency	20820020000	169887
00	latency	20850020000	144884
00	latency	20880020000	49721
00	latency	20910020000	148105
00	latency	20940020000	46448
00	latency	20970020000	56670
00	latency	21000020000	151409
00	latency	21030020000	120136
00	latency	21060020000	164321
00	latency	21090020000	57386
00	latency	21120020000	127193
00	latency	21150020000	47932
00	latency	21180020000	165857
00	latency	21210020000	148592
00	latency	21240020000	114138
00	latency	21270020000	94564
00	latency	21300020000	163717
00	latency	21330020000	150739
00	latency	21360020000	122666
00	latency	21390020000	98223
00	latency	21420020000	60901
00	latency	21450020000	153943
00	latency	21480020000	139738
00	latency	21510020000	78450
00	latency	21540020000	163962
00	latency	21570020000	141566
00	latency	21600020000	99294
00	latency	21630020000	122966
00	latency	21660020000	100843
00	latency	21690020000	48196
00	latency	21720020000	106936
00	latency	21750020000	142741
00	latency	21780020000	168798
00	latency	21810020000	154698
00	latency	21840020000	137587
00	latency	21870020000	122731
00	latency	21900020000	48626
00	latency	21930020000	134740
00	latency	21960020000	132502
00	latency	21990020000	134561
00	latency	22020020000	132832
00	latency	22050020000	68613
00	latency	22080020000	43841
00	latency	22110020000	151764
00	latency	22140020000	97120
00	latency	22170020000	153445
00	latency	22200020000	73493
00	latency	22230020000	121258
00	latency	22260020000	144039
00	latency	22290020000	79268
00	latency	22320020000	95661
00	latency	22350020000	121417
00	latency	22380020000	160034
00	latency	22410020000	152441
00	latency	22440020000	154531
00	latency	22470020000	124305
00	latency	22500020000	142337
00	latency	22530020000	109101
00	latency	22560020000	152881
00	latency	22590020000	71545
00	latency	22620020000	90977
00	latency	22650020000	125962
00	latency	22680020000	102092
00	latency	22710020000	163202
00	latency	22740020000	93044
00	latency	22770020000	96710
00	latency	22800020000	57215
00	latency	22830020000	61821
00	latency	22860020000	122995
00	latency	22890020000	106596
00	latency	22920020000	64727
00	latency	22950020000	155871
00	latency	22980020000	64810
00	latency	23010020000	57660
00	latency	23040020000	137086
00	latency	23070020000	143923
00	latency	23100020000	172020
00	latency	23130020000	94865
00	latency	23160020000	59141
00	latency	23190020000	140464
00	latency	23220020000	157343
00	latency	23250020000	97332
00	latency	23280020000	51225
00	latency	23310020000	80487
00	latency	23340020000	145170
00	latency	23370020000	153667
00	latency	23400020000	74033
00	latency	23430020000	78751
00	latency	23460020000	78012
00	latency	23490020000	100943
00	latency	23520020000	60920
00	latency	23550020000	60707
00	latency	23580020000	78376
00	latency	23610020000	73958
00	latency	23640020000	107688
00	latency	23670020000	155348
00	latency	23700020000	122039
00	latency	23730020000	127217
00	latency	23760020000	43232
00	latency	23790020000	108491
00	latency	23820020000	124839
00	latency	23850020000	157690
00	latency	23880020000	140453
00	latency	23910020000	137876
00	latency	23940020000	121965
00	latency	23970020000	135897
00	latency	24000020000	153075
00	latency	24030020000	145604
00	latency	24060020000	149290
00	latency	24090020000	132598
00	latency	24120020000	100545
00	latency	24150020000	145755
00	latency	24180020000	46123
00	latency	24210020000	89460
00	latency	24240020000	141134
00	latency	24270020000	155839
00	latency	24300020000	147890
00	latency	24330020000	139954
00	latency	24360020000	68505
00	latency	24390020000	47570
00	latency	24420020000	68408
00	latency	24450020000	144353
00	latency	24480020000	134068
00	latency	24510020000	87138
00	latency	24540020000	133242
00	latency	24570020000	62528
00	latency	24600020000	72227
00	latency	24630020000	153550
00	latency	24660020000	70462
00	latency	24690020000	69975
00	latency	24720020000	44991
00	latency	24750020000	128005
00	latency	24780020000	115817
00	latency	24810020000	42269
00	latency	24840020000	40079
00	latency	24870020000	147512
00	latency	24900020000	162178
00	latency	24930020000	80521
00	latency	24960020000	142471
00	latency	24990020000	150767
00	latency	25020020000	145543
00	latency	25050020000	65956
00	latency	25080020000	90731
00	latency	25110020000	110254
00	latency	25140020000	58271
00	latency	25170020000	98245
00	latency	25200020000	48243
00	latency	25230020000	44838
00	latency	25260020000	152072
00	latency	25290020000	126175
00	latency	25320020000	136429
00	latency	25350020000	98755
00	latency	25380020000	108887
00	latency	25410020000	118540
00	latency	25440020000	69423
00	latency	25470020000	83510
00	latency	25500020000	132841
00	latency	25530020000	161806
00	latency	25560020000	102130
00	latency	25590020000	120466
00	latency	25620020000	133446
00	latency	25650020000	122728
00	latency	25680020000	58976
00	latency	25710020000	163304
00	latency	25740020000	42002
00	latency	25770020000	49851
00	latency	25800020000	91842
00	latency	25830020000	166746
00	latency	25860020000	126504
00	latency	25890020000	113339
00	latency	25920020000	156978
00	latency	25950020000	112474
00	latency	25980020000	135707
00	latency	26010020000	86910
00	latency	26040020000	160839
00	latency	26070020000	151148
00	latency	26100020000	147576
00	latency	26130020000	78862
00	latency	26160020000	155536
00	latency	26190020000	53797
00	latency	26220020000	141651
00	latency	26250020000	115560
00	latency	26280020000	84035
00	latency	26310020000	94479
00	latency	26340020000	116677
00	latency	26370020000	151256
00	latency	26400020000	147034
00	latency	26430020000	155349
00	latency	26460020000	156773
00	latency	26490020000	157822
00	latency	26520020000	44123
00	latency	26550020000	149333
00	latency	26580020000	89606
00	latency	26610020000	137261
00	latency	26640020000	49894
00	latency	26670020000	45484
00	latency	26700020000	61242
00	latency	26730020000	169569
00	latency	26760020000	77102
00	latency	26790020000	153569
00	latency	26820020000	162906
00	latency	26850020000	158835
00	latency	26880020000	140454
00	latency	26910020000	66267
00	latency	26940020000	137746
00	latency	26970020000	81054
00	latency	27000020000	130232
00	latency	27030020000	122971
00	latency	27060020000	161637
00	latency	27090020000	63950
00	latency	27120020000	82733
00	latency	27150020000	52641
00	latency	27180020000	165076
00	latency	27210020000	77473
00	latency	27240020000	100881
00	latency	27270020000	71635
00	latency	27300020000	156309
00	latency	27330020000	86102
00	latency	27360020000	142902
00	latency	27390020000	107715
00	latency	27420020000	93957
00	latency	27450020000	54842
00	latency	27480020000	77582
00	latency	27510020000	137042
00	latency	27540020000	140708
00	latency	27570020000	168267
00	latency	27600020000	104404
00	latency	27630020000	145867
00	latency	27660020000	83808
00	latency	27690020000	137488
00	latency	27720020000	77419
00	latency	27750020000	103188
00	latency	27780020000	91245
00	latency	27810020000	71388
00	latency	27840020000	89678
00	latency	27870020000	82964
00	latency	27900020000	93273
00	latency	27930020000	68876
00	latency	27960020000	123378
00	latency	27990020000	83646
00	latency	28020020000	144918
00	latency	28050020000	78585
00	latency	28080020000	148368
00	latency	28110020000	140818
00	latency	28140020000	156534
00	latency	28170020000	64205
00	latency	28200020000	143199
00	latency	28230020000	90538
00	latency	28260020000	156554
00	latency	28290020000	47026
00	latency	28320020000	140476
00	latency	28350020000	148097
00	latency	28380020000	139030
00	latency	28410020000	67502
00	latency	28440020000	107341
00	latency	28470020000	144335
00	latency	28500020000	172061
00	latency	28530020000	65656
00	latency	28560020000	59147
00	latency	28590020000	141586
00	latency	28620020000	41710
00	latency	28650020000	111982
00	latency	28680020000	138990
00	latency	28710020000	155148
00	latency	28740020000	95720
00	latency	28770020000	151698
00	latency	28800020000	44296
00	latency	28830020000	162153
00	latency	28860020000	147077
00	latency	28890020000	134269
00	latency	28920020000	45850
00	latency	28950020000	162625
00	latency	28980020000	121078
00	latency	29010020000	88433
00	latency	29040020000	98757
00	latency	29070020000	66934
00	latency	29100020000	123748
00	latency	29130020000	73791
00	latency	29160020000	72783
00	latency	29190020000	104837
00	latency	29220020000	151963
00	latency	29250020000	43148
00	latency	29280020000	165284
00	latency	29310020000	166081
00	latency	29340020000	148830
00	latency	29370020000	163387
00	latency	29400020000	115140
00	latency	29430020000	54804
00	latency	29460020000	71987
00	latency	29490020000	78134
00	latency	29520020000	65356
00	latency	29550020000	157128
00	latency	29580020000	57517
00	latency	29610020000	68022
00	latency	29640020000	115516
00	latency	29670020000	145480
00	latency	29700020000	53548
00	latency	29730020000	60676
00	latency	29760020000	68063
00	latency	29790020000	80056
00	latency	29820020000	53458
00	latency	29850020000	77131
00	latency	29880020000	143789
00	latency	29910020000	69588
00	latency	29940020000	61162
00	latency	29970020000	57869

00	redistr	10000068800	10000000
00	redistr	20000190120	10000000
00	redistr	20000587529	10000000
00	redistr	20001476059	10000000
00	redistr	20001815401	10000000
00	redistr	20002602381	10000000
00	redistr	20002936289	10000000
00	redistr	20003734799	10000000
00	redistr	20004056471	10000000
00	redistr	20004875019	10000000
00	redistr	20005221900	10000000
00	redistr	20006063750	10000000
00	redistr	20006406564	10000000
00	redistr	20007285885	10000000
00	redistr	20007600556	10000000
00	redistr	20008451423	10000000
00	redistr	20008784975	10000000
00	redistr	20009555528	10000000
00	redistr	20009872195	10000000
00	redistr	20010758573	10000000
00	redistr	20011078924	10000000
00	redistr	20011971692	10000000
00	redistr	20012293953	10000000
00	redistr	20013090089	10000000
00	redistr	20013410409	10000000
00	redistr	20014229907	10000000
00	redistr	20014537252	10000000
00	redistr	20015364184	10000000
00	redistr	20015682561	10000000
00	redistr	20016526055	10000000
00	redistr	20016852197	10000000
00	redistr	20017680653	10000000
00	redistr	20018024041	10000000
00	redistr	20018874189	10000000
00	redistr	20019188462	10000000
00	redistr	20019927457	10000000
00	redistr	20020253763	10000000
00	redistr	20021023619	10000000
00	redistr	20021335470	10000000
00	redistr	20022095067	10000000
00	redistr	20022416929	10000000
00	redistr	20023208444	10000000
00	redistr	20023529212	10000000
00	redistr	20024397799	10000000
00	redistr	20024703391	10000000
00	redistr	20025539057	10000000
00	redistr	20025859924	10000000
00	redistr	20026715132	10000000
00	redistr	20027022510	10000000
00	redistr	20027923095	10000000
00	redistr	20028232495	10000000
00	redistr	20029052139	10000000
00	redistr	20029351032	10000000
00	redistr	20030099607	10000000
00	redistr	20030393420	10000000
00	redistr	20031121546	10000000
00	redistr	20031403064	10000000
00	redistr	20032132895	10000000
00	redistr	20032427460	10000000
00	redistr	20033265233	10000000
00	redistr	20033575809	10000000
00	redistr	20034292293	10000000
00	redistr	20034585938	10000000
00	redistr	20035458619	10000000
00	redistr	20035768411	10000000
00	redistr	20036514576	10000000
00	redistr	20036821739	10000000
00	redistr	20037569864	10000000
00	redistr	20037871304	10000000
00	redistr	20038637176	10000000
00	redistr	20038939695	10000000
00	redistr	20039710184	10000000
00	redistr	20040011878	10000000
00	redistr	20040699458	10000000
00	redistr	20041006110	10000000
00	redistr	20041799826	10000000
00	redistr	20042127738	10000000
00	redistr	20042869659	10000000
00	redistr	20043172492	10000000
00	redistr	20043881758	10000000
00	redistr	20044179941	10000000
00	redistr	20044990916	10000000
00	redistr	20045292505	10000000
00	redistr	20046079546	10000000
00	redistr	20046409437	10000000
00	redistr	20047277219	10000000
00	redistr	20047594996	10000000
00	redistr	20048465713	10000000
00	redistr	20048790252	10000000
00	redistr	20049537944	10000000
00	redistr	20049852693	10000000
00	redistr	20050744364	10000000
00	redistr	20051054499	10000000
00	redistr	20051870800	10000000
00	redistr	20052183004	10000000
00	redistr	20052934147	10000000
00	redistr	20053259322	10000000
00	redistr	20054212343	10000000
00	redistr	20054515600	10000000
00	redistr	20055373126	10000000
00	redistr	20055715083	10000000
00	redistr	20056504828	10000000
00	redistr	20056818262	10000000
00	redistr	20057766206	10000000
00	redistr	20058119044	10000000
00	redistr	20058892869	10000000
00	redistr	20059205019	10000000
00	redistr	20059941237	10000000
00	redistr	20060256247	10000000
00	redistr	20061118529	10000000
00	redistr	20061435667	10000000
00	redistr	20062187410	10000000
00	redistr	20062511644	10000000
00	redistr	20063313986	10000000
00	redistr	20063616643	10000000
00	redistr	20064451236	10000000
00	redistr	20064764475	10000000
00	redistr	20065589710	10000000
00	redistr	20065906754	10000000
00	redistr	20066662796	10000000
00	redistr	20066983702	10000000
00	redistr	20067907785	10000000
00	redistr	20068217153	10000000
00	redistr	20068968063	10000000
00	redistr	20069264149	10000000
00	redistr	20070015533	10000000
00	redistr	20070334542	10000000
00	redistr	20071073803	10000000
00	redistr	20071406353	10000000
00	redistr	20072194599	10000000
00	redistr	20072468197	10000000
00	redistr	20073252640	10000000
00	redistr	20073567678	10000000
00	redistr	20074400470	10000000
00	redistr	20074704471	10000000
00	redistr	20075575930	10000000
00	redistr	20075864879	10000000
00	redistr	20076634328	10000000
00	redistr	20076947482	10000000
00	redistr	20077730786	10000000
00	redistr	20078082028	10000000
00	redistr	20078983311	10000000
00	redistr	20079279798	10000000
00	redistr	20079993843	10000000
00	redistr	20080345276	10000000
00	redistr	20081121922	10000000
00	redistr	20081446608	10000000
00	redistr	20082402134	10000000
00	redistr	20082708027	10000000
00	redistr	20083443769	10000000
00	redistr	20083753915	10000000
00	redistr	20084544405	10000000
00	redistr	20084868229	10000000
00	redistr	20085661405	10000000
00	redistr	20085994251	10000000
00	redistr	20086797843	10000000
00	redistr	20087108552	10000000
00	redistr	20087967054	10000000
00	redistr	20088284941	10000000
00	redistr	20089033651	10000000
00	redistr	20089346393	10000000
00	redistr	20090193444	10000000
00	redistr	20090503059	10000000
00	redistr	20091338244	10000000
00	redistr	20091648687	10000000
00	redistr	20092510484	10000000
00	redistr	20092814162	10000000
00	redistr	20093538993	10000000
00	redistr	20093880096	10000000
00	redistr	20094752023	10000000
00	redistr	20095049848	10000000
00	redistr	20095864962	10000000
00	redistr	20096183740	10000000
00	redistr	20096998984	10000000
00	redistr	20097292260	10000000
00	redistr	20098218719	10000000
00	redistr	20098536503	10000000
00	redistr	20099304739	10000000
00	redistr	20099613200	10000000
00	redistr	20100526664	10000000
00	redistr	20100820462	10000000
00	redistr	20101613008	10000000
00	redistr	20101915281	10000000
00	redistr	20102775055	10000000
00	redistr	20103098818	10000000
00	redistr	20103826865	10000000
00	redistr	20104131287	10000000
00	redistr	20105139858	10000000
00	redistr	20105430858	10000000
00	redistr	20106200859	10000000
00	redistr	20106502622	10000000
00	redistr	20107315962	10000000
00	redistr	20107635031	10000000
00	redistr	20108448495	10000000
00	redistr	20108758071	10000000
00	redistr	20109541851	10000000
00	redistr	20109854691	10000000
00	redistr	20110730339	10000000
00	redistr	20111032813	10000000
00	redistr	20111813810	10000000
00	redistr	20112137453	10000000
00	redistr	20113050085	10000000
00	redistr	20113335659	10000000
00	redistr	20114066512	10000000
00	redistr	20114388380	10000000
00	redistr	20115198332	10000000
00	redistr	20115525023	10000000
00	redistr	20116264947	10000000
00	redistr	20116584497	10000000
00	redistr	20117358066	10000000
00	redistr	20117670381	10000000
00	redistr	20118580090	10000000
00	redistr	20118867248	10000000
00	redistr	20119653348	10000000
00	redistr	20119950473	10000000
00	redistr	20120754978	10000000
00	redistr	20121050086	10000000
00	redistr	20121801143	10000000
00	redistr	20122150343	10000000
00	redistr	20122993511	10000000
00	redistr	20123268544	10000000
00	redistr	20123990369	10000000
00	redistr	20124312758	10000000
00	redistr	20125259208	10000000
00	redistr	20125557430	10000000
00	redistr	20126342068	10000000
00	redistr	20126677132	10000000
00	redistr	20127378288	10000000
00	redistr	20127667032	10000000
00	redistr	20128436881	10000000
00	redistr	20128716350	10000000
00	redistr	20129446134	10000000
00	redistr	20129717776	10000000
00	redistr	20130558542	10000000
00	redistr	20130856904	10000000
00	redistr	20131614677	10000000
00	redistr	20131925018	10000000
00	redistr	20132649000	10000000
00	redistr	20132966272	10000000
00	redistr	20133846266	10000000
00	redistr	20134157148	10000000
00	redistr	20135013732	10000000
00	redistr	20135334827	10000000
00	redistr	20136165465	10000000
00	redistr	20136448605	10000000
00	redistr	20137155480	10000000
00	redistr	20137423634	10000000
00	redistr	20138330022	10000000
00	redistr	20138610961	10000000
00	redistr	20139335323	10000000
00	redistr	20139611622	10000000
00	redistr	20140306232	10000000
00	redistr	20140584520	10000000
00	redistr	20141527829	10000000
00	redistr	20141808200	10000000
00	redistr	20142534144	10000000
00	redistr	20142823923	10000000
