args: Args { inner: ["target/release/examples/word_count", "10", "100000", "80000", "open-loop", "-n", "2", "-p", "1", "-w", "1"] }
rounds: 10, batch: 100000, keys: 80000, open_loop: true
worker 00:	35433	118695	443418	29851355	(of 1500000 measurements)
00	latency	20000	799137
00	latency	30020000	393844
00	latency	60020000	522429
00	latency	90020000	583320
00	latency	120020000	391734
00	latency	150020000	350562
00	latency	180020000	479043
00	latency	210020000	372857
00	latency	240020000	544588
00	latency	270020000	553772
00	latency	300020000	570930
00	latency	330020000	397937
00	latency	360020000	319505
00	latency	390020000	367009
00	latency	420020000	212100
00	latency	450020000	397368
00	latency	480020000	414506
00	latency	510020000	222840
00	latency	540020000	575028
00	latency	570020000	466052
00	latency	600020000	344700
00	latency	630020000	354307
00	latency	660020000	379025
00	latency	690020000	136076
00	latency	720020000	74660
00	latency	750020000	177308
00	latency	780020000	100300
00	latency	810020000	104415
00	latency	840020000	134555
00	latency	870020000	41510
00	latency	900020000	38810
00	latency	930020000	164211
00	latency	960020000	94232
00	latency	990020000	101647
00	latency	1020020000	143291
00	latency	1050020000	72040
00	latency	1080020000	62710
00	latency	1110020000	66430
00	latency	1140020000	72279
00	latency	1170020000	42328
00	latency	1200020000	72310
00	latency	1230020000	43741
00	latency	1260020000	87139
00	latency	1290020000	160524
00	latency	1320020000	132664
00	latency	1350020000	61154
00	latency	1380020000	161590
00	latency	1410020000	58718
00	latency	1440020000	117512
00	latency	1470020000	40190
00	latency	1500020000	43644
00	latency	1530020000	101519
00	latency	1560020000	114507
00	latency	1590020000	170129
00	latency	1620020000	136980
00	latency	1650020000	163226
00	latency	1680020000	76411
00	latency	1710020000	104686
00	latency	1740020000	138300
00	latency	1770020000	118199
00	latency	1800020000	59585
00	latency	1830020000	130919
00	latency	1860020000	68777
00	latency	1890020000	159507
00	latency	1920020000	121991
00	latency	1950020000	144878
00	latency	1980020000	150300
00	latency	2010020000	131060
00	latency	2040020000	46977
00	latency	2070020000	65124
00	latency	2100020000	86317
00	latency	2130020000	37004
00	latency	2160020000	37305
00	latency	2190020000	127225
00	latency	2220020000	70153
00	latency	2250020000	161065
00	latency	2280020000	41531
00	latency	2310020000	145854
00	latency	2340020000	52671
00	latency	2370020000	46629
00	latency	2400020000	161282
00	latency	2430020000	51864
00	latency	2460020000	150116
00	latency	2490020000	67896
00	latency	2520020000	108992
00	latency	2550020000	41090
00	latency	2580020000	136772
00	latency	2610020000	130142
00	latency	2640020000	176067
00	latency	2670020000	164655
00	latency	2700020000	145838
00	latency	2730020000	144071
00	latency	2760020000	95681
00	latency	2790020000	69383
00	latency	2820020000	152283
00	latency	2850020000	56446
00	latency	2880020000	162655
00	latency	2910020000	149524
00	latency	2940020000	148684
00	latency	2970020000	111202
00	latency	3000020000	76320
00	latency	3030020000	140356
00	latency	3060020000	139295
00	latency	3090020000	146504
00	latency	3120020000	68072
00	latency	3150020000	114772
00	latency	3180020000	39049
00	latency	3210020000	152307
00	latency	3240020000	77289
00	latency	3270020000	48543
00	latency	3300020000	133669
00	latency	3330020000	137686
00	latency	3360020000	44619
00	latency	3390020000	43981
00	latency	3420020000	138850
00	latency	3450020000	164097
00	latency	3480020000	46735
00	latency	3510020000	40162
00	latency	3540020000	142437
00	latency	3570020000	80204
00	latency	3600020000	96711
00	latency	3630020000	116024
00	latency	3660020000	69574
00	latency	3690020000	168420
00	latency	3720020000	70082
00	latency	3750020000	60701
00	latency	3780020000	162918
00	latency	3810020000	105990
00	latency	3840020000	48343
00	latency	3870020000	89183
00	latency	3900020000	98195
00	latency	3930020000	37243
00	latency	3960020000	56794
00	latency	3990020000	96094
00	latency	4020020000	53854
00	latency	4050020000	36288
00	latency	4080020000	137327
00	latency	4110020000	54613
00	latency	4140020000	48887
00	latency	4170020000	105050
00	latency	4200020000	57819
00	latency	4230020000	54182
00	latency	4260020000	87969
00	latency	4290020000	60354
00	latency	4320020000	54853
00	latency	4350020000	127322
00	latency	4380020000	144081
00	latency	4410020000	150043
00	latency	4440020000	60705
00	latency	4470020000	53433
00	latency	4500020000	137581
00	latency	4530020000	62785
00	latency	4560020000	51302
00	latency	4590020000	66372
00	latency	4620020000	145301
00	latency	4650020000	148163
00	latency	4680020000	148948
00	latency	4710020000	46178
00	latency	4740020000	64668
00	latency	4770020000	145684
00	latency	4800020000	141772
00	latency	4830020000	122635
00	latency	4860020000	59039
00	latency	4890020000	43712
00	latency	4920020000	113341
00	latency	4950020000	113034
00	latency	4980020000	159014
00	latency	5010020000	61112
00	latency	5040020000	153134
00	latency	5070020000	91265
00	latency	5100020000	139311
00	latency	5130020000	154017
00	latency	5160020000	145837
00	latency	5190020000	113159
00	latency	5220020000	72487
00	latency	5250020000	59393
00	latency	5280020000	47629
00	latency	5310020000	131650
00	latency	5340020000	58625
00	latency	5370020000	128889
00	latency	5400020000	55867
00	latency	5430020000	75066
00	latency	5460020000	81094
00	latency	5490020000	130584
00	latency	5520020000	139649
00	latency	5550020000	78461
00	latency	5580020000	67704
00	latency	5610020000	113673
00	latency	5640020000	63102
00	latency	5670020000	62983
00	latency	5700020000	37207
00	latency	5730020000	159339
00	latency	5760020000	159671
00	latency	5790020000	174885
00	latency	5820020000	98449
00	latency	5850020000	106427
00	latency	5880020000	65522
00	latency	5910020000	52933
00	latency	5940020000	39775
00	latency	5970020000	55952
00	latency	6000020000	39146
00	latency	6030020000	46999
00	latency	6060020000	74929
00	latency	6090020000	142661
00	latency	6120020000	126575
00	latency	6150020000	122667
00	latency	6180020000	150904
00	latency	6210020000	78717
00	latency	6240020000	77838
00	latency	6270020000	73811
00	latency	6300020000	61667
00	latency	6330020000	60556
00	latency	6360020000	151399
00	latency	6390020000	148646
00	latency	6420020000	147328
00	latency	6450020000	85617
00	latency	6480020000	59652
00	latency	6510020000	145338
00	latency	6540020000	61968
00	latency	6570020000	57876
00	latency	6600020000	137624
00	latency	6630020000	45181
00	latency	6660020000	149880
00	latency	6690020000	163857
00	latency	6720020000	86793
00	latency	6750020000	46084
00	latency	6780020000	68006
00	latency	6810020000	82903
00	latency	6840020000	67047
00	latency	6870020000	58392
00	latency	6900020000	60864
00	latency	6930020000	69212
00	latency	6960020000	147005
00	latency	6990020000	143366
00	latency	7020020000	47002
00	latency	7050020000	152623
00	latency	7080020000	138461
00	latency	7110020000	100707
00	latency	7140020000	69471
00	latency	7170020000	64717
00	latency	7200020000	84644
00	latency	7230020000	61707
00	latency	7260020000	116977
00	latency	7290020000	168932
00	latency	7320020000	160473
00	latency	7350020000	154941
00	latency	7380020000	52504
00	latency	7410020000	155709
00	latency	7440020000	104677
00	latency	7470020000	69467
00	latency	7500020000	52314
00	latency	7530020000	46801
00	latency	7560020000	44097
00	latency	7590020000	52173
00	latency	7620020000	92598
00	latency	7650020000	51898
00	latency	7680020000	43776
00	latency	7710020000	53667
00	latency	7740020000	143124
00	latency	7770020000	128017
00	latency	7800020000	39937
00	latency	7830020000	123444
00	latency	7860020000	59245
00	latency	7890020000	59688
00	latency	7920020000	163037
00	latency	7950020000	45065
00	latency	7980020000	47854
00	latency	8010020000	97557
00	latency	8040020000	156829
00	latency	8070020000	101172
00	latency	8100020000	72939
00	latency	8130020000	51521
00	latency	8160020000	122394
00	latency	8190020000	43899
00	latency	8220020000	41150
00	latency	8250020000	81583
00	latency	8280020000	42244
00	latency	8310020000	134615
00	latency	8340020000	133857
00	latency	8370020000	115609
00	latency	8400020000	43780
00	latency	8430020000	43753
00	latency	8460020000	52549
00	latency	8490020000	150139
00	latency	8520020000	68977
00	latency	8550020000	63432
00	latency	8580020000	126653
00	latency	8610020000	41148
00	latency	8640020000	67014
00	latency	8670020000	60638
00	latency	8700020000	104131
00	latency	8730020000	54489
00	latency	8760020000	153966
00	latency	8790020000	41931
00	latency	8820020000	152187
00	latency	8850020000	160105
00	latency	8880020000	70767
00	latency	8910020000	153463
00	latency	8940020000	135996
00	latency	8970020000	50783
00	latency	9000020000	46116
00	latency	9030020000	102391
00	latency	9060020000	163324
00	latency	9090020000	106684
00	latency	9120020000	45358
00	latency	9150020000	137240
00	latency	9180020000	66740
00	latency	9210020000	172595
00	latency	9240020000	90950
00	latency	9270020000	156489
00	latency	9300020000	148833
00	latency	9330020000	46742
00	latency	9360020000	62290
00	latency	9390020000	68850
00	latency	9420020000	149683
00	latency	9450020000	146903
00	latency	9480020000	61688
00	latency	9510020000	46745
00	latency	9540020000	152644
00	latency	9570020000	55825
00	latency	9600020000	140527
00	latency	9630020000	58970
00	latency	9660020000	66829
00	latency	9690020000	155258
00	latency	9720020000	70443
00	latency	9750020000	148800
00	latency	9780020000	144994
00	latency	9810020000	67623
00	latency	9840020000	69171
00	latency	9870020000	48874
00	latency	9900020000	124292
00	latency	9930020000	58574
00	latency	9960020000	44455
00	latency	9990020000	50634
00	latency	10020020000	9911355
00	latency	10050020000	133129
00	latency	10080020000	159593
00	latency	10110020000	173833
00	latency	10140020000	137864
00	latency	10170020000	206734
00	latency	10200020000	137380
00	latency	10230020000	152095
00	latency	10260020000	126118
00	latency	10290020000	191196
00	latency	10320020000	88465
00	latency	10350020000	211568
00	latency	10380020000	142614
00	latency	10410020000	171097
00	latency	10440020000	150429
00	latency	10470020000	203849
00	latency	10500020000	106756
00	latency	10530020000	151374
00	latency	10560020000	150736
00	latency	10590020000	149635
00	latency	10620020000	84089
00	latency	10650020000	165176
00	latency	10680020000	172019
00	latency	10710020000	145316
00	latency	10740020000	186510
00	latency	10770020000	132287
00	latency	10800020000	150900
00	latency	10830020000	132476
00	latency	10860020000	99654
00	latency	10890020000	99789
00	latency	10920020000	172517
00	latency	10950020000	65737
00	latency	10980020000	147830
00	latency	11010020000	186199
00	latency	11040020000	157548
00	latency	11070020000	148454
00	latency	11100020000	146500
00	latency	11130020000	185499
00	latency	11160020000	173856
00	latency	11190020000	196811
00	latency	11220020000	189168
00	latency	11250020000	85615
00	latency	11280020000	168024
00	latency	11310020000	112197
00	latency	11340020000	105545
00	latency	11370020000	204841
00	latency	11400020000	141719
00	latency	11430020000	152866
00	latency	11460020000	101162
00	latency	11490020000	137816
00	latency	11520020000	185754
00	latency	11550020000	202205
00	latency	11580020000	99650
00	latency	11610020000	210380
00	latency	11640020000	127505
00	latency	11670020000	174533
00	latency	11700020000	121306
00	latency	11730020000	153020
00	latency	11760020000	145553
00	latency	11790020000	165474
00	latency	11820020000	208153
00	latency	11850020000	145150
00	latency	11880020000	198008
00	latency	11910020000	191363
00	latency	11940020000	187476
00	latency	11970020000	158008
00	latency	12000020000	95727
00	latency	12030020000	192478
00	latency	12060020000	184495
00	latency	12090020000	163472
00	latency	12120020000	87661
00	latency	12150020000	108144
00	latency	12180020000	184245
00	latency	12210020000	175618
00	latency	12240020000	142633
00	latency	12270020000	167856
00	latency	12300020000	147113
00	latency	12330020000	149921
00	latency	12360020000	109009
00	latency	12390020000	114456
00	latency	12420020000	178854
00	latency	12450020000	152980
00	latency	12480020000	99288
00	latency	12510020000	176629
00	latency	12540020000	97316
00	latency	12570020000	156504
00	latency	12600020000	81284
00	latency	12630020000	177935
00	latency	12660020000	212342
00	latency	12690020000	189073
00	latency	12720020000	139925
00	latency	12750020000	152349
00	latency	12780020000	150833
00	latency	12810020000	200585
00	latency	12840020000	180297
00	latency	12870020000	77110
00	latency	12900020000	137560
00	latency	12930020000	147640
00	latency	12960020000	104865
00	latency	12990020000	86808
00	latency	13020020000	215119
00	latency	13050020000	135691
00	latency	13080020000	153884
00	latency	13110020000	140328
00	latency	13140020000	205640
00	latency	13170020000	123887
00	latency	13200020000	192788
00	latency	13230020000	197850
00	latency	13260020000	147696
00	latency	13290020000	186306
00	latency	13320020000	157653
00	latency	13350020000	132070
00	latency	13380020000	136352
00	latency	13410020000	139961
00	latency	13440020000	122503
00	latency	13470020000	94916
00	latency	13500020000	150391
00	latency	13530020000	92142
00	latency	13560020000	108816
00	latency	13590020000	143632
00	latency	13620020000	92825
00	latency	13650020000	98699
00	latency	13680020000	139016
00	latency	13710020000	86385
00	latency	13740020000	85975
00	latency	13770020000	146969
00	latency	13800020000	87518
00	latency	13830020000	101860
00	latency	13860020000	81419
00	latency	13890020000	194679
00	latency	13920020000	149780
00	latency	13950020000	159069
00	latency	13980020000	147925
00	latency	14010020000	146685
00	latency	14040020000	146265
00	latency	14070020000	147121
00	latency	14100020000	109641
00	latency	14130020000	86037
00	latency	14160020000	93485
00	latency	14190020000	218057
00	latency	14220020000	151922
00	latency	14250020000	193455
00	latency	14280020000	97776
00	latency	14310020000	191804
00	latency	14340020000	112058
00	latency	14370020000	120153
00	latency	14400020000	214411
00	latency	14430020000	155860
00	latency	14460020000	156997
00	latency	14490020000	117647
00	latency	14520020000	185319
00	latency	14550020000	191223
00	latency	14580020000	123301
00	latency	14610020000	154585
00	latency	14640020000	120003
00	latency	14670020000	142516
00	latency	14700020000	162996
00	latency	14730020000	76504
00	latency	14760020000	112325
00	latency	14790020000	160852
00	latency	14820020000	149481
00	latency	14850020000	152839
00	latency	14880020000	169417
00	latency	14910020000	237300
00	latency	14940020000	212998
00	latency	14970020000	164359
00	latency	15000020000	133655
00	latency	15030020000	180601
00	latency	15060020000	127967
00	latency	15090020000	162012
00	latency	15120020000	154271
00	latency	15150020000	134676
00	latency	15180020000	181401
00	latency	15210020000	220376
00	latency	15240020000	181334
00	latency	15270020000	181537
00	latency	15300020000	103695
00	latency	15330020000	112923
00	latency	15360020000	192910
00	latency	15390020000	87385
00	latency	15420020000	203673
00	latency	15450020000	188616
00	latency	15480020000	152216
00	latency	15510020000	137080
00	latency	15540020000	139259
00	latency	15570020000	131247
00	latency	15600020000	113935
00	latency	15630020000	175457
00	latency	15660020000	134013
00	latency	15690020000	133379
00	latency	15720020000	144839
00	latency	15750020000	145362
00	latency	15780020000	123056
00	latency	15810020000	192268
00	latency	15840020000	108216
00	latency	15870020000	146770
00	latency	15900020000	121401
00	latency	15930020000	205616
00	latency	15960020000	166584
00	latency	15990020000	185318
00	latency	16020020000	103546
00	latency	16050020000	128114
00	latency	16080020000	172944
00	latency	16110020000	168202
00	latency	16140020000	148842
00	latency	16170020000	132981
00	latency	16200020000	184293
00	latency	16230020000	84152
00	latency	16260020000	170100
00	latency	16290020000	127403
00	latency	16320020000	138107
00	latency	16350020000	205604
00	latency	16380020000	203400
00	latency	16410020000	228122
00	latency	16440020000	206378
00	latency	16470020000	150925
00	latency	16500020000	89783
00	latency	16530020000	154658
00	latency	16560020000	167553
00	latency	16590020000	163052
00	latency	16620020000	99148
00	latency	16650020000	205192
00	latency	16680020000	132450
00	latency	16710020000	191188
00	latency	16740020000	114085
00	latency	16770020000	159224
00	latency	16800020000	205658
00	latency	16830020000	179336
00	latency	16860020000	142084
00	latency	16890020000	194770
00	latency	16920020000	170161
00	latency	16950020000	153388
00	latency	16980020000	179532
00	latency	17010020000	185959
00	latency	17040020000	169241
00	latency	17070020000	159406
00	latency	17100020000	122923
00	latency	17130020000	117485
00	latency	17160020000	147130
00	latency	17190020000	104835
00	latency	17220020000	174428
00	latency	17250020000	137981
00	latency	17280020000	82580
00	latency	17310020000	192673
00	latency	17340020000	182586
00	latency	17370020000	171924
00	latency	17400020000	137361
00	latency	17430020000	116557
00	latency	17460020000	146821
00	latency	17490020000	165869
00	latency	17520020000	149410
00	latency	17550020000	148563
00	latency	17580020000	214676
00	latency	17610020000	182769
00	latency	17640020000	165956
00	latency	17670020000	187606
00	latency	17700020000	182714
00	latency	17730020000	223932
00	latency	17760020000	211479
00	latency	17790020000	183002
00	latency	17820020000	164864
00	latency	17850020000	182717
00	latency	17880020000	145925
00	latency	17910020000	104696
00	latency	17940020000	191479
00	latency	17970020000	193538
00	latency	18000020000	140946
00	latency	18030020000	228705
00	latency	18060020000	105901
00	latency	18090020000	217824
00	latency	18120020000	118096
00	latency	18150020000	186176
00	latency	18180020000	190939
00	latency	18210020000	175469
00	latency	18240020000	208772
00	latency	18270020000	112933
00	latency	18300020000	159847
00	latency	18330020000	197956
00	latency	18360020000	86984
00	latency	18390020000	161547
00	latency	18420020000	147985
00	latency	18450020000	173312
00	latency	18480020000	148139
00	latency	18510020000	183552
00	latency	18540020000	131042
00	latency	18570020000	190885
00	latency	18600020000	80700
00	latency	18630020000	139795
00	latency	18660020000	210292
00	latency	18690020000	155116
00	latency	18720020000	151794
00	latency	18750020000	193681
00	latency	18780020000	192342
00	latency	18810020000	197585
00	latency	18840020000	178404
00	latency	18870020000	192155
00	latency	18900020000	168404
00	latency	18930020000	75359
00	latency	18960020000	131590
00	latency	18990020000	224626
00	latency	19020020000	207274
00	latency	19050020000	174305
00	latency	19080020000	98047
00	latency	19110020000	137165
00	latency	19140020000	146831
00	latency	19170020000	132428
00	latency	19200020000	217549
00	latency	19230020000	173488
00	latency	19260020000	109126
00	latency	19290020000	171934
00	latency	19320020000	165077
00	latency	19350020000	148251
00	latency	19380020000	118440
00	latency	19410020000	194215
00	latency	19440020000	137731
00	latency	19470020000	173172
00	latency	19500020000	192523
00	latency	19530020000	202033
00	latency	19560020000	152484
00	latency	19590020000	116785
00	latency	19620020000	140412
00	latency	19650020000	147628
00	latency	19680020000	211232
00	latency	19710020000	187644
00	latency	19740020000	79813
00	latency	19770020000	212804
00	latency	19800020000	155168
00	latency	19830020000	164375
00	latency	19860020000	109293
00	latency	19890020000	75320
00	latency	19920020000	129299
00	latency	19950020000	173491
00	latency	19980020000	146951
00	latency	20010020000	502127
00	latency	20040020000	195920
00	latency	20070020000	356891
00	latency	20100020000	511114
00	latency	20130020000	84963
00	latency	20160020000	72120
00	latency	20190020000	95066
00	latency	20220020000	62726
00	latency	20250020000	44753
00	latency	20280020000	162133
00	latency	20310020000	160725
00	latency	20340020000	153741
00	latency	20370020000	75520
00	latency	20400020000	58999
00	latency	20430020000	127267
00	latency	20460020000	46185
00	latency	20490020000	124723
00	latency	20520020000	71656
00	latency	20550020000	133303
00	latency	20580020000	142890
00	latency	20610020000	73994
00	latency	20640020000	57111
00	latency	20670020000	152310
00	latency	20700020000	96143
00	latency	20730020000	52489
00	latency	20760020000	46583
00	latency	20790020000	161815
00	latency	20820020000	64118
00	latency	20850020000	137407
00	latency	20880020000	84904
00	latency	20910020000	62280
00	latency	20940020000	70852
00	latency	20970020000	160565
00	latency	21000020000	71014
00	latency	21030020000	57511
00	latency	21060020000	37213
00	latency	21090020000	126771
00	latency	21120020000	71625
00	latency	21150020000	153792
00	latency	21180020000	156366
00	latency	21210020000	44024
00	latency	21240020000	171096
00	latency	21270020000	46358
00	latency	21300020000	70470
00	latency	21330020000	46898
00	latency	21360020000	105057
00	latency	21390020000	102349
00	latency	21420020000	47968
00	latency	21450020000	38347
00	latency	21480020000	91474
00	latency	21510020000	161291
00	latency	21540020000	85584
00	latency	21570020000	162482
00	latency	21600020000	43619
00	latency	21630020000	80283
00	latency	21660020000	158927
00	latency	21690020000	154807
00	latency	21720020000	40811
00	latency	21750020000	65400
00	latency	21780020000	166648
00	latency	21810020000	54204
00	latency	21840020000	44009
00	latency	21870020000	102784
00	latency	21900020000	139508
00	latency	21930020000	135310
00	latency	21960020000	50534
00	latency	21990020000	157556
00	latency	22020020000	37323
00	latency	22050020000	74758
00	latency	22080020000	143074
00	latency	22110020000	61636
00	latency	22140020000	47285
00	latency	22170020000	72108
00	latency	22200020000	154127
00	latency	22230020000	101457
00	latency	22260020000	43279
00	latency	22290020000	143872
00	latency	22320020000	102341
00	latency	22350020000	59521
00	latency	22380020000	146280
00	latency	22410020000	58771
00	latency	22440020000	125194
00	latency	22470020000	88152
00	latency	22500020000	69387
00	latency	22530020000	59339
00	latency	22560020000	116578
00	latency	22590020000	64848
00	latency	22620020000	154543
00	latency	22650020000	42319
00	latency	22680020000	133865
00	latency	22710020000	46078
00	latency	22740020000	152387
00	latency	22770020000	66437
00	latency	22800020000	47114
00	latency	22830020000	144727
00	latency	22860020000	40376
00	latency	22890020000	144020
00	latency	22920020000	64814
00	latency	22950020000	136311
00	latency	22980020000	49623
00	latency	23010020000	137584
00	latency	23040020000	68792
00	latency	23070020000	113175
00	latency	23100020000	162753
00	latency	23130020000	73343
00	latency	23160020000	161569
00	latency	23190020000	152485
00	latency	23220020000	60749
00	latency	23250020000	73571
00	latency	23280020000	145347
00	latency	23310020000	79042
00	latency	23340020000	133820
00	latency	23370020000	144409
00	latency	23400020000	47650
00	latency	23430020000	56380
00	latency	23460020000	137786
00	latency	23490020000	84346
00	latency	23520020000	166239
00	latency	23550020000	70586
00	latency	23580020000	64925
00	latency	23610020000	108870
00	latency	23640020000	53954
00	latency	23670020000	60308
00	latency	23700020000	146716
00	latency	23730020000	164796
00	latency	23760020000	72255
00	latency	23790020000	143808
00	latency	23820020000	69715
00	latency	23850020000	83043
00	latency	23880020000	113162
00	latency	23910020000	130465
00	latency	23940020000	41881
00	latency	23970020000	112174
00	latency	24000020000	58356
00	latency	24030020000	98741
00	latency	24060020000	146248
00	latency	24090020000	153959
00	latency	24120020000	47588
00	latency	24150020000	61758
00	latency	24180020000	42305
00	latency	24210020000	47095
00	latency	24240020000	129578
00	latency	24270020000	55486
00	latency	24300020000	131493
00	latency	24330020000	49766
00	latency	24360020000	42414
00	latency	24390020000	107649
00	latency	24420020000	49706
00	latency	24450020000	62834
00	latency	24480020000	141781
00	latency	24510020000	145446
00	latency	24540020000	64483
00	latency	24570020000	146893
00	latency	24600020000	161594
00	latency	24630020000	136730
00	latency	24660020000	48305
00	latency	24690020000	96233
00	latency	24720020000	53524
00	latency	24750020000	157365
00	latency	24780020000	65835
00	latency	24810020000	151151
00	latency	24840020000	53591
00	latency	24870020000	150279
00	latency	24900020000	42529
00	latency	24930020000	132568
00	latency	24960020000	38443
00	latency	24990020000	95063
00	latency	25020020000	153915
00	latency	25050020000	113161
00	latency	25080020000	157926
00	latency	25110020000	44655
00	latency	25140020000	68767
00	latency	25170020000	51976
00	latency	25200020000	165408
00	latency	25230020000	49527
00	latency	25260020000	128065
00	latency	25290020000	46047
00	latency	25320020000	128553
00	latency	25350020000	63569
00	latency	25380020000	130469
00	latency	25410020000	37349
00	latency	25440020000	59456
00	latency	25470020000	46372
00	latency	25500020000	152039
00	latency	25530020000	118668
00	latency	25560020000	39993
00	latency	25590020000	138356
00	latency	25620020000	127217
00	latency	25650020000	67157
00	latency	25680020000	64891
00	latency	25710020000	143691
00	latency	25740020000	42597
00	latency	25770020000	46377
00	latency	25800020000	151077
00	latency	25830020000	38511
00	latency	25860020000	152738
00	latency	25890020000	42017
00	latency	25920020000	140553
00	latency	25950020000	63686
00	latency	25980020000	142559
00	latency	26010020000	67119
00	latency	26040020000	60527
00	latency	26070020000	38510
00	latency	26100020000	154356
00	latency	26130020000	122176
00	latency	26160020000	72993
00	latency	26190020000	50721
00	latency	26220020000	77127
00	latency	26250020000	66452
00	latency	26280020000	143085
00	latency	26310020000	47511
00	latency	26340020000	59155
00	latency	26370020000	145178
00	latency	26400020000	147065
00	latency	26430020000	48524
00	latency	26460020000	159970
00	latency	26490020000	159833
00	latency	26520020000	150209
00	latency	26550020000	66564
00	latency	26580020000	68516
00	latency	26610020000	169663
00	latency	26640020000	134651
00	latency	26670020000	169143
00	latency	26700020000	135437
00	latency	26730020000	66967
00	latency	26760020000	56087
00	latency	26790020000	150544
00	latency	26820020000	131532
00	latency	26850020000	70307
00	latency	26880020000	138187
00	latency	26910020000	63432
00	latency	26940020000	162593
00	latency	26970020000	43774
00	latency	27000020000	42176
00	latency	27030020000	50848
00	latency	27060020000	58402
00	latency	27090020000	89878
00	latency	27120020000	111091
00	latency	27150020000	133492
00	latency	27180020000	161072
00	latency	27210020000	101129
00	latency	27240020000	46893
00	latency	27270020000	53285
00	latency	27300020000	171608
00	latency	27330020000	51107
00	latency	27360020000	151808
00	latency	27390020000	93236
00	latency	27420020000	161065
00	latency	27450020000	48778
00	latency	27480020000	41890
00	latency	27510020000	135369
00	latency	27540020000	112501
00	latency	27570020000	75799
00	latency	27600020000	136591
00	latency	27630020000	85585
00	latency	27660020000	58495
00	latency	27690020000	51720
00	latency	27720020000	37893
00	latency	27750020000	148336
00	latency	27780020000	80507
00	latency	27810020000	41572
00	latency	27840020000	81378
00	latency	27870020000	149932
00	latency	27900020000	166083
00	latency	27930020000	116100
00	latency	27960020000	144555
00	latency	27990020000	156140
00	latency	28020020000	132818
00	latency	28050020000	113192
00	latency	28080020000	68101
00	latency	28110020000	61507
00	latency	28140020000	52642
00	latency	28170020000	141733
00	latency	28200020000	77223
00	latency	28230020000	40645
00	latency	28260020000	145050
00	latency	28290020000	51398
00	latency	28320020000	133488
00	latency	28350020000	69219
00	latency	28380020000	53049
00	latency	28410020000	173330
00	latency	28440020000	150799
00	latency	28470020000	140513
00	latency	28500020000	48018
00	latency	28530020000	39556
00	latency	28560020000	114464
00	latency	28590020000	63408
00	latency	28620020000	101022
00	latency	28650020000	154577
00	latency	28680020000	52982
00	latency	28710020000	48575
00	latency	28740020000	74542
00	latency	28770020000	50920
00	latency	28800020000	114608
00	latency	28830020000	53408
00	latency	28860020000	118338
00	latency	28890020000	86859
00	latency	28920020000	55693
00	latency	28950020000	46684
00	latency	28980020000	43443
00	latency	29010020000	78320
00	latency	29040020000	52158
00	latency	29070020000	39806
00	latency	29100020000	43984
00	latency	29130020000	71108
00	latency	29160020000	49579
00	latency	29190020000	71417
00	latency	29220020000	52569
00	latency	29250020000	52453
00	latency	29280020000	52718
00	latency	29310020000	148407
00	latency	29340020000	123796
00	latency	29370020000	166741
00	latency	29400020000	131489
00	latency	29430020000	89497
00	latency	29460020000	152259
00	latency	29490020000	51829
00	latency	29520020000	161140
00	latency	29550020000	37582
00	latency	29580020000	75244
00	latency	29610020000	171448
00	latency	29640020000	47848
00	latency	29670020000	88934
00	latency	29700020000	128914
00	latency	29730020000	101907
00	latency	29760020000	50092
00	latency	29790020000	43983
00	latency	29820020000	75090
00	latency	29850020000	107814
00	latency	29880020000	155747
00	latency	29910020000	131083
00	latency	29940020000	96881
00	latency	29970020000	42662

00	redistr	10000064171	10000000
00	redistr	20000151158	10000000
00	redistr	20000480201	10000000
00	redistr	20001070301	10000000
00	redistr	20001405961	10000000
00	redistr	20001972512	10000000
00	redistr	20002263474	10000000
00	redistr	20002782561	10000000
00	redistr	20003079214	10000000
00	redistr	20003634333	10000000
00	redistr	20003941655	10000000
00	redistr	20004499565	10000000
00	redistr	20004792323	10000000
00	redistr	20005338696	10000000
00	redistr	20005652645	10000000
00	redistr	20006269669	10000000
00	redistr	20006557815	10000000
00	redistr	20007094722	10000000
00	redistr	20007394988	10000000
00	redistr	20007907703	10000000
00	redistr	20008210472	10000000
00	redistr	20008777639	10000000
00	redistr	20009081703	10000000
00	redistr	20009717950	10000000
00	redistr	20010006046	10000000
00	redistr	20010522547	10000000
00	redistr	20010813268	10000000
00	redistr	20011358741	10000000
00	redistr	20011665795	10000000
00	redistr	20012220668	10000000
00	redistr	20012514434	10000000
00	redistr	20013036346	10000000
00	redistr	20013331466	10000000
00	redistr	20013914680	10000000
00	redistr	20014206114	10000000
00	redistr	20014712379	10000000
00	redistr	20015001379	10000000
00	redistr	20015498166	10000000
00	redistr	20015804808	10000000
00	redistr	20016369701	10000000
00	redistr	20016678156	10000000
00	redistr	20017194824	10000000
00	redistr	20017536059	10000000
00	redistr	20018106079	10000000
00	redistr	20018414600	10000000
00	redistr	20019016429	10000000
00	redistr	20019313180	10000000
00	redistr	20019839932	10000000
00	redistr	20020140448	10000000
00	redistr	20020671443	10000000
00	redistr	20020960745	10000000
00	redistr	20021475484	10000000
00	redistr	20021769445	10000000
00	redistr	20022280408	10000000
00	redistr	20022573150	10000000
00	redistr	20023069171	10000000
00	redistr	20023352423	10000000
00	redistr	20023948382	10000000
00	redistr	20024247692	10000000
00	redistr	20024861233	10000000
00	redistr	20025156077	10000000
00	redistr	20025659673	10000000
00	redistr	20025947431	10000000
00	redistr	20026607754	10000000
00	redistr	20026921000	10000000
00	redistr	20027445325	10000000
00	redistr	20027738587	10000000
00	redistr	20028254918	10000000
00	redistr	20028548552	10000000
00	redistr	20029088087	10000000
00	redistr	20029400329	10000000
00	redistr	20029920031	10000000
00	redistr	20030208736	10000000
00	redistr	20030722915	10000000
00	redistr	20031025609	10000000
00	redistr	20031598933	10000000
00	redistr	20031890466	10000000
00	redistr	20032415095	10000000
00	redistr	20032722134	10000000
00	redistr	20033233294	10000000
00	redistr	20033547434	10000000
00	redistr	20034171373	10000000
00	redistr	20034484347	10000000
00	redistr	20035045269	10000000
00	redistr	20035331555	10000000
00	redistr	20035858317	10000000
00	redistr	20036159131	10000000
00	redistr	20036723972	10000000
00	redistr	20037018588	10000000
00	redistr	20037561561	10000000
00	redistr	20037869978	10000000
00	redistr	20038474090	10000000
00	redistr	20038769759	10000000
00	redistr	20039382930	10000000
00	redistr	20039690439	10000000
00	redistr	20040216528	10000000
00	redistr	20040506968	10000000
00	redistr	20041079443	10000000
00	redistr	20041378622	10000000
00	redistr	20041977012	10000000
00	redistr	20042280691	10000000
00	redistr	20042804032	10000000
00	redistr	20043085759	10000000
00	redistr	20043710210	10000000
00	redistr	20044003859	10000000
00	redistr	20044527125	10000000
00	redistr	20044828915	10000000
00	redistr	20045344056	10000000
00	redistr	20045666805	10000000
00	redistr	20046200263	10000000
00	redistr	20046504248	10000000
00	redistr	20047035128	10000000
00	redistr	20047319616	10000000
00	redistr	20047814497	10000000
00	redistr	20048115655	10000000
00	redistr	20048660237	10000000
00	redistr	20048945398	10000000
00	redistr	20049521248	10000000
00	redistr	20049809078	10000000
00	redistr	20050302586	10000000
00	redistr	20050604206	10000000
00	redistr	20051125690	10000000
00	redistr	20051426445	10000000
00	redistr	20052002703	10000000
00	redistr	20052305332	10000000
00	redistr	20052841785	10000000
00	redistr	20053149080	10000000
00	redistr	20053670413	10000000
00	redistr	20053965498	10000000
00	redistr	20054536492	10000000
00	redistr	20054825397	10000000
00	redistr	20055321567	10000000
00	redistr	20055625589	10000000
00	redistr	20056171948	10000000
00	redistr	20056452499	10000000
00	redistr	20057033443	10000000
00	redistr	20057335056	10000000
00	redistr	20057912767	10000000
00	redistr	20058210222	10000000
00	redistr	20058728945	10000000
00	redistr	20059030065	10000000
00	redistr	20059595479	10000000
00	redistr	20059898898	10000000
00	redistr	20060420325	10000000
00	redistr	20060719971	10000000
00	redistr	20061262574	10000000
00	redistr	20061588805	10000000
00	redistr	20062164113	10000000
00	redistr	20062461456	10000000
00	redistr	20062967686	10000000
00	redistr	20063244667	10000000
00	redistr	20063722206	10000000
00	redistr	20064025343	10000000
00	redistr	20064561450	10000000
00	redistr	20064851694	10000000
00	redistr	20065438391	10000000
00	redistr	20065729512	10000000
00	redistr	20066293500	10000000
00	redistr	20066579861	10000000
00	redistr	20067144288	10000000
00	redistr	20067439027	10000000
00	redistr	20067940779	10000000
00	redistr	20068241951	10000000
00	redistr	20068851596	10000000
00	redistr	20069144193	10000000
00	redistr	20069759053	10000000
00	redistr	20070069554	10000000
00	redistr	20070546908	10000000
00	redistr	20070836581	10000000
00	redistr	20071362571	10000000
00	redistr	20071651701	10000000
00	redistr	20072187895	10000000
00	redistr	20072496907	10000000
00	redistr	20073041901	10000000
00	redistr	20073357507	10000000
00	redistr	20073927487	10000000
00	redistr	20074225227	10000000
00	redistr	20074784689	10000000
00	redistr	20075062545	10000000
00	redistr	20075585159	10000000
00	redistr	20075875593	10000000
00	redistr	20076392807	10000000
00	redistr	20076696511	10000000
00	redistr	20077268996	10000000
00	redistr	20077563439	10000000
00	redistr	20078058227	10000000
00	redistr	20078349848	10000000
00	redistr	20078939416	10000000
00	redistr	20079235742	10000000
00	redistr	20079816174	10000000
00	redistr	20080112273	10000000
00	redistr	20080624358	10000000
00	redistr	20080927267	10000000
00	redistr	20081500656	10000000
00	redistr	20081797300	10000000
00	redistr	20082396395	10000000
00	redistr	20082700463	10000000
00	redistr	20083211994	10000000
00	redistr	20083519051	10000000
00	redistr	20084061693	10000000
00	redistr	20084352142	10000000
00	redistr	20084949669	10000000
00	redistr	20085236339	10000000
00	redistr	20085722867	10000000
00	redistr	20086001013	10000000
00	redistr	20086560013	10000000
00	redistr	20086845801	10000000
00	redistr	20087373576	10000000
00	redistr	20087681894	10000000
00	redistr	20088209653	10000000
00	redistr	20088490592	10000000
00	redistr	20089025036	10000000
00	redistr	20089304516	10000000
00	redistr	20089893874	10000000
00	redistr	20090207804	10000000
00	redistr	20090748828	10000000
00	redistr	20091029855	10000000
00	redistr	20091571957	10000000
00	redistr	20091858742	10000000
00	redistr	20092396057	10000000
00	redistr	20092698925	10000000
00	redistr	20093194719	10000000
00	redistr	20093516393	10000000
00	redistr	20094064846	10000000
00	redistr	20094338716	10000000
00	redistr	20094837552	10000000
00	redistr	20095129001	10000000
00	redistr	20095612998	10000000
00	redistr	20095900069	10000000
00	redistr	20096466023	10000000
00	redistr	20096743342	10000000
00	redistr	20097243600	10000000
00	redistr	20097552627	10000000
00	redistr	20098072304	10000000
00	redistr	20098366629	10000000
00	redistr	20098884508	10000000
00	redistr	20099165007	10000000
00	redistr	20099642267	10000000
00	redistr	20099934870	10000000
00	redistr	20100531625	10000000
00	redistr	20100815913	10000000
00	redistr	20101364349	10000000
00	redistr	20101649383	10000000
00	redistr	20102229356	10000000
00	redistr	20102508121	10000000
00	redistr	20103006927	10000000
00	redistr	20103316084	10000000
00	redistr	20103897824	10000000
00	redistr	20104176527	10000000
00	redistr	20104725072	10000000
00	redistr	20105018318	10000000
00	redistr	20105480665	10000000
00	redistr	20105764945	10000000
00	redistr	20106326325	10000000
00	redistr	20106612515	10000000
00	redistr	20107135066	10000000
00	redistr	20107412591	10000000
