20000	1340294
30020000	364954
60020000	372891
90020000	325954
120020000	355585
150020000	347985
180020000	357043
210020000	444697
240020000	392525
270020000	199859
300020000	334682
330020000	176676
360020000	82025
390020000	80479
420020000	42039
450020000	73162
480020000	97480
510020000	50912
540020000	142770
570020000	64741
600020000	370026
630020000	162638
660020000	135282
690020000	127591
720020000	66415
750020000	167671
780020000	177803
810020000	140398
840020000	140570
870020000	54003
900020000	74184
930020000	162031
960020000	170399
990020000	180162
1020020000	159444
1050020000	124034
1080020000	100778
1110020000	156325
1140020000	42352
1170020000	159943
1200020000	154743
1230020000	81581
1260020000	87040
1290020000	83715
1320020000	49559
1350020000	163491
1380020000	70819
1410020000	48997
1440020000	132008
1470020000	144492
1500020000	76224
1530020000	135189
1560020000	179562
1590020000	164939
1620020000	136770
1650020000	97990
1680020000	68328
1710020000	157364
1740020000	56358
1770020000	165309
1800020000	44899
1830020000	44821
1860020000	41450
1890020000	67661
1920020000	43144
1950020000	59848
1980020000	108580
2010020000	71207
2040020000	99174
2070020000	47300
2100020000	164809
2130020000	122405
2160020000	111218
2190020000	73213
2220020000	151058
2250020000	157471
2280020000	182496
2310020000	72241
2340020000	150253
2370020000	49491
2400020000	147759
2430020000	154893
2460020000	60709
2490020000	172627
2520020000	40004
2550020000	68089
2580020000	121500
2610020000	44837
2640020000	110468
2670020000	149199
2700020000	131156
2730020000	118809
2760020000	65318
2790020000	65535
2820020000	146161
2850020000	42452
2880020000	159325
2910020000	72940
2940020000	133339
2970020000	47793
3000020000	154841
3030020000	64498
3060020000	38829
3090020000	76912
3120020000	67984
3150020000	63835
3180020000	156969
3210020000	72470
3240020000	151796
3270020000	129115
3300020000	39603
3330020000	76115
3360020000	114027
3390020000	69852
3420020000	57382
3450020000	80210
3480020000	115225
3510020000	171415
3540020000	63396
3570020000	57458
3600020000	156605
3630020000	156672
3660020000	141017
3690020000	149042
3720020000	52983
3750020000	118384
3780020000	169181
3810020000	76985
3840020000	148117
3870020000	160343
3900020000	145984
3930020000	40987
3960020000	124555
3990020000	162861
4020020000	51674
4050020000	145242
4080020000	121035
4110020000	78703
4140020000	51847
4170020000	72278
4200020000	127992
4230020000	171539
4260020000	92706
4290020000	130354
4320020000	137782
4350020000	136771
4380020000	167333
4410020000	79590
4440020000	60084
4470020000	73335
4500020000	75589
4530020000	62007
4560020000	49113
4590020000	178433
4620020000	37651
4650020000	147614
4680020000	122479
4710020000	136911
4740020000	136917
4770020000	103582
4800020000	75075
4830020000	159083
4860020000	45506
4890020000	57150
4920020000	126408
4950020000	75220
4980020000	162574
5010020000	38957
5040020000	141643
5070020000	144566
5100020000	67956
5130020000	60920
5160020000	44221
5190020000	61344
5220020000	77911
5250020000	62696
5280020000	95284
5310020000	146977
5340020000	137216
5370020000	89008
5400020000	162330
5430020000	39999
5460020000	147883
5490020000	162076
5520020000	89876
5550020000	41305
5580020000	154879
5610020000	62285
5640020000	106020
5670020000	44158
5700020000	176486
5730020000	163429
5760020000	71076
5790020000	140599
5820020000	47067
5850020000	151579
5880020000	165641
5910020000	160137
5940020000	55891
5970020000	170066
6000020000	74282
6030020000	132581
6060020000	143659
6090020000	153326
6120020000	59765
6150020000	60966
6180020000	165045
6210020000	43302
6240020000	156161
6270020000	57117
6300020000	56067
6330020000	53914
6360020000	43342
6390020000	43353
6420020000	87781
6450020000	70500
6480020000	59660
6510020000	160439
6540020000	63542
6570020000	48552
6600020000	57644
6630020000	95890
6660020000	95852
6690020000	70296
6720020000	129069
6750020000	147472
6780020000	74591
6810020000	39429
6840020000	121171
6870020000	41913
6900020000	40601
6930020000	77164
6960020000	56377
6990020000	64505
7020020000	171758
7050020000	161990
7080020000	173147
7110020000	71940
7140020000	153176
7170020000	148554
7200020000	68904
7230020000	72351
7260020000	38011
7290020000	38675
7320020000	47875
7350020000	156351
7380020000	141152
7410020000	44870
7440020000	149372
7470020000	143142
7500020000	155175
7530020000	46735
7560020000	42491
7590020000	45944
7620020000	131961
7650020000	155205
7680020000	102944
7710020000	88966
7740020000	141403
7770020000	72782
7800020000	156904
7830020000	60685
7860020000	65110
7890020000	160006
7920020000	160326
7950020000	133488
7980020000	104471
8010020000	116668
8040020000	69292
8070020000	59316
8100020000	39564
8130020000	54206
8160020000	155458
8190020000	135071
8220020000	143913
8250020000	114376
8280020000	64422
8310020000	150946
8340020000	49109
8370020000	134570
8400020000	124874
8430020000	152198
8460020000	152029
8490020000	54945
8520020000	154546
8550020000	141278
8580020000	159761
8610020000	125799
8640020000	73135
8670020000	91076
8700020000	62323
8730020000	72696
8760020000	143618
8790020000	147407
8820020000	149273
8850020000	148268
8880020000	39098
8910020000	161558
8940020000	97891
8970020000	65467
9000020000	136991
9030020000	145158
9060020000	167199
9090020000	60638
9120020000	59507
9150020000	52914
9180020000	141692
9210020000	73399
9240020000	72067
9270020000	46411
9300020000	135814
9330020000	166926
9360020000	49607
9390020000	69385
9420020000	75661
9450020000	56738
9480020000	72509
9510020000	58553
9540020000	69866
9570020000	147752
9600020000	140166
9630020000	43335
9660020000	167331
9690020000	162558
9720020000	40074
9750020000	140096
9780020000	75786
9810020000	57599
9840020000	155437
9870020000	137006
9900020000	164748
9930020000	54182
9960020000	75226
9990020000	167502
10020020000	122670355
10050020000	92670355
10080020000	62670355
10110020000	32670355
10140020000	3336389
10170020000	105355
10200020000	111510
10230020000	214530
10260020000	132242
10290020000	102394
10320020000	78988
10350020000	155936
10380020000	127137
10410020000	140687
10440020000	198058
10470020000	87060
10500020000	105184
10530020000	176961
10560020000	128780
10590020000	163798
10620020000	197544
10650020000	104444
10680020000	194252
10710020000	152110
10740020000	63261
10770020000	174501
10800020000	196855
10830020000	110261
10860020000	97033
10890020000	166360
10920020000	111240
10950020000	191641
10980020000	133834
11010020000	122708
11040020000	153825
11070020000	92411
11100020000	87764
11130020000	99146
11160020000	199045
11190020000	158142
11220020000	191660
11250020000	148832
11280020000	150190
11310020000	146348
11340020000	144446
11370020000	152569
11400020000	126181
11430020000	83604
11460020000	89444
11490020000	100996
11520020000	80007
11550020000	140176
11580020000	160518
11610020000	108456
11640020000	179335
11670020000	141653
11700020000	209337
11730020000	193657
11760020000	105622
11790020000	150130
11820020000	129021
11850020000	144341
11880020000	173033
11910020000	135309
11940020000	150866
11970020000	104937
12000020000	163123
12030020000	198787
12060020000	193448
12090020000	121800
12120020000	112985
12150020000	165182
12180020000	152460
12210020000	92188
12240020000	127192
12270020000	141982
12300020000	141917
12330020000	143687
12360020000	79983
12390020000	162228
12420020000	148092
12450020000	211415
12480020000	226106
12510020000	132254
12540020000	186883
12570020000	150376
12600020000	203020
12630020000	103532
12660020000	128130
12690020000	154913
12720020000	149568
12750020000	101767
12780020000	175701
12810020000	91362
12840020000	165506
12870020000	207922
12900020000	79857
12930020000	112524
12960020000	134457
12990020000	182019
13020020000	132843
13050020000	207204
13080020000	224814
13110020000	106842
13140020000	149089
13170020000	91450
13200020000	203031
13230020000	191179
13260020000	149229
13290020000	117331
13320020000	89579
13350020000	114053
13380020000	153271
13410020000	141013
13440020000	219536
13470020000	161104
13500020000	89556
13530020000	81427
13560020000	146161
13590020000	195607
13620020000	240923
13650020000	128595
13680020000	104879
13710020000	166965
13740020000	109983
13770020000	95401
13800020000	96052
13830020000	199253
13860020000	143424
13890020000	182499
13920020000	144697
13950020000	134004
13980020000	87775
14010020000	160933
14040020000	113146
14070020000	191905
14100020000	217968
14130020000	141672
14160020000	148223
14190020000	85797
14220020000	147562
14250020000	130015
14280020000	142481
14310020000	204776
14340020000	176631
14370020000	102896
14400020000	200052
14430020000	184384
14460020000	110677
14490020000	121054
14520020000	166702
14550020000	173079
14580020000	88094
14610020000	121210
14640020000	95628
14670020000	101902
14700020000	79043
14730020000	144331
14760020000	200340
14790020000	45182
14820020000	116941
14850020000	133738
14880020000	211648
14910020000	175471
14940020000	115394
14970020000	181614
15000020000	112556
15030020000	226798
15060020000	203493
15090020000	121076
15120020000	150231
15150020000	83705
15180020000	195857
15210020000	137231
15240020000	73052
15270020000	167992
15300020000	105340
15330020000	124240
15360020000	83426
15390020000	127504
15420020000	173896
15450020000	213388
15480020000	155487
15510020000	161765
15540020000	87821
15570020000	104061
15600020000	141416
15630020000	196096
15660020000	171547
15690020000	92021
15720020000	174024
15750020000	126080
15780020000	178910
15810020000	211168
15840020000	143994
15870020000	127848
15900020000	208650
15930020000	174787
15960020000	138714
15990020000	208067
16020020000	137661
16050020000	137234
16080020000	154053
16110020000	175838
16140020000	202183
16170020000	139230
16200020000	200367
16230020000	86209
16260020000	120872
16290020000	145777
16320020000	132902
16350020000	186942
16380020000	147067
16410020000	149905
16440020000	153495
16470020000	197922
16500020000	60387
16530020000	211407
16560020000	144074
16590020000	160730
16620020000	147673
16650020000	115365
16680020000	221098
16710020000	148976
16740020000	184994
16770020000	88394
16800020000	83303
16830020000	185490
16860020000	82235
16890020000	155935
16920020000	206554
16950020000	164036
16980020000	129755
17010020000	110811
17040020000	152571
17070020000	80624
17100020000	133989
17130020000	168363
17160020000	136801
17190020000	142221
17220020000	144920
17250020000	108845
17280020000	155207
17310020000	135777
17340020000	162574
17370020000	100591
17400020000	184619
17430020000	147285
17460020000	184473
17490020000	114137
17520020000	168664
17550020000	201291
17580020000	123250
17610020000	118518
17640020000	197065
17670020000	147890
17700020000	160482
17730020000	206513
17760020000	209993
17790020000	114703
17820020000	108383
17850020000	188435
17880020000	157521
17910020000	97300
17940020000	89092
17970020000	171851
18000020000	214169
18030020000	87918
18060020000	166794
18090020000	215533
18120020000	157674
18150020000	159807
18180020000	227310
18210020000	148433
18240020000	74930
18270020000	150153
18300020000	197107
18330020000	170690
18360020000	88453
18390020000	182751
18420020000	168743
18450020000	180822
18480020000	172063
18510020000	88267
18540020000	153016
18570020000	136838
18600020000	208046
18630020000	176313
18660020000	153760
18690020000	151831
18720020000	85410
18750020000	134023
18780020000	185160
18810020000	72334
18840020000	150458
18870020000	203964
18900020000	131577
18930020000	146750
18960020000	94683
18990020000	112401
19020020000	218848
19050020000	116156
19080020000	192423
19110020000	157666
19140020000	82768
19170020000	178258
19200020000	162900
19230020000	154193
19260020000	217917
19290020000	164655
19320020000	197770
19350020000	151234
19380020000	218826
19410020000	98019
19440020000	120382
19470020000	151974
19500020000	115708
19530020000	211301
19560020000	178147
19590020000	112371
19620020000	173359
19650020000	145732
19680020000	162496
19710020000	178436
19740020000	161480
19770020000	185216
19800020000	197557
19830020000	147248
19860020000	136827
19890020000	210595
19920020000	227881
19950020000	173018
19980020000	177007
20010020000	1203303
20040020000	574362
20070020000	265996
20100020000	1117295
20130020000	698919
20160020000	341540
20190020000	983346
20220020000	55450
20250020000	123762
20280020000	72502
20310020000	156165
20340020000	79960
20370020000	163750
20400020000	74698
20430020000	142120
20460020000	88648
20490020000	137160
20520020000	63152
20550020000	41397
20580020000	97970
20610020000	75783
20640020000	111382
20670020000	42511
20700020000	47976
20730020000	126318
20760020000	81685
20790020000	119056
20820020000	172070
20850020000	69363
20880020000	172494
20910020000	66059
20940020000	85333
20970020000	47546
21000020000	72712
21030020000	45992
21060020000	136681
21090020000	128744
21120020000	76030
21150020000	173891
21180020000	137713
21210020000	172043
21240020000	52428
21270020000	105521
21300020000	45290
21330020000	155697
21360020000	136177
21390020000	70112
21420020000	45986
21450020000	73270
21480020000	160512
21510020000	55931
21540020000	169846
21570020000	54674
21600020000	45061
21630020000	143681
21660020000	62058
21690020000	135637
21720020000	73628
21750020000	47642
21780020000	40324
21810020000	173203
21840020000	43427
21870020000	160178
21900020000	71495
21930020000	128522
21960020000	60068
21990020000	144252
22020020000	65106
22050020000	94804
22080020000	64512
22110020000	139203
22140020000	159027
22170020000	75304
22200020000	130042
22230020000	164465
22260020000	71155
22290020000	87916
22320020000	149071
22350020000	146008
22380020000	58726
22410020000	169582
22440020000	171999
22470020000	140742
22500020000	172656
22530020000	76433
22560020000	149227
22590020000	143160
22620020000	39131
22650020000	100694
22680020000	169626
22710020000	73862
22740020000	135435
22770020000	143710
22800020000	44925
22830020000	101681
22860020000	166718
22890020000	112794
22920020000	54880
22950020000	141743
22980020000	69902
23010020000	105662
23040020000	72093
23070020000	168920
23100020000	52811
23130020000	57721
23160020000	132824
23190020000	63985
23220020000	123069
23250020000	158659
23280020000	52980
23310020000	104692
23340020000	133630
23370020000	47251
23400020000	67525
23430020000	130111
23460020000	153624
23490020000	66551
23520020000	142852
23550020000	43509
23580020000	168666
23610020000	44879
23640020000	148426
23670020000	67104
23700020000	86686
23730020000	67566
23760020000	106549
23790020000	134526
23820020000	65345
23850020000	71482
23880020000	156805
23910020000	43463
23940020000	163916
23970020000	178827
24000020000	72021
24030020000	132868
24060020000	60575
24090020000	44042
24120020000	50203
24150020000	71856
24180020000	160185
24210020000	126285
24240020000	56853
24270020000	148413
24300020000	62556
24330020000	40059
24360020000	149673
24390020000	103926
24420020000	160208
24450020000	75976
24480020000	171484
24510020000	41743
24540020000	54185
24570020000	162333
24600020000	59737
24630020000	46753
24660020000	170752
24690020000	105667
24720020000	153470
24750020000	78889
24780020000	170083
24810020000	56022
24840020000	159833
24870020000	58227
24900020000	56614
24930020000	159715
24960020000	123063
24990020000	57610
25020020000	163393
25050020000	43002
25080020000	57817
25110020000	60097
25140020000	74887
25170020000	172665
25200020000	120212
25230020000	58621
25260020000	104530
25290020000	157321
25320020000	178553
25350020000	73909
25380020000	181534
25410020000	146106
25440020000	49753
25470020000	161263
25500020000	189807
25530020000	135091
25560020000	149741
25590020000	67927
25620020000	151889
25650020000	69229
25680020000	158001
25710020000	78023
25740020000	163378
25770020000	111550
25800020000	43206
25830020000	141613
25860020000	137699
25890020000	66194
25920020000	74313
25950020000	39006
25980020000	169845
26010020000	84010
26040020000	41436
26070020000	61245
26100020000	72223
26130020000	157684
26160020000	64699
26190020000	172342
26220020000	71930
26250020000	149252
26280020000	99505
26310020000	100365
26340020000	138810
26370020000	143831
26400020000	71018
26430020000	78585
26460020000	64305
26490020000	85429
26520020000	53962
26550020000	141183
26580020000	56906
26610020000	37328
26640020000	53384
26670020000	147271
26700020000	84560
26730020000	73835
26760020000	146539
26790020000	74083
26820020000	122618
26850020000	65070
26880020000	72215
26910020000	94584
26940020000	57053
26970020000	48292
27000020000	76633
27030020000	149514
27060020000	116699
27090020000	46023
27120020000	153446
27150020000	85582
27180020000	60553
27210020000	68409
27240020000	63026
27270020000	45243
27300020000	146696
27330020000	144167
27360020000	85101
27390020000	136479
27420020000	113527
27450020000	58814
27480020000	147439
27510020000	145359
27540020000	149116
27570020000	137601
27600020000	49762
27630020000	154740
27660020000	71030
27690020000	39703
27720020000	109440
27750020000	163206
27780020000	164044
27810020000	157469
27840020000	72982
27870020000	95913
27900020000	65915
27930020000	177090
27960020000	93117
27990020000	43359
28020020000	164002
28050020000	160440
28080020000	82668
28110020000	153687
28140020000	93784
28170020000	60995
28200020000	165544
28230020000	43994
28260020000	80319
28290020000	167767
28320020000	73159
28350020000	49682
28380020000	169812
28410020000	128232
28440020000	60882
28470020000	146295
28500020000	111943
28530020000	62743
28560020000	167037
28590020000	139174
28620020000	79237
28650020000	44497
28680020000	139717
28710020000	41692
28740020000	62114
28770020000	123442
28800020000	97616
28830020000	122267
28860020000	64344
28890020000	149919
28920020000	136165
28950020000	165182
28980020000	62433
29010020000	154171
29040020000	71889
29070020000	104595
29100020000	166394
29130020000	84655
29160020000	54388
29190020000	43058
29220020000	58075
29250020000	169810
29280020000	57053
29310020000	166362
29340020000	67900
29370020000	69181
29400020000	87047
29430020000	168289
29460020000	99812
29490020000	82870
29520020000	142451
29550020000	75751
29580020000	104344
29610020000	145373
29640020000	69584
29670020000	153002
29700020000	56884
29730020000	60363
29760020000	46645
29790020000	76465
29820020000	162140
29850020000	51413
29880020000	136984
29910020000	163919
29940020000	47007
29970020000	158643
