args: Args { inner: ["target/release/examples/word_count", "10", "100000", "320000", "open-loop", "-n", "2", "-p", "0", "-w", "1"] }
rounds: 10, batch: 100000, keys: 320000, open_loop: true
worker 00:	36631	121078	572981	142670355	(of 1500000 measurements)
00	latency	20000	1340294
00	latency	30020000	364954
00	latency	60020000	372891
00	latency	90020000	325954
00	latency	120020000	355585
00	latency	150020000	347985
00	latency	180020000	357043
00	latency	210020000	444697
00	latency	240020000	392525
00	latency	270020000	199859
00	latency	300020000	334682
00	latency	330020000	176676
00	latency	360020000	82025
00	latency	390020000	80479
00	latency	420020000	42039
00	latency	450020000	73162
00	latency	480020000	97480
00	latency	510020000	50912
00	latency	540020000	142770
00	latency	570020000	64741
00	latency	600020000	370026
00	latency	630020000	162638
00	latency	660020000	135282
00	latency	690020000	127591
00	latency	720020000	66415
00	latency	750020000	167671
00	latency	780020000	177803
00	latency	810020000	140398
00	latency	840020000	140570
00	latency	870020000	54003
00	latency	900020000	74184
00	latency	930020000	162031
00	latency	960020000	170399
00	latency	990020000	180162
00	latency	1020020000	159444
00	latency	1050020000	124034
00	latency	1080020000	100778
00	latency	1110020000	156325
00	latency	1140020000	42352
00	latency	1170020000	159943
00	latency	1200020000	154743
00	latency	1230020000	81581
00	latency	1260020000	87040
00	latency	1290020000	83715
00	latency	1320020000	49559
00	latency	1350020000	163491
00	latency	1380020000	70819
00	latency	1410020000	48997
00	latency	1440020000	132008
00	latency	1470020000	144492
00	latency	1500020000	76224
00	latency	1530020000	135189
00	latency	1560020000	179562
00	latency	1590020000	164939
00	latency	1620020000	136770
00	latency	1650020000	97990
00	latency	1680020000	68328
00	latency	1710020000	157364
00	latency	1740020000	56358
00	latency	1770020000	165309
00	latency	1800020000	44899
00	latency	1830020000	44821
00	latency	1860020000	41450
00	latency	1890020000	67661
00	latency	1920020000	43144
00	latency	1950020000	59848
00	latency	1980020000	108580
00	latency	2010020000	71207
00	latency	2040020000	99174
00	latency	2070020000	47300
00	latency	2100020000	164809
00	latency	2130020000	122405
00	latency	2160020000	111218
00	latency	2190020000	73213
00	latency	2220020000	151058
00	latency	2250020000	157471
00	latency	2280020000	182496
00	latency	2310020000	72241
00	latency	2340020000	150253
00	latency	2370020000	49491
00	latency	2400020000	147759
00	latency	2430020000	154893
00	latency	2460020000	60709
00	latency	2490020000	172627
00	latency	2520020000	40004
00	latency	2550020000	68089
00	latency	2580020000	121500
00	latency	2610020000	44837
00	latency	2640020000	110468
00	latency	2670020000	149199
00	latency	2700020000	131156
00	latency	2730020000	118809
00	latency	2760020000	65318
00	latency	2790020000	65535
00	latency	2820020000	146161
00	latency	2850020000	42452
00	latency	2880020000	159325
00	latency	2910020000	72940
00	latency	2940020000	133339
00	latency	2970020000	47793
00	latency	3000020000	154841
00	latency	3030020000	64498
00	latency	3060020000	38829
00	latency	3090020000	76912
00	latency	3120020000	67984
00	latency	3150020000	63835
00	latency	3180020000	156969
00	latency	3210020000	72470
00	latency	3240020000	151796
00	latency	3270020000	129115
00	latency	3300020000	39603
00	latency	3330020000	76115
00	latency	3360020000	114027
00	latency	3390020000	69852
00	latency	3420020000	57382
00	latency	3450020000	80210
00	latency	3480020000	115225
00	latency	3510020000	171415
00	latency	3540020000	63396
00	latency	3570020000	57458
00	latency	3600020000	156605
00	latency	3630020000	156672
00	latency	3660020000	141017
00	latency	3690020000	149042
00	latency	3720020000	52983
00	latency	3750020000	118384
00	latency	3780020000	169181
00	latency	3810020000	76985
00	latency	3840020000	148117
00	latency	3870020000	160343
00	latency	3900020000	145984
00	latency	3930020000	40987
00	latency	3960020000	124555
00	latency	3990020000	162861
00	latency	4020020000	51674
00	latency	4050020000	145242
00	latency	4080020000	121035
00	latency	4110020000	78703
00	latency	4140020000	51847
00	latency	4170020000	72278
00	latency	4200020000	127992
00	latency	4230020000	171539
00	latency	4260020000	92706
00	latency	4290020000	130354
00	latency	4320020000	137782
00	latency	4350020000	136771
00	latency	4380020000	167333
00	latency	4410020000	79590
00	latency	4440020000	60084
00	latency	4470020000	73335
00	latency	4500020000	75589
00	latency	4530020000	62007
00	latency	4560020000	49113
00	latency	4590020000	178433
00	latency	4620020000	37651
00	latency	4650020000	147614
00	latency	4680020000	122479
00	latency	4710020000	136911
00	latency	4740020000	136917
00	latency	4770020000	103582
00	latency	4800020000	75075
00	latency	4830020000	159083
00	latency	4860020000	45506
00	latency	4890020000	57150
00	latency	4920020000	126408
00	latency	4950020000	75220
00	latency	4980020000	162574
00	latency	5010020000	38957
00	latency	5040020000	141643
00	latency	5070020000	144566
00	latency	5100020000	67956
00	latency	5130020000	60920
00	latency	5160020000	44221
00	latency	5190020000	61344
00	latency	5220020000	77911
00	latency	5250020000	62696
00	latency	5280020000	95284
00	latency	5310020000	146977
00	latency	5340020000	137216
00	latency	5370020000	89008
00	latency	5400020000	162330
00	latency	5430020000	39999
00	latency	5460020000	147883
00	latency	5490020000	162076
00	latency	5520020000	89876
00	latency	5550020000	41305
00	latency	5580020000	154879
00	latency	5610020000	62285
00	latency	5640020000	106020
00	latency	5670020000	44158
00	latency	5700020000	176486
00	latency	5730020000	163429
00	latency	5760020000	71076
00	latency	5790020000	140599
00	latency	5820020000	47067
00	latency	5850020000	151579
00	latency	5880020000	165641
00	latency	5910020000	160137
00	latency	5940020000	55891
00	latency	5970020000	170066
00	latency	6000020000	74282
00	latency	6030020000	132581
00	latency	6060020000	143659
00	latency	6090020000	153326
00	latency	6120020000	59765
00	latency	6150020000	60966
00	latency	6180020000	165045
00	latency	6210020000	43302
00	latency	6240020000	156161
00	latency	6270020000	57117
00	latency	6300020000	56067
00	latency	6330020000	53914
00	latency	6360020000	43342
00	latency	6390020000	43353
00	latency	6420020000	87781
00	latency	6450020000	70500
00	latency	6480020000	59660
00	latency	6510020000	160439
00	latency	6540020000	63542
00	latency	6570020000	48552
00	latency	6600020000	57644
00	latency	6630020000	95890
00	latency	6660020000	95852
00	latency	6690020000	70296
00	latency	6720020000	129069
00	latency	6750020000	147472
00	latency	6780020000	74591
00	latency	6810020000	39429
00	latency	6840020000	121171
00	latency	6870020000	41913
00	latency	6900020000	40601
00	latency	6930020000	77164
00	latency	6960020000	56377
00	latency	6990020000	64505
00	latency	7020020000	171758
00	latency	7050020000	161990
00	latency	7080020000	173147
00	latency	7110020000	71940
00	latency	7140020000	153176
00	latency	7170020000	148554
00	latency	7200020000	68904
00	latency	7230020000	72351
00	latency	7260020000	38011
00	latency	7290020000	38675
00	latency	7320020000	47875
00	latency	7350020000	156351
00	latency	7380020000	141152
00	latency	7410020000	44870
00	latency	7440020000	149372
00	latency	7470020000	143142
00	latency	7500020000	155175
00	latency	7530020000	46735
00	latency	7560020000	42491
00	latency	7590020000	45944
00	latency	7620020000	131961
00	latency	7650020000	155205
00	latency	7680020000	102944
00	latency	7710020000	88966
00	latency	7740020000	141403
00	latency	7770020000	72782
00	latency	7800020000	156904
00	latency	7830020000	60685
00	latency	7860020000	65110
00	latency	7890020000	160006
00	latency	7920020000	160326
00	latency	7950020000	133488
00	latency	7980020000	104471
00	latency	8010020000	116668
00	latency	8040020000	69292
00	latency	8070020000	59316
00	latency	8100020000	39564
00	latency	8130020000	54206
00	latency	8160020000	155458
00	latency	8190020000	135071
00	latency	8220020000	143913
00	latency	8250020000	114376
00	latency	8280020000	64422
00	latency	8310020000	150946
00	latency	8340020000	49109
00	latency	8370020000	134570
00	latency	8400020000	124874
00	latency	8430020000	152198
00	latency	8460020000	152029
00	latency	8490020000	54945
00	latency	8520020000	154546
00	latency	8550020000	141278
00	latency	8580020000	159761
00	latency	8610020000	125799
00	latency	8640020000	73135
00	latency	8670020000	91076
00	latency	8700020000	62323
00	latency	8730020000	72696
00	latency	8760020000	143618
00	latency	8790020000	147407
00	latency	8820020000	149273
00	latency	8850020000	148268
00	latency	8880020000	39098
00	latency	8910020000	161558
00	latency	8940020000	97891
00	latency	8970020000	65467
00	latency	9000020000	136991
00	latency	9030020000	145158
00	latency	9060020000	167199
00	latency	9090020000	60638
00	latency	9120020000	59507
00	latency	9150020000	52914
00	latency	9180020000	141692
00	latency	9210020000	73399
00	latency	9240020000	72067
00	latency	9270020000	46411
00	latency	9300020000	135814
00	latency	9330020000	166926
00	latency	9360020000	49607
00	latency	9390020000	69385
00	latency	9420020000	75661
00	latency	9450020000	56738
00	latency	9480020000	72509
00	latency	9510020000	58553
00	latency	9540020000	69866
00	latency	9570020000	147752
00	latency	9600020000	140166
00	latency	9630020000	43335
00	latency	9660020000	167331
00	latency	9690020000	162558
00	latency	9720020000	40074
00	latency	9750020000	140096
00	latency	9780020000	75786
00	latency	9810020000	57599
00	latency	9840020000	155437
00	latency	9870020000	137006
00	latency	9900020000	164748
00	latency	9930020000	54182
00	latency	9960020000	75226
00	latency	9990020000	167502
00	latency	10020020000	122670355
00	latency	10050020000	92670355
00	latency	10080020000	62670355
00	latency	10110020000	32670355
00	latency	10140020000	3336389
00	latency	10170020000	105355
00	latency	10200020000	111510
00	latency	10230020000	214530
00	latency	10260020000	132242
00	latency	10290020000	102394
00	latency	10320020000	78988
00	latency	10350020000	155936
00	latency	10380020000	127137
00	latency	10410020000	140687
00	latency	10440020000	198058
00	latency	10470020000	87060
00	latency	10500020000	105184
00	latency	10530020000	176961
00	latency	10560020000	128780
00	latency	10590020000	163798
00	latency	10620020000	197544
00	latency	10650020000	104444
00	latency	10680020000	194252
00	latency	10710020000	152110
00	latency	10740020000	63261
00	latency	10770020000	174501
00	latency	10800020000	196855
00	latency	10830020000	110261
00	latency	10860020000	97033
00	latency	10890020000	166360
00	latency	10920020000	111240
00	latency	10950020000	191641
00	latency	10980020000	133834
00	latency	11010020000	122708
00	latency	11040020000	153825
00	latency	11070020000	92411
00	latency	11100020000	87764
00	latency	11130020000	99146
00	latency	11160020000	199045
00	latency	11190020000	158142
00	latency	11220020000	191660
00	latency	11250020000	148832
00	latency	11280020000	150190
00	latency	11310020000	146348
00	latency	11340020000	144446
00	latency	11370020000	152569
00	latency	11400020000	126181
00	latency	11430020000	83604
00	latency	11460020000	89444
00	latency	11490020000	100996
00	latency	11520020000	80007
00	latency	11550020000	140176
00	latency	11580020000	160518
00	latency	11610020000	108456
00	latency	11640020000	179335
00	latency	11670020000	141653
00	latency	11700020000	209337
00	latency	11730020000	193657
00	latency	11760020000	105622
00	latency	11790020000	150130
00	latency	11820020000	129021
00	latency	11850020000	144341
00	latency	11880020000	173033
00	latency	11910020000	135309
00	latency	11940020000	150866
00	latency	11970020000	104937
00	latency	12000020000	163123
00	latency	12030020000	198787
00	latency	12060020000	193448
00	latency	12090020000	121800
00	latency	12120020000	112985
00	latency	12150020000	165182
00	latency	12180020000	152460
00	latency	12210020000	92188
00	latency	12240020000	127192
00	latency	12270020000	141982
00	latency	12300020000	141917
00	latency	12330020000	143687
00	latency	12360020000	79983
00	latency	12390020000	162228
00	latency	12420020000	148092
00	latency	12450020000	211415
00	latency	12480020000	226106
00	latency	12510020000	132254
00	latency	12540020000	186883
00	latency	12570020000	150376
00	latency	12600020000	203020
00	latency	12630020000	103532
00	latency	12660020000	128130
00	latency	12690020000	154913
00	latency	12720020000	149568
00	latency	12750020000	101767
00	latency	12780020000	175701
00	latency	12810020000	91362
00	latency	12840020000	165506
00	latency	12870020000	207922
00	latency	12900020000	79857
00	latency	12930020000	112524
00	latency	12960020000	134457
00	latency	12990020000	182019
00	latency	13020020000	132843
00	latency	13050020000	207204
00	latency	13080020000	224814
00	latency	13110020000	106842
00	latency	13140020000	149089
00	latency	13170020000	91450
00	latency	13200020000	203031
00	latency	13230020000	191179
00	latency	13260020000	149229
00	latency	13290020000	117331
00	latency	13320020000	89579
00	latency	13350020000	114053
00	latency	13380020000	153271
00	latency	13410020000	141013
00	latency	13440020000	219536
00	latency	13470020000	161104
00	latency	13500020000	89556
00	latency	13530020000	81427
00	latency	13560020000	146161
00	latency	13590020000	195607
00	latency	13620020000	240923
00	latency	13650020000	128595
00	latency	13680020000	104879
00	latency	13710020000	166965
00	latency	13740020000	109983
00	latency	13770020000	95401
00	latency	13800020000	96052
00	latency	13830020000	199253
00	latency	13860020000	143424
00	latency	13890020000	182499
00	latency	13920020000	144697
00	latency	13950020000	134004
00	latency	13980020000	87775
00	latency	14010020000	160933
00	latency	14040020000	113146
00	latency	14070020000	191905
00	latency	14100020000	217968
00	latency	14130020000	141672
00	latency	14160020000	148223
00	latency	14190020000	85797
00	latency	14220020000	147562
00	latency	14250020000	130015
00	latency	14280020000	142481
00	latency	14310020000	204776
00	latency	14340020000	176631
00	latency	14370020000	102896
00	latency	14400020000	200052
00	latency	14430020000	184384
00	latency	14460020000	110677
00	latency	14490020000	121054
00	latency	14520020000	166702
00	latency	14550020000	173079
00	latency	14580020000	88094
00	latency	14610020000	121210
00	latency	14640020000	95628
00	latency	14670020000	101902
00	latency	14700020000	79043
00	latency	14730020000	144331
00	latency	14760020000	200340
00	latency	14790020000	45182
00	latency	14820020000	116941
00	latency	14850020000	133738
00	latency	14880020000	211648
00	latency	14910020000	175471
00	latency	14940020000	115394
00	latency	14970020000	181614
00	latency	15000020000	112556
00	latency	15030020000	226798
00	latency	15060020000	203493
00	latency	15090020000	121076
00	latency	15120020000	150231
00	latency	15150020000	83705
00	latency	15180020000	195857
00	latency	15210020000	137231
00	latency	15240020000	73052
00	latency	15270020000	167992
00	latency	15300020000	105340
00	latency	15330020000	124240
00	latency	15360020000	83426
00	latency	15390020000	127504
00	latency	15420020000	173896
00	latency	15450020000	213388
00	latency	15480020000	155487
00	latency	15510020000	161765
00	latency	15540020000	87821
00	latency	15570020000	104061
00	latency	15600020000	141416
00	latency	15630020000	196096
00	latency	15660020000	171547
00	latency	15690020000	92021
00	latency	15720020000	174024
00	latency	15750020000	126080
00	latency	15780020000	178910
00	latency	15810020000	211168
00	latency	15840020000	143994
00	latency	15870020000	127848
00	latency	15900020000	208650
00	latency	15930020000	174787
00	latency	15960020000	138714
00	latency	15990020000	208067
00	latency	16020020000	137661
00	latency	16050020000	137234
00	latency	16080020000	154053
00	latency	16110020000	175838
00	latency	16140020000	202183
00	latency	16170020000	139230
00	latency	16200020000	200367
00	latency	16230020000	86209
00	latency	16260020000	120872
00	latency	16290020000	145777
00	latency	16320020000	132902
00	latency	16350020000	186942
00	latency	16380020000	147067
00	latency	16410020000	149905
00	latency	16440020000	153495
00	latency	16470020000	197922
00	latency	16500020000	60387
00	latency	16530020000	211407
00	latency	16560020000	144074
00	latency	16590020000	160730
00	latency	16620020000	147673
00	latency	16650020000	115365
00	latency	16680020000	221098
00	latency	16710020000	148976
00	latency	16740020000	184994
00	latency	16770020000	88394
00	latency	16800020000	83303
00	latency	16830020000	185490
00	latency	16860020000	82235
00	latency	16890020000	155935
00	latency	16920020000	206554
00	latency	16950020000	164036
00	latency	16980020000	129755
00	latency	17010020000	110811
00	latency	17040020000	152571
00	latency	17070020000	80624
00	latency	17100020000	133989
00	latency	17130020000	168363
00	latency	17160020000	136801
00	latency	17190020000	142221
00	latency	17220020000	144920
00	latency	17250020000	108845
00	latency	17280020000	155207
00	latency	17310020000	135777
00	latency	17340020000	162574
00	latency	17370020000	100591
00	latency	17400020000	184619
00	latency	17430020000	147285
00	latency	17460020000	184473
00	latency	17490020000	114137
00	latency	17520020000	168664
00	latency	17550020000	201291
00	latency	17580020000	123250
00	latency	17610020000	118518
00	latency	17640020000	197065
00	latency	17670020000	147890
00	latency	17700020000	160482
00	latency	17730020000	206513
00	latency	17760020000	209993
00	latency	17790020000	114703
00	latency	17820020000	108383
00	latency	17850020000	188435
00	latency	17880020000	157521
00	latency	17910020000	97300
00	latency	17940020000	89092
00	latency	17970020000	171851
00	latency	18000020000	214169
00	latency	18030020000	87918
00	latency	18060020000	166794
00	latency	18090020000	215533
00	latency	18120020000	157674
00	latency	18150020000	159807
00	latency	18180020000	227310
00	latency	18210020000	148433
00	latency	18240020000	74930
00	latency	18270020000	150153
00	latency	18300020000	197107
00	latency	18330020000	170690
00	latency	18360020000	88453
00	latency	18390020000	182751
00	latency	18420020000	168743
00	latency	18450020000	180822
00	latency	18480020000	172063
00	latency	18510020000	88267
00	latency	18540020000	153016
00	latency	18570020000	136838
00	latency	18600020000	208046
00	latency	18630020000	176313
00	latency	18660020000	153760
00	latency	18690020000	151831
00	latency	18720020000	85410
00	latency	18750020000	134023
00	latency	18780020000	185160
00	latency	18810020000	72334
00	latency	18840020000	150458
00	latency	18870020000	203964
00	latency	18900020000	131577
00	latency	18930020000	146750
00	latency	18960020000	94683
00	latency	18990020000	112401
00	latency	19020020000	218848
00	latency	19050020000	116156
00	latency	19080020000	192423
00	latency	19110020000	157666
00	latency	19140020000	82768
00	latency	19170020000	178258
00	latency	19200020000	162900
00	latency	19230020000	154193
00	latency	19260020000	217917
00	latency	19290020000	164655
00	latency	19320020000	197770
00	latency	19350020000	151234
00	latency	19380020000	218826
00	latency	19410020000	98019
00	latency	19440020000	120382
00	latency	19470020000	151974
00	latency	19500020000	115708
00	latency	19530020000	211301
00	latency	19560020000	178147
00	latency	19590020000	112371
00	latency	19620020000	173359
00	latency	19650020000	145732
00	latency	19680020000	162496
00	latency	19710020000	178436
00	latency	19740020000	161480
00	latency	19770020000	185216
00	latency	19800020000	197557
00	latency	19830020000	147248
00	latency	19860020000	136827
00	latency	19890020000	210595
00	latency	19920020000	227881
00	latency	19950020000	173018
00	latency	19980020000	177007
00	latency	20010020000	1203303
00	latency	20040020000	574362
00	latency	20070020000	265996
00	latency	20100020000	1117295
00	latency	20130020000	698919
00	latency	20160020000	341540
00	latency	20190020000	983346
00	latency	20220020000	55450
00	latency	20250020000	123762
00	latency	20280020000	72502
00	latency	20310020000	156165
00	latency	20340020000	79960
00	latency	20370020000	163750
00	latency	20400020000	74698
00	latency	20430020000	142120
00	latency	20460020000	88648
00	latency	20490020000	137160
00	latency	20520020000	63152
00	latency	20550020000	41397
00	latency	20580020000	97970
00	latency	20610020000	75783
00	latency	20640020000	111382
00	latency	20670020000	42511
00	latency	20700020000	47976
00	latency	20730020000	126318
00	latency	20760020000	81685
00	latency	20790020000	119056
00	latency	20820020000	172070
00	latency	20850020000	69363
00	latency	20880020000	172494
00	latency	20910020000	66059
00	latency	20940020000	85333
00	latency	20970020000	47546
00	latency	21000020000	72712
00	latency	21030020000	45992
00	latency	21060020000	136681
00	latency	21090020000	128744
00	latency	21120020000	76030
00	latency	21150020000	173891
00	latency	21180020000	137713
00	latency	21210020000	172043
00	latency	21240020000	52428
00	latency	21270020000	105521
00	latency	21300020000	45290
00	latency	21330020000	155697
00	latency	21360020000	136177
00	latency	21390020000	70112
00	latency	21420020000	45986
00	latency	21450020000	73270
00	latency	21480020000	160512
00	latency	21510020000	55931
00	latency	21540020000	169846
00	latency	21570020000	54674
00	latency	21600020000	45061
00	latency	21630020000	143681
00	latency	21660020000	62058
00	latency	21690020000	135637
00	latency	21720020000	73628
00	latency	21750020000	47642
00	latency	21780020000	40324
00	latency	21810020000	173203
00	latency	21840020000	43427
00	latency	21870020000	160178
00	latency	21900020000	71495
00	latency	21930020000	128522
00	latency	21960020000	60068
00	latency	21990020000	144252
00	latency	22020020000	65106
00	latency	22050020000	94804
00	latency	22080020000	64512
00	latency	22110020000	139203
00	latency	22140020000	159027
00	latency	22170020000	75304
00	latency	22200020000	130042
00	latency	22230020000	164465
00	latency	22260020000	71155
00	latency	22290020000	87916
00	latency	22320020000	149071
00	latency	22350020000	146008
00	latency	22380020000	58726
00	latency	22410020000	169582
00	latency	22440020000	171999
00	latency	22470020000	140742
00	latency	22500020000	172656
00	latency	22530020000	76433
00	latency	22560020000	149227
00	latency	22590020000	143160
00	latency	22620020000	39131
00	latency	22650020000	100694
00	latency	22680020000	169626
00	latency	22710020000	73862
00	latency	22740020000	135435
00	latency	22770020000	143710
00	latency	22800020000	44925
00	latency	22830020000	101681
00	latency	22860020000	166718
00	latency	22890020000	112794
00	latency	22920020000	54880
00	latency	22950020000	141743
00	latency	22980020000	69902
00	latency	23010020000	105662
00	latency	23040020000	72093
00	latency	23070020000	168920
00	latency	23100020000	52811
00	latency	23130020000	57721
00	latency	23160020000	132824
00	latency	23190020000	63985
00	latency	23220020000	123069
00	latency	23250020000	158659
00	latency	23280020000	52980
00	latency	23310020000	104692
00	latency	23340020000	133630
00	latency	23370020000	47251
00	latency	23400020000	67525
00	latency	23430020000	130111
00	latency	23460020000	153624
00	latency	23490020000	66551
00	latency	23520020000	142852
00	latency	23550020000	43509
00	latency	23580020000	168666
00	latency	23610020000	44879
00	latency	23640020000	148426
00	latency	23670020000	67104
00	latency	23700020000	86686
00	latency	23730020000	67566
00	latency	23760020000	106549
00	latency	23790020000	134526
00	latency	23820020000	65345
00	latency	23850020000	71482
00	latency	23880020000	156805
00	latency	23910020000	43463
00	latency	23940020000	163916
00	latency	23970020000	178827
00	latency	24000020000	72021
00	latency	24030020000	132868
00	latency	24060020000	60575
00	latency	24090020000	44042
00	latency	24120020000	50203
00	latency	24150020000	71856
00	latency	24180020000	160185
00	latency	24210020000	126285
00	latency	24240020000	56853
00	latency	24270020000	148413
00	latency	24300020000	62556
00	latency	24330020000	40059
00	latency	24360020000	149673
00	latency	24390020000	103926
00	latency	24420020000	160208
00	latency	24450020000	75976
00	latency	24480020000	171484
00	latency	24510020000	41743
00	latency	24540020000	54185
00	latency	24570020000	162333
00	latency	24600020000	59737
00	latency	24630020000	46753
00	latency	24660020000	170752
00	latency	24690020000	105667
00	latency	24720020000	153470
00	latency	24750020000	78889
00	latency	24780020000	170083
00	latency	24810020000	56022
00	latency	24840020000	159833
00	latency	24870020000	58227
00	latency	24900020000	56614
00	latency	24930020000	159715
00	latency	24960020000	123063
00	latency	24990020000	57610
00	latency	25020020000	163393
00	latency	25050020000	43002
00	latency	25080020000	57817
00	latency	25110020000	60097
00	latency	25140020000	74887
00	latency	25170020000	172665
00	latency	25200020000	120212
00	latency	25230020000	58621
00	latency	25260020000	104530
00	latency	25290020000	157321
00	latency	25320020000	178553
00	latency	25350020000	73909
00	latency	25380020000	181534
00	latency	25410020000	146106
00	latency	25440020000	49753
00	latency	25470020000	161263
00	latency	25500020000	189807
00	latency	25530020000	135091
00	latency	25560020000	149741
00	latency	25590020000	67927
00	latency	25620020000	151889
00	latency	25650020000	69229
00	latency	25680020000	158001
00	latency	25710020000	78023
00	latency	25740020000	163378
00	latency	25770020000	111550
00	latency	25800020000	43206
00	latency	25830020000	141613
00	latency	25860020000	137699
00	latency	25890020000	66194
00	latency	25920020000	74313
00	latency	25950020000	39006
00	latency	25980020000	169845
00	latency	26010020000	84010
00	latency	26040020000	41436
00	latency	26070020000	61245
00	latency	26100020000	72223
00	latency	26130020000	157684
00	latency	26160020000	64699
00	latency	26190020000	172342
00	latency	26220020000	71930
00	latency	26250020000	149252
00	latency	26280020000	99505
00	latency	26310020000	100365
00	latency	26340020000	138810
00	latency	26370020000	143831
00	latency	26400020000	71018
00	latency	26430020000	78585
00	latency	26460020000	64305
00	latency	26490020000	85429
00	latency	26520020000	53962
00	latency	26550020000	141183
00	latency	26580020000	56906
00	latency	26610020000	37328
00	latency	26640020000	53384
00	latency	26670020000	147271
00	latency	26700020000	84560
00	latency	26730020000	73835
00	latency	26760020000	146539
00	latency	26790020000	74083
00	latency	26820020000	122618
00	latency	26850020000	65070
00	latency	26880020000	72215
00	latency	26910020000	94584
00	latency	26940020000	57053
00	latency	26970020000	48292
00	latency	27000020000	76633
00	latency	27030020000	149514
00	latency	27060020000	116699
00	latency	27090020000	46023
00	latency	27120020000	153446
00	latency	27150020000	85582
00	latency	27180020000	60553
00	latency	27210020000	68409
00	latency	27240020000	63026
00	latency	27270020000	45243
00	latency	27300020000	146696
00	latency	27330020000	144167
00	latency	27360020000	85101
00	latency	27390020000	136479
00	latency	27420020000	113527
00	latency	27450020000	58814
00	latency	27480020000	147439
00	latency	27510020000	145359
00	latency	27540020000	149116
00	latency	27570020000	137601
00	latency	27600020000	49762
00	latency	27630020000	154740
00	latency	27660020000	71030
00	latency	27690020000	39703
00	latency	27720020000	109440
00	latency	27750020000	163206
00	latency	27780020000	164044
00	latency	27810020000	157469
00	latency	27840020000	72982
00	latency	27870020000	95913
00	latency	27900020000	65915
00	latency	27930020000	177090
00	latency	27960020000	93117
00	latency	27990020000	43359
00	latency	28020020000	164002
00	latency	28050020000	160440
00	latency	28080020000	82668
00	latency	28110020000	153687
00	latency	28140020000	93784
00	latency	28170020000	60995
00	latency	28200020000	165544
00	latency	28230020000	43994
00	latency	28260020000	80319
00	latency	28290020000	167767
00	latency	28320020000	73159
00	latency	28350020000	49682
00	latency	28380020000	169812
00	latency	28410020000	128232
00	latency	28440020000	60882
00	latency	28470020000	146295
00	latency	28500020000	111943
00	latency	28530020000	62743
00	latency	28560020000	167037
00	latency	28590020000	139174
00	latency	28620020000	79237
00	latency	28650020000	44497
00	latency	28680020000	139717
00	latency	28710020000	41692
00	latency	28740020000	62114
00	latency	28770020000	123442
00	latency	28800020000	97616
00	latency	28830020000	122267
00	latency	28860020000	64344
00	latency	28890020000	149919
00	latency	28920020000	136165
00	latency	28950020000	165182
00	latency	28980020000	62433
00	latency	29010020000	154171
00	latency	29040020000	71889
00	latency	29070020000	104595
00	latency	29100020000	166394
00	latency	29130020000	84655
00	latency	29160020000	54388
00	latency	29190020000	43058
00	latency	29220020000	58075
00	latency	29250020000	169810
00	latency	29280020000	57053
00	latency	29310020000	166362
00	latency	29340020000	67900
00	latency	29370020000	69181
00	latency	29400020000	87047
00	latency	29430020000	168289
00	latency	29460020000	99812
00	latency	29490020000	82870
00	latency	29520020000	142451
00	latency	29550020000	75751
00	latency	29580020000	104344
00	latency	29610020000	145373
00	latency	29640020000	69584
00	latency	29670020000	153002
00	latency	29700020000	56884
00	latency	29730020000	60363
00	latency	29760020000	46645
00	latency	29790020000	76465
00	latency	29820020000	162140
00	latency	29850020000	51413
00	latency	29880020000	136984
00	latency	29910020000	163919
00	latency	29940020000	47007
00	latency	29970020000	158643

00	redistr	10000010903	10000000
00	redistr	20000145163	10000000
00	redistr	20000504450	10000000
00	redistr	20001799026	10000000
00	redistr	20002117864	10000000
00	redistr	20003306743	10000000
00	redistr	20003612439	10000000
00	redistr	20004972740	10000000
00	redistr	20005302936	10000000
00	redistr	20006535657	10000000
00	redistr	20006847500	10000000
00	redistr	20008098039	10000000
00	redistr	20008397018	10000000
00	redistr	20009712338	10000000
00	redistr	20010012985	10000000
00	redistr	20011224497	10000000
00	redistr	20011538587	10000000
00	redistr	20012746052	10000000
00	redistr	20013053229	10000000
00	redistr	20014349762	10000000
00	redistr	20014654773	10000000
00	redistr	20015888521	10000000
00	redistr	20016196297	10000000
00	redistr	20017423191	10000000
00	redistr	20017742752	10000000
00	redistr	20019033892	10000000
00	redistr	20019344131	10000000
00	redistr	20020539394	10000000
00	redistr	20020851768	10000000
00	redistr	20022092608	10000000
00	redistr	20022393410	10000000
00	redistr	20023710578	10000000
00	redistr	20024022432	10000000
00	redistr	20025231188	10000000
00	redistr	20025555569	10000000
00	redistr	20026751248	10000000
00	redistr	20027064155	10000000
00	redistr	20028285379	10000000
00	redistr	20028580959	10000000
00	redistr	20029697175	10000000
00	redistr	20030016061	10000000
00	redistr	20031376344	10000000
00	redistr	20031682891	10000000
00	redistr	20032961841	10000000
00	redistr	20033285330	10000000
00	redistr	20034514829	10000000
00	redistr	20034822322	10000000
00	redistr	20036070916	10000000
00	redistr	20036368494	10000000
00	redistr	20037650413	10000000
00	redistr	20037947342	10000000
00	redistr	20039112145	10000000
00	redistr	20039419790	10000000
00	redistr	20040595338	10000000
00	redistr	20040905733	10000000
00	redistr	20042183720	10000000
00	redistr	20042493755	10000000
00	redistr	20043690678	10000000
00	redistr	20044015035	10000000
00	redistr	20045363874	10000000
00	redistr	20045676346	10000000
00	redistr	20046763805	10000000
00	redistr	20047055230	10000000
00	redistr	20048383273	10000000
00	redistr	20048686898	10000000
00	redistr	20049865100	10000000
00	redistr	20050187349	10000000
00	redistr	20051524030	10000000
00	redistr	20051838051	10000000
00	redistr	20053012112	10000000
00	redistr	20053321084	10000000
00	redistr	20054522914	10000000
00	redistr	20054829752	10000000
00	redistr	20056048317	10000000
00	redistr	20056349549	10000000
00	redistr	20057603694	10000000
00	redistr	20057905200	10000000
00	redistr	20059095525	10000000
00	redistr	20059396882	10000000
00	redistr	20060546413	10000000
00	redistr	20060844984	10000000
00	redistr	20062112196	10000000
00	redistr	20062422214	10000000
00	redistr	20063763352	10000000
00	redistr	20064085486	10000000
00	redistr	20065384130	10000000
00	redistr	20065696186	10000000
00	redistr	20066959250	10000000
00	redistr	20067257998	10000000
00	redistr	20068480434	10000000
00	redistr	20068782357	10000000
00	redistr	20070134520	10000000
00	redistr	20070436834	10000000
00	redistr	20071658333	10000000
00	redistr	20071964909	10000000
00	redistr	20073109939	10000000
00	redistr	20073434514	10000000
00	redistr	20074792161	10000000
00	redistr	20075105392	10000000
00	redistr	20076416554	10000000
00	redistr	20076707902	10000000
00	redistr	20078089455	10000000
00	redistr	20078400236	10000000
00	redistr	20079716137	10000000
00	redistr	20080020567	10000000
00	redistr	20081175144	10000000
00	redistr	20081498253	10000000
00	redistr	20082814377	10000000
00	redistr	20083124166	10000000
00	redistr	20084464413	10000000
00	redistr	20084782924	10000000
00	redistr	20085896276	10000000
00	redistr	20086199759	10000000
00	redistr	20087438664	10000000
00	redistr	20087760577	10000000
00	redistr	20089030146	10000000
00	redistr	20089350618	10000000
00	redistr	20090598736	10000000
00	redistr	20090903418	10000000
00	redistr	20092216020	10000000
00	redistr	20092530510	10000000
00	redistr	20093774814	10000000
00	redistr	20094087045	10000000
00	redistr	20095258532	10000000
00	redistr	20095563908	10000000
00	redistr	20096831921	10000000
00	redistr	20097139243	10000000
00	redistr	20098319324	10000000
00	redistr	20098625843	10000000
00	redistr	20099801984	10000000
00	redistr	20100108582	10000000
00	redistr	20101398743	10000000
00	redistr	20101712966	10000000
00	redistr	20103044063	10000000
00	redistr	20103367794	10000000
00	redistr	20104574379	10000000
00	redistr	20104874854	10000000
00	redistr	20106182662	10000000
00	redistr	20106490771	10000000
00	redistr	20107738278	10000000
00	redistr	20108032318	10000000
00	redistr	20109221866	10000000
00	redistr	20109545146	10000000
00	redistr	20110686959	10000000
00	redistr	20110994611	10000000
00	redistr	20112255815	10000000
00	redistr	20112555349	10000000
00	redistr	20113819211	10000000
00	redistr	20114121198	10000000
00	redistr	20115343224	10000000
00	redistr	20115651561	10000000
00	redistr	20116888297	10000000
00	redistr	20117198615	10000000
00	redistr	20118413955	10000000
00	redistr	20118716785	10000000
00	redistr	20119862935	10000000
00	redistr	20120174042	10000000
00	redistr	20121522551	10000000
00	redistr	20121823363	10000000
00	redistr	20123029066	10000000
00	redistr	20123320374	10000000
00	redistr	20124453383	10000000
00	redistr	20124741853	10000000
00	redistr	20126089780	10000000
00	redistr	20126385700	10000000
00	redistr	20127713226	10000000
00	redistr	20128007589	10000000
00	redistr	20129239318	10000000
00	redistr	20129551481	10000000
00	redistr	20130721086	10000000
00	redistr	20131020865	10000000
00	redistr	20132252657	10000000
00	redistr	20132571718	10000000
00	redistr	20133929610	10000000
00	redistr	20134226663	10000000
00	redistr	20135513635	10000000
00	redistr	20135813675	10000000
00	redistr	20137008550	10000000
00	redistr	20137331113	10000000
00	redistr	20138637804	10000000
00	redistr	20138937906	10000000
00	redistr	20140147394	10000000
00	redistr	20140457606	10000000
00	redistr	20141768668	10000000
00	redistr	20142066382	10000000
00	redistr	20143256107	10000000
00	redistr	20143567880	10000000
00	redistr	20144852949	10000000
00	redistr	20145161641	10000000
00	redistr	20146359642	10000000
00	redistr	20146667451	10000000
00	redistr	20147950076	10000000
00	redistr	20148253070	10000000
00	redistr	20149499156	10000000
00	redistr	20149803105	10000000
00	redistr	20150975655	10000000
00	redistr	20151285598	10000000
00	redistr	20152541150	10000000
00	redistr	20152838799	10000000
00	redistr	20154185577	10000000
00	redistr	20154497177	10000000
00	redistr	20155779738	10000000
00	redistr	20156082210	10000000
00	redistr	20157395048	10000000
00	redistr	20157714937	10000000
00	redistr	20158942966	10000000
00	redistr	20159232797	10000000
00	redistr	20160363630	10000000
00	redistr	20160683252	10000000
00	redistr	20162019460	10000000
00	redistr	20162334476	10000000
00	redistr	20163658819	10000000
00	redistr	20163974900	10000000
00	redistr	20165213978	10000000
00	redistr	20165554045	10000000
00	redistr	20166775703	10000000
00	redistr	20167060492	10000000
00	redistr	20168283703	10000000
00	redistr	20168607467	10000000
00	redistr	20169876075	10000000
00	redistr	20170160747	10000000
00	redistr	20171405827	10000000
00	redistr	20171713899	10000000
00	redistr	20172930428	10000000
00	redistr	20173237118	10000000
00	redistr	20174439817	10000000
00	redistr	20174727331	10000000
00	redistr	20175858105	10000000
00	redistr	20176169734	10000000
00	redistr	20177425613	10000000
00	redistr	20177728609	10000000
00	redistr	20178892763	10000000
00	redistr	20179210148	10000000
00	redistr	20180418571	10000000
00	redistr	20180726943	10000000
00	redistr	20181950763	10000000
00	redistr	20182248974	10000000
00	redistr	20183403824	10000000
00	redistr	20183701346	10000000
00	redistr	20184935147	10000000
00	redistr	20185226662	10000000
00	redistr	20186485374	10000000
00	redistr	20186802940	10000000
00	redistr	20187953180	10000000
00	redistr	20188256474	10000000
00	redistr	20189429170	10000000
00	redistr	20189730538	10000000
00	redistr	20191005597	10000000
00	redistr	20191299943	10000000
00	redistr	20192510793	10000000
00	redistr	20192816338	10000000
00	redistr	20194039030	10000000
00	redistr	20194339331	10000000
00	redistr	20195653093	10000000
00	redistr	20195946849	10000000
00	redistr	20197006254	10000000
00	redistr	20197316828	10000000
