args: Args { inner: ["target/release/examples/word_count", "10", "100000", "10240000", "open-loop", "-n", "2", "-p", "1", "-w", "1"] }
rounds: 10, batch: 100000, keys: 10240000, open_loop: true
worker 00:	36306	154467	4806715575	5106695575	(of 1500000 measurements)
00	latency	20000	792687
00	latency	30020000	68637
00	latency	60020000	49239
00	latency	90020000	184878
00	latency	120020000	60490
00	latency	150020000	127353
00	latency	180020000	59960
00	latency	210020000	84066
00	latency	240020000	53056
00	latency	270020000	61312
00	latency	300020000	46930
00	latency	330020000	163765
00	latency	360020000	51247
00	latency	390020000	167305
00	latency	420020000	61513
00	latency	450020000	180566
00	latency	480020000	41112
00	latency	510020000	148850
00	latency	540020000	40679
00	latency	570020000	132477
00	latency	600020000	41240
00	latency	630020000	169391
00	latency	660020000	111643
00	latency	690020000	141063
00	latency	720020000	149911
00	latency	750020000	166324
00	latency	780020000	166462
00	latency	810020000	70142
00	latency	840020000	158187
00	latency	870020000	71500
00	latency	900020000	102132
00	latency	930020000	124193
00	latency	960020000	49404
00	latency	990020000	121860
00	latency	1020020000	80977
00	latency	1050020000	51029
00	latency	1080020000	105834
00	latency	1110020000	73447
00	latency	1140020000	47488
00	latency	1170020000	76278
00	latency	1200020000	44050
00	latency	1230020000	65844
00	latency	1260020000	69459
00	latency	1290020000	184793
00	latency	1320020000	121651
00	latency	1350020000	66717
00	latency	1380020000	95500
00	latency	1410020000	51590
00	latency	1440020000	47930
00	latency	1470020000	46079
00	latency	1500020000	48437
00	latency	1530020000	48594
00	latency	1560020000	42026
00	latency	1590020000	133912
00	latency	1620020000	61887
00	latency	1650020000	158696
00	latency	1680020000	116260
00	latency	1710020000	59233
00	latency	1740020000	142420
00	latency	1770020000	72878
00	latency	1800020000	64501
00	latency	1830020000	161444
00	latency	1860020000	139714
00	latency	1890020000	67922
00	latency	1920020000	45050
00	latency	1950020000	141869
00	latency	1980020000	138522
00	latency	2010020000	54906
00	latency	2040020000	52748
00	latency	2070020000	58805
00	latency	2100020000	46417
00	latency	2130020000	151862
00	latency	2160020000	44739
00	latency	2190020000	66818
00	latency	2220020000	83812
00	latency	2250020000	104466
00	latency	2280020000	177935
00	latency	2310020000	108673
00	latency	2340020000	166585
00	latency	2370020000	179792
00	latency	2400020000	171597
00	latency	2430020000	57362
00	latency	2460020000	56140
00	latency	2490020000	167523
00	latency	2520020000	158848
00	latency	2550020000	124650
00	latency	2580020000	50004
00	latency	2610020000	146268
00	latency	2640020000	52406
00	latency	2670020000	80542
00	latency	2700020000	84390
00	latency	2730020000	72492
00	latency	2760020000	131714
00	latency	2790020000	49163
00	latency	2820020000	49631
00	latency	2850020000	92883
00	latency	2880020000	50816
00	latency	2910020000	65534
00	latency	2940020000	52064
00	latency	2970020000	128174
00	latency	3000020000	71958
00	latency	3030020000	138108
00	latency	3060020000	75462
00	latency	3090020000	105096
00	latency	3120020000	134554
00	latency	3150020000	143548
00	latency	3180020000	69143
00	latency	3210020000	64124
00	latency	3240020000	44173
00	latency	3270020000	171116
00	latency	3300020000	70788
00	latency	3330020000	52041
00	latency	3360020000	69438
00	latency	3390020000	159163
00	latency	3420020000	68834
00	latency	3450020000	190016
00	latency	3480020000	157776
00	latency	3510020000	60860
00	latency	3540020000	60437
00	latency	3570020000	182188
00	latency	3600020000	43591
00	latency	3630020000	99695
00	latency	3660020000	138284
00	latency	3690020000	124904
00	latency	3720020000	144897
00	latency	3750020000	184907
00	latency	3780020000	74900
00	latency	3810020000	54296
00	latency	3840020000	177168
00	latency	3870020000	150747
00	latency	3900020000	68018
00	latency	3930020000	122239
00	latency	3960020000	95747
00	latency	3990020000	59352
00	latency	4020020000	57429
00	latency	4050020000	108390
00	latency	4080020000	55902
00	latency	4110020000	146380
00	latency	4140020000	87010
00	latency	4170020000	55824
00	latency	4200020000	50074
00	latency	4230020000	49377
00	latency	4260020000	57886
00	latency	4290020000	165050
00	latency	4320020000	155442
00	latency	4350020000	59428
00	latency	4380020000	82186
00	latency	4410020000	119961
00	latency	4440020000	117373
00	latency	4470020000	64234
00	latency	4500020000	86957
00	latency	4530020000	61241
00	latency	4560020000	57880
00	latency	4590020000	177710
00	latency	4620020000	59625
00	latency	4650020000	39251
00	latency	4680020000	62893
00	latency	4710020000	175928
00	latency	4740020000	57331
00	latency	4770020000	141060
00	latency	4800020000	66042
00	latency	4830020000	87446
00	latency	4860020000	102902
00	latency	4890020000	174358
00	latency	4920020000	70573
00	latency	4950020000	166371
00	latency	4980020000	70305
00	latency	5010020000	54883
00	latency	5040020000	81270
00	latency	5070020000	127704
00	latency	5100020000	66750
00	latency	5130020000	178975
00	latency	5160020000	126415
00	latency	5190020000	169285
00	latency	5220020000	124418
00	latency	5250020000	175828
00	latency	5280020000	184993
00	latency	5310020000	52419
00	latency	5340020000	65222
00	latency	5370020000	137691
00	latency	5400020000	85465
00	latency	5430020000	147355
00	latency	5460020000	94250
00	latency	5490020000	178748
00	latency	5520020000	74149
00	latency	5550020000	167653
00	latency	5580020000	61485
00	latency	5610020000	172047
00	latency	5640020000	161001
00	latency	5670020000	88659
00	latency	5700020000	39283
00	latency	5730020000	158264
00	latency	5760020000	46975
00	latency	5790020000	169014
00	latency	5820020000	135222
00	latency	5850020000	60741
00	latency	5880020000	70709
00	latency	5910020000	135001
00	latency	5940020000	70549
00	latency	5970020000	171532
00	latency	6000020000	55251
00	latency	6030020000	159943
00	latency	6060020000	71483
00	latency	6090020000	159627
00	latency	6120020000	76212
00	latency	6150020000	75532
00	latency	6180020000	127421
00	latency	6210020000	57824
00	latency	6240020000	148803
00	latency	6270020000	63601
00	latency	6300020000	121518
00	latency	6330020000	64159
00	latency	6360020000	64084
00	latency	6390020000	141912
00	latency	6420020000	65840
00	latency	6450020000	176062
00	latency	6480020000	62402
00	latency	6510020000	131801
00	latency	6540020000	54580
00	latency	6570020000	77857
00	latency	6600020000	76166
00	latency	6630020000	172464
00	latency	6660020000	82202
00	latency	6690020000	40919
00	latency	6720020000	67989
00	latency	6750020000	60543
00	latency	6780020000	102917
00	latency	6810020000	192108
00	latency	6840020000	57361
00	latency	6870020000	128781
00	latency	6900020000	70706
00	latency	6930020000	63096
00	latency	6960020000	67940
00	latency	6990020000	65391
00	latency	7020020000	90929
00	latency	7050020000	148648
00	latency	7080020000	167943
00	latency	7110020000	64622
00	latency	7140020000	127265
00	latency	7170020000	90772
00	latency	7200020000	167260
00	latency	7230020000	44293
00	latency	7260020000	59771
00	latency	7290020000	152370
00	latency	7320020000	89747
00	latency	7350020000	47713
00	latency	7380020000	143852
00	latency	7410020000	122604
00	latency	7440020000	83556
00	latency	7470020000	50292
00	latency	7500020000	146471
00	latency	7530020000	56762
00	latency	7560020000	129179
00	latency	7590020000	182158
00	latency	7620020000	172260
00	latency	7650020000	74491
00	latency	7680020000	127421
00	latency	7710020000	73118
00	latency	7740020000	48930
00	latency	7770020000	171119
00	latency	7800020000	143804
00	latency	7830020000	78525
00	latency	7860020000	187376
00	latency	7890020000	112663
00	latency	7920020000	82129
00	latency	7950020000	50428
00	latency	7980020000	53912
00	latency	8010020000	136370
00	latency	8040020000	79334
00	latency	8070020000	70056
00	latency	8100020000	63944
00	latency	8130020000	155422
00	latency	8160020000	47078
00	latency	8190020000	151135
00	latency	8220020000	65885
00	latency	8250020000	45638
00	latency	8280020000	122290
00	latency	8310020000	162913
00	latency	8340020000	191007
00	latency	8370020000	142259
00	latency	8400020000	72682
00	latency	8430020000	54583
00	latency	8460020000	104247
00	latency	8490020000	175900
00	latency	8520020000	143614
00	latency	8550020000	148805
00	latency	8580020000	49362
00	latency	8610020000	186292
00	latency	8640020000	153784
00	latency	8670020000	177925
00	latency	8700020000	69094
00	latency	8730020000	174792
00	latency	8760020000	113293
00	latency	8790020000	86506
00	latency	8820020000	47812
00	latency	8850020000	73347
00	latency	8880020000	112964
00	latency	8910020000	176350
00	latency	8940020000	98672
00	latency	8970020000	153603
00	latency	9000020000	111078
00	latency	9030020000	86305
00	latency	9060020000	63277
00	latency	9090020000	153211
00	latency	9120020000	169828
00	latency	9150020000	142539
00	latency	9180020000	91412
00	latency	9210020000	129938
00	latency	9240020000	131878
00	latency	9270020000	46642
00	latency	9300020000	85951
00	latency	9330020000	70122
00	latency	9360020000	45021
00	latency	9390020000	43960
00	latency	9420020000	168132
00	latency	9450020000	40549
00	latency	9480020000	97748
00	latency	9510020000	170964
00	latency	9540020000	106523
00	latency	9570020000	137108
00	latency	9600020000	153327
00	latency	9630020000	83905
00	latency	9660020000	157635
00	latency	9690020000	53833
00	latency	9720020000	182004
00	latency	9750020000	56411
00	latency	9780020000	48584
00	latency	9810020000	192003
00	latency	9840020000	167704
00	latency	9870020000	71874
00	latency	9900020000	82214
00	latency	9930020000	147563
00	latency	9960020000	61212
00	latency	9990020000	90632
00	latency	10020020000	5086815575
00	latency	10050020000	5056815575
00	latency	10080020000	5026815575
00	latency	10110020000	4996815575
00	latency	10140020000	4966815575
00	latency	10170020000	4936815575
00	latency	10200020000	4906815575
00	latency	10230020000	4876815575
00	latency	10260020000	4846815575
00	latency	10290020000	4816815575
00	latency	10320020000	4786815575
00	latency	10350020000	4756815575
00	latency	10380020000	4726815575
00	latency	10410020000	4696815575
00	latency	10440020000	4666815575
00	latency	10470020000	4636815575
00	latency	10500020000	4606815575
00	latency	10530020000	4576815575
00	latency	10560020000	4546815575
00	latency	10590020000	4516815575
00	latency	10620020000	4486815575
00	latency	10650020000	4456815575
00	latency	10680020000	4426815575
00	latency	10710020000	4396815575
00	latency	10740020000	4366815575
00	latency	10770020000	4336815575
00	latency	10800020000	4306815575
00	latency	10830020000	4276815575
00	latency	10860020000	4246815575
00	latency	10890020000	4216815575
00	latency	10920020000	4186815575
00	latency	10950020000	4156815575
00	latency	10980020000	4126815575
00	latency	11010020000	4096815575
00	latency	11040020000	4066815575
00	latency	11070020000	4036815575
00	latency	11100020000	4006815575
00	latency	11130020000	3976815575
00	latency	11160020000	3946815575
00	latency	11190020000	3916815575
00	latency	11220020000	3886815575
00	latency	11250020000	3856815575
00	latency	11280020000	3826815575
00	latency	11310020000	3796815575
00	latency	11340020000	3766815575
00	latency	11370020000	3736815575
00	latency	11400020000	3706815575
00	latency	11430020000	3676815575
00	latency	11460020000	3646815575
00	latency	11490020000	3616815575
00	latency	11520020000	3586815575
00	latency	11550020000	3556815575
00	latency	11580020000	3526815575
00	latency	11610020000	3496815575
00	latency	11640020000	3466815575
00	latency	11670020000	3436815575
00	latency	11700020000	3406815575
00	latency	11730020000	3376815575
00	latency	11760020000	3346815575
00	latency	11790020000	3316815575
00	latency	11820020000	3286815575
00	latency	11850020000	3256815575
00	latency	11880020000	3226815575
00	latency	11910020000	3196815575
00	latency	11940020000	3166815575
00	latency	11970020000	3136815575
00	latency	12000020000	3106815575
00	latency	12030020000	3076815575
00	latency	12060020000	3046815575
00	latency	12090020000	3016815575
00	latency	12120020000	2986815575
00	latency	12150020000	2956815575
00	latency	12180020000	2926815575
00	latency	12210020000	2896815575
00	latency	12240020000	2866815575
00	latency	12270020000	2836815575
00	latency	12300020000	2806815575
00	latency	12330020000	2776815575
00	latency	12360020000	2746815575
00	latency	12390020000	2716815575
00	latency	12420020000	2686815575
00	latency	12450020000	2656815575
00	latency	12480020000	2626815575
00	latency	12510020000	2596815575
00	latency	12540020000	2566815575
00	latency	12570020000	2536815575
00	latency	12600020000	2506815575
00	latency	12630020000	2476815575
00	latency	12660020000	2446815575
00	latency	12690020000	2416815575
00	latency	12720020000	2386815575
00	latency	12750020000	2356815575
00	latency	12780020000	2326815575
00	latency	12810020000	2296815575
00	latency	12840020000	2266815575
00	latency	12870020000	2236815575
00	latency	12900020000	2206815575
00	latency	12930020000	2176815575
00	latency	12960020000	2146815575
00	latency	12990020000	2116815575
00	latency	13020020000	2086815575
00	latency	13050020000	2056815575
00	latency	13080020000	2026815575
00	latency	13110020000	1996815575
00	latency	13140020000	1966815575
00	latency	13170020000	1936815575
00	latency	13200020000	1906815575
00	latency	13230020000	1876815575
00	latency	13260020000	1846815575
00	latency	13290020000	1816815575
00	latency	13320020000	1786815575
00	latency	13350020000	1756815575
00	latency	13380020000	1726815575
00	latency	13410020000	1696815575
00	latency	13440020000	1666815575
00	latency	13470020000	1636815575
00	latency	13500020000	1606815575
00	latency	13530020000	1576815575
00	latency	13560020000	1546815575
00	latency	13590020000	1516815575
00	latency	13620020000	1486815575
00	latency	13650020000	1456815575
00	latency	13680020000	1426815575
00	latency	13710020000	1396815575
00	latency	13740020000	1366815575
00	latency	13770020000	1336815575
00	latency	13800020000	1306815575
00	latency	13830020000	1276815575
00	latency	13860020000	1246815575
00	latency	13890020000	1216815575
00	latency	13920020000	1186815575
00	latency	13950020000	1156815575
00	latency	13980020000	1126815575
00	latency	14010020000	1096815575
00	latency	14040020000	1066815575
00	latency	14070020000	1036815575
00	latency	14100020000	1006815575
00	latency	14130020000	976815575
00	latency	14160020000	946815575
00	latency	14190020000	916815575
00	latency	14220020000	886815575
00	latency	14250020000	856815575
00	latency	14280020000	826815575
00	latency	14310020000	796815575
00	latency	14340020000	766815575
00	latency	14370020000	736815575
00	latency	14400020000	706815575
00	latency	14430020000	676815575
00	latency	14460020000	646815575
00	latency	14490020000	616815575
00	latency	14520020000	586815575
00	latency	14550020000	556815575
00	latency	14580020000	526815575
00	latency	14610020000	496815575
00	latency	14640020000	466815575
00	latency	14670020000	476928936
00	latency	14700020000	446928936
00	latency	14730020000	416928936
00	latency	14760020000	386928936
00	latency	14790020000	356928936
00	latency	14820020000	326928936
00	latency	14850020000	296928936
00	latency	14880020000	266928936
00	latency	14910020000	236928936
00	latency	14940020000	206928936
00	latency	14970020000	176928936
00	latency	15000020000	146928936
00	latency	15030020000	116928936
00	latency	15060020000	86928936
00	latency	15090020000	56928936
00	latency	15120020000	30394063
00	latency	15150020000	997675
00	latency	15180020000	132310
00	latency	15210020000	172304
00	latency	15240020000	122635
00	latency	15270020000	168193
00	latency	15300020000	100840
00	latency	15330020000	129375
00	latency	15360020000	166831
00	latency	15390020000	197179
00	latency	15420020000	219840
00	latency	15450020000	225430
00	latency	15480020000	143138
00	latency	15510020000	216944
00	latency	15540020000	72439
00	latency	15570020000	215926
00	latency	15600020000	74599
00	latency	15630020000	85881
00	latency	15660020000	150413
00	latency	15690020000	113367
00	latency	15720020000	119970
00	latency	15750020000	116884
00	latency	15780020000	114679
00	latency	15810020000	174568
00	latency	15840020000	186647
00	latency	15870020000	129693
00	latency	15900020000	96323
00	latency	15930020000	97285
00	latency	15960020000	150402
00	latency	15990020000	161451
00	latency	16020020000	209661
00	latency	16050020000	138319
00	latency	16080020000	210084
00	latency	16110020000	160879
00	latency	16140020000	70800
00	latency	16170020000	194620
00	latency	16200020000	94105
00	latency	16230020000	131113
00	latency	16260020000	194953
00	latency	16290020000	125451
00	latency	16320020000	138446
00	latency	16350020000	127987
00	latency	16380020000	202386
00	latency	16410020000	212957
00	latency	16440020000	195113
00	latency	16470020000	142516
00	latency	16500020000	202586
00	latency	16530020000	156755
00	latency	16560020000	179317
00	latency	16590020000	131844
00	latency	16620020000	161537
00	latency	16650020000	163799
00	latency	16680020000	110534
00	latency	16710020000	137243
00	latency	16740020000	197433
00	latency	16770020000	185443
00	latency	16800020000	104164
00	latency	16830020000	123358
00	latency	16860020000	185645
00	latency	16890020000	203837
00	latency	16920020000	182835
00	latency	16950020000	173124
00	latency	16980020000	86020
00	latency	17010020000	101245
00	latency	17040020000	214447
00	latency	17070020000	140883
00	latency	17100020000	161319
00	latency	17130020000	144500
00	latency	17160020000	108017
00	latency	17190020000	154035
00	latency	17220020000	134763
00	latency	17250020000	214145
00	latency	17280020000	153529
00	latency	17310020000	98297
00	latency	17340020000	100398
00	latency	17370020000	75937
00	latency	17400020000	81655
00	latency	17430020000	172071
00	latency	17460020000	100635
00	latency	17490020000	187180
00	latency	17520020000	80366
00	latency	17550020000	78926
00	latency	17580020000	114705
00	latency	17610020000	149534
00	latency	17640020000	81008
00	latency	17670020000	219327
00	latency	17700020000	134977
00	latency	17730020000	137215
00	latency	17760020000	178980
00	latency	17790020000	145636
00	latency	17820020000	91935
00	latency	17850020000	230661
00	latency	17880020000	104598
00	latency	17910020000	161836
00	latency	17940020000	120024
00	latency	17970020000	175354
00	latency	18000020000	152767
00	latency	18030020000	188555
00	latency	18060020000	114173
00	latency	18090020000	193396
00	latency	18120020000	195601
00	latency	18150020000	231576
00	latency	18180020000	153832
00	latency	18210020000	168502
00	latency	18240020000	158054
00	latency	18270020000	157437
00	latency	18300020000	148983
00	latency	18330020000	217311
00	latency	18360020000	108489
00	latency	18390020000	113667
00	latency	18420020000	181081
00	latency	18450020000	167316
00	latency	18480020000	145252
00	latency	18510020000	132682
00	latency	18540020000	107659
00	latency	18570020000	121892
00	latency	18600020000	89218
00	latency	18630020000	152268
00	latency	18660020000	136863
00	latency	18690020000	247104
00	latency	18720020000	120837
00	latency	18750020000	154807
00	latency	18780020000	212757
00	latency	18810020000	221120
00	latency	18840020000	175652
00	latency	18870020000	116251
00	latency	18900020000	78059
00	latency	18930020000	99409
00	latency	18960020000	180319
00	latency	18990020000	208281
00	latency	19020020000	130299
00	latency	19050020000	98649
00	latency	19080020000	192052
00	latency	19110020000	206442
00	latency	19140020000	205777
00	latency	19170020000	211181
00	latency	19200020000	161695
00	latency	19230020000	106983
00	latency	19260020000	238722
00	latency	19290020000	88294
00	latency	19320020000	189397
00	latency	19350020000	198189
00	latency	19380020000	191119
00	latency	19410020000	154850
00	latency	19440020000	127268
00	latency	19470020000	159960
00	latency	19500020000	197150
00	latency	19530020000	212514
00	latency	19560020000	56930
00	latency	19590020000	154617
00	latency	19620020000	90237
00	latency	19650020000	198878
00	latency	19680020000	223783
00	latency	19710020000	157776
00	latency	19740020000	143157
00	latency	19770020000	129335
00	latency	19800020000	93599
00	latency	19830020000	126589
00	latency	19860020000	79809
00	latency	19890020000	110675
00	latency	19920020000	163633
00	latency	19950020000	96586
00	latency	19980020000	194308
00	latency	20010020000	15662883
00	latency	20040020000	7396548
00	latency	20070020000	21048364
00	latency	20100020000	12333839
00	latency	20130020000	3202743
00	latency	20160020000	15728408
00	latency	20190020000	6559713
00	latency	20220020000	18471023
00	latency	20250020000	8902163
00	latency	20280020000	1067149
00	latency	20310020000	14548504
00	latency	20340020000	5216041
00	latency	20370020000	16412549
00	latency	20400020000	7687272
00	latency	20430020000	18743610
00	latency	20460020000	10080714
00	latency	20490020000	1466395
00	latency	20520020000	15115065
00	latency	20550020000	5713048
00	latency	20580020000	18496505
00	latency	20610020000	8444535
00	latency	20640020000	21113091
00	latency	20670020000	12824565
00	latency	20700020000	3542625
00	latency	20730020000	17116066
00	latency	20760020000	8333270
00	latency	20790020000	1152373
00	latency	20820020000	11508731
00	latency	20850020000	5038542
00	latency	20880020000	18696663
00	latency	20910020000	11874304
00	latency	20940020000	3394947
00	latency	20970020000	17192270
00	latency	21000020000	9411530
00	latency	21030020000	1541889
00	latency	21060020000	14479937
00	latency	21090020000	6296402
00	latency	21120020000	18454633
00	latency	21150020000	11017838
00	latency	21180020000	2757404
00	latency	21210020000	18045961
00	latency	21240020000	9392562
00	latency	21270020000	2184724
00	latency	21300020000	15823573
00	latency	21330020000	8154638
00	latency	21360020000	1334089
00	latency	21390020000	14533399
00	latency	21420020000	5583331
00	latency	21450020000	18425336
00	latency	21480020000	9805596
00	latency	21510020000	2964687
00	latency	21540020000	16442059
00	latency	21570020000	8757079
00	latency	21600020000	851683
00	latency	21630020000	13622107
00	latency	21660020000	5563124
00	latency	21690020000	18993716
00	latency	21720020000	10410051
00	latency	21750020000	2842595
00	latency	21780020000	17471880
00	latency	21810020000	9144473
00	latency	21840020000	1931808
00	latency	21870020000	16643549
00	latency	21900020000	10503022
00	latency	21930020000	2711399
00	latency	21960020000	19380693
00	latency	21990020000	12161934
00	latency	22020020000	4112065
00	latency	22050020000	18064746
00	latency	22080020000	10024391
00	latency	22110020000	3715688
00	latency	22140020000	16645358
00	latency	22170020000	12754485
00	latency	22200020000	4090516
00	latency	22230020000	19511666
00	latency	22260020000	11508373
00	latency	22290020000	4757839
00	latency	22320020000	18632715
00	latency	22350020000	10682060
00	latency	22380020000	2156932
00	latency	22410020000	17081627
00	latency	22440020000	10252534
00	latency	22470020000	3107569
00	latency	22500020000	17815336
00	latency	22530020000	9149140
00	latency	22560020000	2679042
00	latency	22590020000	17791844
00	latency	22620020000	10126370
00	latency	22650020000	3020015
00	latency	22680020000	18353001
00	latency	22710020000	9694511
00	latency	22740020000	2873523
00	latency	22770020000	18009099
00	latency	22800020000	9943805
00	latency	22830020000	74259
00	latency	22860020000	69653
00	latency	22890020000	95410
00	latency	22920020000	48745
00	latency	22950020000	76286
00	latency	22980020000	78941
00	latency	23010020000	134436
00	latency	23040020000	172066
00	latency	23070020000	63555
00	latency	23100020000	112775
00	latency	23130020000	102712
00	latency	23160020000	146580
00	latency	23190020000	47305
00	latency	23220020000	156388
00	latency	23250020000	83257
00	latency	23280020000	128474
00	latency	23310020000	101617
00	latency	23340020000	55662
00	latency	23370020000	167954
00	latency	23400020000	71558
00	latency	23430020000	86928
00	latency	23460020000	183787
00	latency	23490020000	62971
00	latency	23520020000	67704
00	latency	23550020000	150064
00	latency	23580020000	74894
00	latency	23610020000	73914
00	latency	23640020000	48049
00	latency	23670020000	58131
00	latency	23700020000	45786
00	latency	23730020000	168698
00	latency	23760020000	149530
00	latency	23790020000	70503
00	latency	23820020000	55981
00	latency	23850020000	49795
00	latency	23880020000	104882
00	latency	23910020000	139082
00	latency	23940020000	167495
00	latency	23970020000	46880
00	latency	24000020000	166973
00	latency	24030020000	145933
00	latency	24060020000	63028
00	latency	24090020000	193510
00	latency	24120020000	158363
00	latency	24150020000	44051
00	latency	24180020000	63852
00	latency	24210020000	86902
00	latency	24240020000	147323
00	latency	24270020000	113907
00	latency	24300020000	66744
00	latency	24330020000	51016
00	latency	24360020000	56987
00	latency	24390020000	134088
00	latency	24420020000	78560
00	latency	24450020000	168213
00	latency	24480020000	113023
00	latency	24510020000	139780
00	latency	24540020000	170132
00	latency	24570020000	47616
00	latency	24600020000	94528
00	latency	24630020000	51054
00	latency	24660020000	48594
00	latency	24690020000	42509
00	latency	24720020000	145020
00	latency	24750020000	83682
00	latency	24780020000	148290
00	latency	24810020000	159473
00	latency	24840020000	194704
00	latency	24870020000	56222
00	latency	24900020000	64955
00	latency	24930020000	183691
00	latency	24960020000	175007
00	latency	24990020000	148912
00	latency	25020020000	149187
00	latency	25050020000	165775
00	latency	25080020000	91510
00	latency	25110020000	179011
00	latency	25140020000	180269
00	latency	25170020000	171495
00	latency	25200020000	142833
00	latency	25230020000	165857
00	latency	25260020000	124190
00	latency	25290020000	48656
00	latency	25320020000	52874
00	latency	25350020000	63670
00	latency	25380020000	100765
00	latency	25410020000	143889
00	latency	25440020000	83837
00	latency	25470020000	185336
00	latency	25500020000	54691
00	latency	25530020000	121785
00	latency	25560020000	75640
00	latency	25590020000	151841
00	latency	25620020000	185201
00	latency	25650020000	51893
00	latency	25680020000	4739860
00	latency	25710020000	83342
00	latency	25740020000	86093
00	latency	25770020000	87205
00	latency	25800020000	155063
00	latency	25830020000	67327
00	latency	25860020000	173163
00	latency	25890020000	103123
00	latency	25920020000	126413
00	latency	25950020000	75502
00	latency	25980020000	59640
00	latency	26010020000	131163
00	latency	26040020000	110760
00	latency	26070020000	76149
00	latency	26100020000	158301
00	latency	26130020000	111528
00	latency	26160020000	89023
00	latency	26190020000	176465
00	latency	26220020000	75247
00	latency	26250020000	71145
00	latency	26280020000	39127
00	latency	26310020000	180006
00	latency	26340020000	100643
00	latency	26370020000	47991
00	latency	26400020000	65111
00	latency	26430020000	177592
00	latency	26460020000	169493
00	latency	26490020000	57044
00	latency	26520020000	123724
00	latency	26550020000	59930
00	latency	26580020000	62016
00	latency	26610020000	76300
00	latency	26640020000	93162
00	latency	26670020000	159201
00	latency	26700020000	152362
00	latency	26730020000	181686
00	latency	26760020000	80492
00	latency	26790020000	70236
00	latency	26820020000	71994
00	latency	26850020000	161224
00	latency	26880020000	79490
00	latency	26910020000	40541
00	latency	26940020000	91459
00	latency	26970020000	47908
00	latency	27000020000	60525
00	latency	27030020000	40858
00	latency	27060020000	70364
00	latency	27090020000	184972
00	latency	27120020000	123467
00	latency	27150020000	173759
00	latency	27180020000	149753
00	latency	27210020000	130128
00	latency	27240020000	54086
00	latency	27270020000	182191
00	latency	27300020000	95284
00	latency	27330020000	159932
00	latency	27360020000	203811
00	latency	27390020000	162211
00	latency	27420020000	216108
00	latency	27450020000	151070
00	latency	27480020000	168081
00	latency	27510020000	222067
00	latency	27540020000	130081
00	latency	27570020000	166799
00	latency	27600020000	80220
00	latency	27630020000	165394
00	latency	27660020000	154966
00	latency	27690020000	61672
00	latency	27720020000	176710
00	latency	27750020000	58565
00	latency	27780020000	56384
00	latency	27810020000	182030
00	latency	27840020000	183681
00	latency	27870020000	77947
00	latency	27900020000	98694
00	latency	27930020000	126792
00	latency	27960020000	177033
00	latency	27990020000	124117
00	latency	28020020000	168406
00	latency	28050020000	66103
00	latency	28080020000	69343
00	latency	28110020000	64354
00	latency	28140020000	174005
00	latency	28170020000	47945
00	latency	28200020000	169939
00	latency	28230020000	177837
00	latency	28260020000	101042
00	latency	28290020000	50514
00	latency	28320020000	59666
00	latency	28350020000	103361
00	latency	28380020000	1400315
00	latency	28410020000	88280
00	latency	28440020000	119635
00	latency	28470020000	58191
00	latency	28500020000	167610
00	latency	28530020000	119888
00	latency	28560020000	73399
00	latency	28590020000	73614
00	latency	28620020000	128619
00	latency	28650020000	69811
00	latency	28680020000	147002
00	latency	28710020000	51613
00	latency	28740020000	120546
00	latency	28770020000	119587
00	latency	28800020000	73011
00	latency	28830020000	84421
00	latency	28860020000	136487
00	latency	28890020000	62078
00	latency	28920020000	194177
00	latency	28950020000	86881
00	latency	28980020000	71938
00	latency	29010020000	199869
00	latency	29040020000	43728
00	latency	29070020000	4409890
00	latency	29100020000	152695
00	latency	29130020000	144172
00	latency	29160020000	102328
00	latency	29190020000	78301
00	latency	29220020000	74739
00	latency	29250020000	176599
00	latency	29280020000	126854
00	latency	29310020000	69188
00	latency	29340020000	84297
00	latency	29370020000	194193
00	latency	29400020000	96951
00	latency	29430020000	66408
00	latency	29460020000	61309
00	latency	29490020000	53472
00	latency	29520020000	140005
00	latency	29550020000	149037
00	latency	29580020000	162200
00	latency	29610020000	53428
00	latency	29640020000	158294
00	latency	29670020000	217805
00	latency	29700020000	156780
00	latency	29730020000	79051
00	latency	29760020000	102704
00	latency	29790020000	74169
00	latency	29820020000	159011
00	latency	29850020000	143464
00	latency	29880020000	109233
00	latency	29910020000	46770
00	latency	29940020000	153312
00	latency	29970020000	144834

00	redistr	10000128035	10000000
00	redistr	20000225526	10000000
00	redistr	20000632350	10000000
00	redistr	20025713958	10000000
00	redistr	20026903709	10000000
00	redistr	20047430004	10000000
00	redistr	20048668843	10000000
00	redistr	20068485351	10000000
00	redistr	20069689387	10000000
00	redistr	20091088167	10000000
00	redistr	20092367157	10000000
00	redistr	20112371049	10000000
00	redistr	20113387534	10000000
00	redistr	20133247183	10000000
00	redistr	20134413245	10000000
00	redistr	20155009652	10000000
00	redistr	20155884053	10000000
00	redistr	20175760908	10000000
00	redistr	20176789750	10000000
00	redistr	20196596970	10000000
00	redistr	20197513325	10000000
00	redistr	20217497788	10000000
00	redistr	20218588055	10000000
00	redistr	20238510605	10000000
00	redistr	20239644993	10000000
00	redistr	20258934924	10000000
00	redistr	20259842745	10000000
00	redistr	20280259421	10000000
00	redistr	20281460424	10000000
00	redistr	20302395030	10000000
00	redistr	20303257215	10000000
00	redistr	20324588436	10000000
00	redistr	20325534725	10000000
00	redistr	20345248916	10000000
00	redistr	20346223318	10000000
00	redistr	20366015174	10000000
00	redistr	20367139248	10000000
00	redistr	20386445470	10000000
00	redistr	20387470893	10000000
00	redistr	20407725968	10000000
00	redistr	20408573013	10000000
00	redistr	20427948921	10000000
00	redistr	20429005615	10000000
00	redistr	20448781152	10000000
00	redistr	20449567834	10000000
00	redistr	20470120061	10000000
00	redistr	20471127212	10000000
00	redistr	20490883349	10000000
00	redistr	20491694802	10000000
00	redistr	20513489586	10000000
00	redistr	20514336401	10000000
00	redistr	20535153242	10000000
00	redistr	20536267504	10000000
00	redistr	20555752678	10000000
00	redistr	20556541745	10000000
00	redistr	20577264516	10000000
00	redistr	20577983426	10000000
00	redistr	20598534019	10000000
00	redistr	20599366640	10000000
00	redistr	20618479450	10000000
00	redistr	20619569906	10000000
00	redistr	20638800015	10000000
00	redistr	20639943521	10000000
00	redistr	20661149029	10000000
00	redistr	20662364429	10000000
00	redistr	20682863014	10000000
00	redistr	20683727862	10000000
00	redistr	20703579625	10000000
00	redistr	20704733232	10000000
00	redistr	20725903392	10000000
00	redistr	20727049613	10000000
00	redistr	20747155221	10000000
00	redistr	20748304404	10000000
00	redistr	20768369881	10000000
00	redistr	20769488353	10000000
00	redistr	20790388078	10000000
00	redistr	20791535843	10000000
00	redistr	20810302396	10000000
00	redistr	20811480053	10000000
00	redistr	20831540996	10000000
00	redistr	20832718920	10000000
00	redistr	20855078939	10000000
00	redistr	20856127719	10000000
00	redistr	20876728439	10000000
00	redistr	20877955005	10000000
00	redistr	20898735624	10000000
00	redistr	20899940259	10000000
00	redistr	20921914704	10000000
00	redistr	20923010191	10000000
00	redistr	20943435391	10000000
00	redistr	20944402506	10000000
00	redistr	20964885220	10000000
00	redistr	20966108685	10000000
00	redistr	20988025192	10000000
00	redistr	20989135238	10000000
00	redistr	21009443192	10000000
00	redistr	21010548669	10000000
00	redistr	21031029856	10000000
00	redistr	21031980210	10000000
00	redistr	21053914810	10000000
00	redistr	21054711939	10000000
00	redistr	21074514686	10000000
00	redistr	21075733284	10000000
00	redistr	21096329449	10000000
00	redistr	21097516718	10000000
00	redistr	21118396669	10000000
00	redistr	21119526343	10000000
00	redistr	21138490609	10000000
00	redistr	21139611291	10000000
00	redistr	21161055991	10000000
00	redistr	21162255863	10000000
00	redistr	21182795532	10000000
00	redistr	21183806985	10000000
00	redistr	21204590480	10000000
00	redistr	21205774871	10000000
00	redistr	21228085074	10000000
00	redistr	21229373640	10000000
00	redistr	21249429335	10000000
00	redistr	21250644775	10000000
00	redistr	21272225613	10000000
00	redistr	21273326952	10000000
00	redistr	21293570491	10000000
00	redistr	21294855136	10000000
00	redistr	21315863785	10000000
00	redistr	21316912693	10000000
00	redistr	21338193251	10000000
00	redistr	21339194237	10000000
00	redistr	21360731646	10000000
00	redistr	21361724124	10000000
00	redistr	21382412678	10000000
00	redistr	21383716623	10000000
00	redistr	21404575514	10000000
00	redistr	21405552091	10000000
00	redistr	21425622253	10000000
00	redistr	21426764686	10000000
00	redistr	21447564936	10000000
00	redistr	21448557048	10000000
00	redistr	21468463930	10000000
00	redistr	21469629315	10000000
00	redistr	21489840430	10000000
00	redistr	21491081358	10000000
00	redistr	21513005321	10000000
00	redistr	21513923972	10000000
00	redistr	21533793635	10000000
00	redistr	21535039132	10000000
00	redistr	21556480931	10000000
00	redistr	21557485660	10000000
00	redistr	21578797650	10000000
00	redistr	21579904343	10000000
00	redistr	21599664962	10000000
00	redistr	21600872370	10000000
00	redistr	21622030577	10000000
00	redistr	21623283574	10000000
00	redistr	21643661362	10000000
00	redistr	21644719423	10000000
00	redistr	21665602549	10000000
00	redistr	21666508392	10000000
00	redistr	21686861010	10000000
00	redistr	21688024336	10000000
00	redistr	21709033158	10000000
00	redistr	21710134359	10000000
00	redistr	21730447839	10000000
00	redistr	21731743882	10000000
00	redistr	21752883393	10000000
00	redistr	21753846362	10000000
00	redistr	21775490866	10000000
00	redistr	21776711798	10000000
00	redistr	21797510826	10000000
00	redistr	21798741587	10000000
00	redistr	21819181723	10000000
00	redistr	21820438538	10000000
00	redistr	21841971219	10000000
00	redistr	21842948245	10000000
00	redistr	21863500428	10000000
00	redistr	21864485332	10000000
00	redistr	21886686481	10000000
00	redistr	21887690414	10000000
00	redistr	21910545932	10000000
00	redistr	21911631077	10000000
00	redistr	21932751282	10000000
00	redistr	21933810627	10000000
00	redistr	21956011266	10000000
00	redistr	21957105190	10000000
00	redistr	21979416845	10000000
00	redistr	21980652529	10000000
00	redistr	22002198618	10000000
00	redistr	22003409764	10000000
00	redistr	22024149825	10000000
00	redistr	22025297324	10000000
00	redistr	22045615175	10000000
00	redistr	22046869691	10000000
00	redistr	22068103680	10000000
00	redistr	22069181211	10000000
00	redistr	22090063194	10000000
00	redistr	22091056384	10000000
00	redistr	22112862371	10000000
00	redistr	22114134566	10000000
00	redistr	22135142267	10000000
00	redistr	22136122557	10000000
00	redistr	22156678842	10000000
00	redistr	22158032999	10000000
00	redistr	22182797722	10000000
00	redistr	22183843571	10000000
00	redistr	22204128898	10000000
00	redistr	22205269999	10000000
00	redistr	22228752551	10000000
00	redistr	22229757277	10000000
00	redistr	22249549112	10000000
00	redistr	22250678368	10000000
00	redistr	22271548958	10000000
00	redistr	22272552462	10000000
00	redistr	22294798615	10000000
00	redistr	22296007013	10000000
00	redistr	22316914253	10000000
00	redistr	22318086321	10000000
00	redistr	22338669812	10000000
00	redistr	22339851780	10000000
00	redistr	22360720610	10000000
00	redistr	22361695657	10000000
00	redistr	22382198109	10000000
00	redistr	22383210127	10000000
00	redistr	22404409504	10000000
00	redistr	22405272013	10000000
00	redistr	22427116613	10000000
00	redistr	22428400269	10000000
00	redistr	22450296428	10000000
00	redistr	22451029847	10000000
00	redistr	22473146186	10000000
00	redistr	22474088087	10000000
00	redistr	22495737890	10000000
00	redistr	22496764860	10000000
00	redistr	22517857878	10000000
00	redistr	22518919220	10000000
00	redistr	22539187884	10000000
00	redistr	22540482199	10000000
00	redistr	22562720619	10000000
00	redistr	22563697010	10000000
00	redistr	22585307447	10000000
00	redistr	22586621418	10000000
00	redistr	22607831801	10000000
00	redistr	22608644652	10000000
00	redistr	22630159815	10000000
00	redistr	22631407618	10000000
00	redistr	22652199101	10000000
00	redistr	22653435420	10000000
00	redistr	22675327580	10000000
00	redistr	22675931956	10000000
00	redistr	22698392540	10000000
00	redistr	22698986442	10000000
00	redistr	22719734258	10000000
00	redistr	22720713778	10000000
00	redistr	22742054366	10000000
00	redistr	22743289593	10000000
00	redistr	22765163099	10000000
00	redistr	22765860267	10000000
00	redistr	22788052115	10000000
00	redistr	22788949956	10000000
