20000	760233
30020000	58084
60020000	156997
90020000	59290
120020000	66325
150020000	114463
180020000	67628
210020000	119868
240020000	44807
270020000	179941
300020000	71627
330020000	75195
360020000	134747
390020000	175108
420020000	87404
450020000	145056
480020000	77514
510020000	137717
540020000	177903
570020000	86791
600020000	168024
630020000	45324
660020000	57502
690020000	121943
720020000	87860
750020000	70701
780020000	97433
810020000	166834
840020000	58663
870020000	137075
900020000	175032
930020000	45465
960020000	75735
990020000	92773
1020020000	135794
1050020000	141424
1080020000	64121
1110020000	44529
1140020000	162911
1170020000	51080
1200020000	93737
1230020000	151853
1260020000	120891
1290020000	156719
1320020000	88051
1350020000	106521
1380020000	133874
1410020000	61717
1440020000	54353
1470020000	158756
1500020000	121006
1530020000	52791
1560020000	176581
1590020000	147853
1620020000	165627
1650020000	139044
1680020000	125231
1710020000	137359
1740020000	75997
1770020000	81523
1800020000	80986
1830020000	75811
1860020000	150736
1890020000	128486
1920020000	180506
1950020000	61276
1980020000	146310
2010020000	88352
2040020000	148005
2070020000	119027
2100020000	152180
2130020000	113499
2160020000	77047
2190020000	97609
2220020000	169874
2250020000	51295
2280020000	79206
2310020000	72711
2340020000	159411
2370020000	59633
2400020000	118953
2430020000	172906
2460020000	67423
2490020000	192911
2520020000	168147
2550020000	153882
2580020000	191712
2610020000	64700
2640020000	52860
2670020000	191038
2700020000	45890
2730020000	69590
2760020000	167677
2790020000	64475
2820020000	80027
2850020000	167276
2880020000	96531
2910020000	71714
2940020000	151702
2970020000	166894
3000020000	114897
3030020000	162369
3060020000	49708
3090020000	111572
3120020000	84510
3150020000	94801
3180020000	135870
3210020000	43053
3240020000	53967
3270020000	75304
3300020000	162096
3330020000	171494
3360020000	173191
3390020000	88638
3420020000	161171
3450020000	81226
3480020000	150579
3510020000	76580
3540020000	178739
3570020000	134129
3600020000	194219
3630020000	47415
3660020000	98666
3690020000	79698
3720020000	155151
3750020000	51702
3780020000	178514
3810020000	92649
3840020000	153882
3870020000	69863
3900020000	71176
3930020000	175344
3960020000	75538
3990020000	68771
4020020000	95986
4050020000	81557
4080020000	81805
4110020000	184814
4140020000	111734
4170020000	154292
4200020000	176980
4230020000	61799
4260020000	165093
4290020000	134108
4320020000	154395
4350020000	109609
4380020000	63277
4410020000	70460
4440020000	73698
4470020000	88006
4500020000	52738
4530020000	84236
4560020000	145571
4590020000	58341
4620020000	51820
4650020000	58521
4680020000	46469
4710020000	128773
4740020000	152583
4770020000	118384
4800020000	65208
4830020000	149103
4860020000	167810
4890020000	196097
4920020000	180775
4950020000	134643
4980020000	167616
5010020000	175923
5040020000	110464
5070020000	154263
5100020000	95216
5130020000	162577
5160020000	59918
5190020000	180260
5220020000	53154
5250020000	63725
5280020000	141665
5310020000	157088
5340020000	135293
5370020000	125558
5400020000	54472
5430020000	104408
5460020000	50557
5490020000	70223
5520020000	68535
5550020000	148924
5580020000	588068
5610020000	162061
5640020000	63077
5670020000	44207
5700020000	59322
5730020000	82582
5760020000	58624
5790020000	73295
5820020000	72468
5850020000	175287
5880020000	62368
5910020000	137639
5940020000	141074
5970020000	141048
6000020000	97211
6030020000	49072
6060020000	70092
6090020000	151068
6120020000	68789
6150020000	76806
6180020000	60229
6210020000	172441
6240020000	76684
6270020000	130789
6300020000	167235
6330020000	162402
6360020000	185614
6390020000	120842
6420020000	155526
6450020000	164444
6480020000	120681
6510020000	188323
6540020000	101277
6570020000	142978
6600020000	193645
6630020000	52504
6660020000	154017
6690020000	69904
6720020000	75168
6750020000	1205322
6780020000	91052
6810020000	136117
6840020000	42617
6870020000	148218
6900020000	115188
6930020000	114164
6960020000	154034
6990020000	144733
7020020000	177729
7050020000	110287
7080020000	72207
7110020000	155719
7140020000	105955
7170020000	103078
7200020000	117541
7230020000	105028
7260020000	178587
7290020000	118419
7320020000	152423
7350020000	725446
7380020000	90963
7410020000	166297
7440020000	141505
7470020000	87208
7500020000	64632
7530020000	130127
7560020000	74062
7590020000	166648
7620020000	54087
7650020000	82798
7680020000	160810
7710020000	166334
7740020000	146841
7770020000	129065
7800020000	70169
7830020000	68576
7860020000	73847
7890020000	85378
7920020000	100829
7950020000	191588
7980020000	52735
8010020000	176608
8040020000	69327
8070020000	82069
8100020000	1067752
8130020000	146762
8160020000	210261
8190020000	191397
8220020000	80250
8250020000	132971
8280020000	103431
8310020000	177026
8340020000	194096
8370020000	140657
8400020000	84825
8430020000	62227
8460020000	145412
8490020000	118010
8520020000	997752
8550020000	81741
8580020000	53909
8610020000	63478
8640020000	176570
8670020000	122100
8700020000	191970
8730020000	1038949
8760020000	81805
8790020000	57774
8820020000	159886
8850020000	78121
8880020000	78199
8910020000	52839
8940020000	140660
8970020000	102005
9000020000	65075
9030020000	1101368
9060020000	159846
9090020000	59218
9120020000	74770
9150020000	142452
9180020000	181549
9210020000	78675
9240020000	166347
9270020000	109770
9300020000	101333
9330020000	157994
9360020000	130527
9390020000	192446
9420020000	92574
9450020000	56031
9480020000	94340
9510020000	56802
9540020000	141915
9570020000	96850
9600020000	160849
9630020000	67274
9660020000	100671
9690020000	151327
9720020000	80546
9750020000	54962
9780020000	131423
9810020000	182934
9840020000	717251
9870020000	118714
9900020000	180164
9930020000	98974
9960020000	153966
9990020000	171815
10020020000	1235023370
10050020000	1205023370
10080020000	1175023370
10110020000	1145023370
10140020000	1115023370
10170020000	1085023370
10200020000	1055023370
10230020000	1025023370
10260020000	995023370
10290020000	965023370
10320020000	935023370
10350020000	905023370
10380020000	875023370
10410020000	845023370
10440020000	815023370
10470020000	785023370
10500020000	755023370
10530020000	725023370
10560020000	695023370
10590020000	665023370
10620020000	635023370
10650020000	605023370
10680020000	575023370
10710020000	545023370
10740020000	515023370
10770020000	485023370
10800020000	455023370
10830020000	425023370
10860020000	395023370
10890020000	365023370
10920020000	335023370
10950020000	305023370
10980020000	275023370
11010020000	245023370
11040020000	215023370
11070020000	185023370
11100020000	155023370
11130020000	125023370
11160020000	107481790
11190020000	77481790
11220020000	47481790
11250020000	17481790
11280020000	159750
11310020000	144933
11340020000	214179
11370020000	216534
11400020000	148383
11430020000	207782
11460020000	181318
11490020000	190176
11520020000	182047
11550020000	151857
11580020000	175317
11610020000	119745
11640020000	140290
11670020000	195622
11700020000	143513
11730020000	191521
11760020000	197241
11790020000	179204
11820020000	212395
11850020000	140997
11880020000	112982
11910020000	203995
11940020000	167273
11970020000	159184
12000020000	87340
12030020000	186986
12060020000	139139
12090020000	199844
12120020000	150643
12150020000	191426
12180020000	139117
12210020000	209042
12240020000	101680
12270020000	134145
12300020000	125011
12330020000	107693
12360020000	160111
12390020000	131836
12420020000	117871
12450020000	172668
12480020000	171411
12510020000	141785
12540020000	212193
12570020000	193456
12600020000	83069
12630020000	82919
12660020000	115100
12690020000	169116
12720020000	111234
12750020000	157885
12780020000	186420
12810020000	86492
12840020000	119103
12870020000	215759
12900020000	143620
12930020000	152656
12960020000	197559
12990020000	179624
13020020000	153082
13050020000	193113
13080020000	202270
13110020000	167680
13140020000	108858
13170020000	161020
13200020000	162737
13230020000	109977
13260020000	119602
13290020000	202091
13320020000	138013
13350020000	147096
13380020000	178648
13410020000	173381
13440020000	164830
13470020000	207144
13500020000	190867
13530020000	179613
13560020000	131975
13590020000	141846
13620020000	158880
13650020000	125519
13680020000	166886
13710020000	160881
13740020000	164445
13770020000	78526
13800020000	200969
13830020000	142008
13860020000	140689
13890020000	163880
13920020000	205464
13950020000	219161
13980020000	156055
14010020000	209226
14040020000	205467
14070020000	146474
14100020000	111502
14130020000	181888
14160020000	135837
14190020000	169608
14220020000	216528
14250020000	134879
14280020000	149514
14310020000	194481
14340020000	179293
14370020000	187432
14400020000	178589
14430020000	183165
14460020000	157421
14490020000	177287
14520020000	203089
14550020000	110275
14580020000	222517
14610020000	160747
14640020000	104450
14670020000	132448
14700020000	188791
14730020000	175439
14760020000	157461
14790020000	83772
14820020000	204629
14850020000	139697
14880020000	140983
14910020000	177170
14940020000	180260
14970020000	141904
15000020000	101609
15030020000	135177
15060020000	180342
15090020000	209329
15120020000	113572
15150020000	223745
15180020000	143003
15210020000	214895
15240020000	112991
15270020000	172065
15300020000	184981
15330020000	128419
15360020000	206592
15390020000	170029
15420020000	186400
15450020000	204097
15480020000	199149
15510020000	163074
15540020000	153514
15570020000	184906
15600020000	158795
15630020000	134902
15660020000	159312
15690020000	165689
15720020000	195995
15750020000	140605
15780020000	144093
15810020000	92756
15840020000	134207
15870020000	192390
15900020000	204707
15930020000	209884
15960020000	185078
15990020000	184605
16020020000	185565
16050020000	94356
16080020000	138576
16110020000	158719
16140020000	196757
16170020000	221445
16200020000	154059
16230020000	116764
16260020000	226055
16290020000	164534
16320020000	132351
16350020000	167695
16380020000	170001
16410020000	90976
16440020000	123858
16470020000	130493
16500020000	76030
16530020000	186612
16560020000	123843
16590020000	106032
16620020000	134103
16650020000	142738
16680020000	125944
16710020000	178132
16740020000	181556
16770020000	98179
16800020000	137672
16830020000	175748
16860020000	146037
16890020000	148198
16920020000	84932
16950020000	196272
16980020000	165472
17010020000	90241
17040020000	141103
17070020000	173638
17100020000	90151
17130020000	154834
17160020000	209980
17190020000	175692
17220020000	192826
17250020000	188312
17280020000	197589
17310020000	189663
17340020000	192516
17370020000	212655
17400020000	192536
17430020000	85409
17460020000	110423
17490020000	161850
17520020000	89733
17550020000	146693
17580020000	143127
17610020000	188917
17640020000	101356
17670020000	145067
17700020000	118981
17730020000	178318
17760020000	96824
17790020000	127540
17820020000	109216
17850020000	92104
17880020000	94710
17910020000	178506
17940020000	218309
17970020000	171114
18000020000	102723
18030020000	171535
18060020000	193000
18090020000	170141
18120020000	123547
18150020000	194123
18180020000	192224
18210020000	140862
18240020000	211034
18270020000	138524
18300020000	148386
18330020000	205674
18360020000	186650
18390020000	107299
18420020000	145922
18450020000	166736
18480020000	178697
18510020000	189205
18540020000	137027
18570020000	193699
18600020000	118557
18630020000	163167
18660020000	184960
18690020000	144151
18720020000	168363
18750020000	172963
18780020000	233470
18810020000	238569
18840020000	86734
18870020000	182363
18900020000	149178
18930020000	79445
18960020000	123996
18990020000	109936
19020020000	218622
19050020000	148547
19080020000	157377
19110020000	150426
19140020000	188849
19170020000	159446
19200020000	163619
19230020000	101910
19260020000	155410
19290020000	117893
19320020000	173758
19350020000	128232
19380020000	213294
19410020000	147867
19440020000	179311
19470020000	170932
19500020000	209026
19530020000	203131
19560020000	176314
19590020000	143420
19620020000	84129
19650020000	143720
19680020000	93892
19710020000	143961
19740020000	205789
19770020000	191226
19800020000	159799
19830020000	118937
19860020000	146130
19890020000	170031
19920020000	209807
19950020000	212873
19980020000	188010
20010020000	4124701
20040020000	453655
20070020000	2757494
20100020000	6426530
20130020000	2644261
20160020000	6072818
20190020000	2024749
20220020000	5311804
20250020000	1887026
20280020000	4749340
20310020000	851544
20340020000	3662171
20370020000	557936
20400020000	3229915
20430020000	407371
20460020000	3427545
20490020000	435214
20520020000	3496729
20550020000	552873
20580020000	3894464
20610020000	624285
20640020000	4039313
20670020000	1203284
20700020000	4817740
20730020000	2494127
20760020000	5127189
20790020000	3256610
20820020000	1059266
20850020000	4641848
20880020000	129868
20910020000	64951
20940020000	116085
20970020000	148708
21000020000	99132
21030020000	84285
21060020000	52918
21090020000	99256
21120020000	149013
21150020000	73748
21180020000	161089
21210020000	109069
21240020000	154836
21270020000	76606
21300020000	128214
21330020000	157471
21360020000	173670
21390020000	169940
21420020000	134349
21450020000	71508
21480020000	75430
21510020000	141754
21540020000	178137
21570020000	118175
21600020000	85706
21630020000	146180
21660020000	57102
21690020000	158510
21720020000	152691
21750020000	142356
21780020000	63849
21810020000	48106
21840020000	80933
21870020000	75738
21900020000	41831
21930020000	58912
21960020000	152205
21990020000	52014
22020020000	49242
22050020000	125097
22080020000	51540
22110020000	69885
22140020000	136242
22170020000	81783
22200020000	55213
22230020000	148285
22260020000	142124
22290020000	56859
22320020000	175053
22350020000	69236
22380020000	80013
22410020000	61366
22440020000	110486
22470020000	137613
22500020000	52621
22530020000	124291
22560020000	65061
22590020000	119632
22620020000	52875
22650020000	152978
22680020000	116186
22710020000	75901
22740020000	92114
22770020000	158541
22800020000	138543
22830020000	143210
22860020000	175446
22890020000	59836
22920020000	57155
22950020000	64177
22980020000	55234
23010020000	67488
23040020000	65345
23070020000	64039
23100020000	63131
23130020000	141380
23160020000	75891
23190020000	155139
23220020000	53592
23250020000	87533
23280020000	57724
23310020000	141490
23340020000	105183
23370020000	160954
23400020000	93280
23430020000	140735
23460020000	183737
23490020000	110941
23520020000	97415
23550020000	144072
23580020000	71673
23610020000	101227
23640020000	168315
23670020000	116390
23700020000	102881
23730020000	153504
23760020000	153333
23790020000	134291
23820020000	59923
23850020000	45183
23880020000	55506
23910020000	115440
23940020000	62653
23970020000	76840
24000020000	52029
24030020000	61002
24060020000	105773
24090020000	141892
24120020000	67154
24150020000	168602
24180020000	92509
24210020000	64835
24240020000	137842
24270020000	175560
24300020000	173177
24330020000	126721
24360020000	56184
24390020000	150211
24420020000	72944
24450020000	169155
24480020000	157128
24510020000	45128
24540020000	99365
24570020000	61898
24600020000	80414
24630020000	77628
24660020000	160540
24690020000	151574
24720020000	132569
24750020000	168557
24780020000	79367
24810020000	145288
24840020000	135303
24870020000	119838
24900020000	41721
24930020000	168595
24960020000	59441
24990020000	46986
25020020000	77832
25050020000	149632
25080020000	56208
25110020000	152603
25140020000	133696
25170020000	149172
25200020000	132394
25230020000	42301
25260020000	56097
25290020000	167034
25320020000	76615
25350020000	151233
25380020000	126208
25410020000	48106
25440020000	170854
25470020000	168626
25500020000	77157
25530020000	66461
25560020000	107617
25590020000	172290
25620020000	166363
25650020000	140283
25680020000	119066
25710020000	146101
25740020000	162063
25770020000	48378
25800020000	166575
25830020000	174432
25860020000	128201
25890020000	136243
25920020000	135747
25950020000	55530
25980020000	85277
26010020000	74117
26040020000	74267
26070020000	144249
26100020000	164987
26130020000	91411
26160020000	65115
26190020000	113245
26220020000	139244
26250020000	147296
26280020000	136160
26310020000	99011
26340020000	67130
26370020000	167235
26400020000	152311
26430020000	90469
26460020000	46456
26490020000	128298
26520020000	108566
26550020000	114510
26580020000	141068
26610020000	60565
26640020000	64052
26670020000	86225
26700020000	75020
26730020000	174552
26760020000	40795
26790020000	90823
26820020000	60295
26850020000	57599
26880020000	49200
26910020000	89108
26940020000	57802
26970020000	157414
27000020000	89180
27030020000	124126
27060020000	85723
27090020000	94526
27120020000	153998
27150020000	83396
27180020000	169390
27210020000	101100
27240020000	56214
27270020000	121048
27300020000	40848
27330020000	176548
27360020000	169195
27390020000	155579
27420020000	55537
27450020000	151833
27480020000	171980
27510020000	178550
27540020000	76498
27570020000	156546
27600020000	142627
27630020000	98041
27660020000	40392
27690020000	47314
27720020000	152534
27750020000	49278
27780020000	49449
27810020000	169303
27840020000	115748
27870020000	49638
27900020000	78405
27930020000	127481
27960020000	172091
27990020000	179613
28020020000	81276
28050020000	79566
28080020000	44100
28110020000	150685
28140020000	73222
28170020000	60029
28200020000	177284
28230020000	58514
28260020000	108528
28290020000	135878
28320020000	143105
28350020000	88976
28380020000	141269
28410020000	170161
28440020000	112084
28470020000	80803
28500020000	71842
28530020000	117765
28560020000	65217
28590020000	177252
28620020000	121291
28650020000	146199
28680020000	65803
28710020000	49651
28740020000	169588
28770020000	58279
28800020000	66623
28830020000	156927
28860020000	79646
28890020000	46320
28920020000	159865
28950020000	155408
28980020000	164046
29010020000	148303
29040020000	79976
29070020000	170367
29100020000	153378
29130020000	46006
29160020000	92433
29190020000	72569
29220020000	141287
29250020000	110342
29280020000	64558
29310020000	135986
29340020000	159300
29370020000	57628
29400020000	155769
29430020000	120262
29460020000	74533
29490020000	159307
29520020000	172436
29550020000	155739
29580020000	77274
29610020000	91980
29640020000	156141
29670020000	93893
29700020000	43760
29730020000	75954
29760020000	85149
29790020000	84354
29820020000	90419
29850020000	56940
29880020000	48428
29910020000	73296
29940020000	158580
29970020000	154755
