20000	823175
30020000	180527
60020000	151574
90020000	144263
120020000	163722
150020000	55825
180020000	149717
210020000	161804
240020000	173574
270020000	60390
300020000	124234
330020000	164655
360020000	158188
390020000	54673
420020000	82038
450020000	84008
480020000	96193
510020000	186489
540020000	148186
570020000	143201
600020000	148707
630020000	129862
660020000	84892
690020000	46761
720020000	140020
750020000	187696
780020000	155257
810020000	96755
840020000	163017
870020000	82712
900020000	130940
930020000	135075
960020000	147263
990020000	127442
1020020000	82179
1050020000	126877
1080020000	161889
1110020000	145165
1140020000	46285
1170020000	53153
1200020000	85310
1230020000	284063
1260020000	45916
1290020000	68338
1320020000	88009
1350020000	82760
1380020000	174532
1410020000	166596
1440020000	142019
1470020000	108600
1500020000	60905
1530020000	53603
1560020000	169800
1590020000	205038
1620020000	134740
1650020000	148482
1680020000	68754
1710020000	160168
1740020000	88845
1770020000	81516
1800020000	123970
1830020000	186861
1860020000	77361
1890020000	52574
1920020000	72693
1950020000	84389
1980020000	56743
2010020000	145947
2040020000	158354
2070020000	72481
2100020000	134988
2130020000	132452
2160020000	176900
2190020000	71143
2220020000	66696
2250020000	98264
2280020000	153187
2310020000	165263
2340020000	165112
2370020000	49839
2400020000	121957
2430020000	118659
2460020000	45874
2490020000	45368
2520020000	148124
2550020000	110386
2580020000	148290
2610020000	50867
2640020000	169459
2670020000	69027
2700020000	59541
2730020000	273673
2760020000	80555
2790020000	164587
2820020000	67222
2850020000	132184
2880020000	160285
2910020000	77720
2940020000	131337
2970020000	67192
3000020000	137057
3030020000	73222
3060020000	153678
3090020000	71300
3120020000	62439
3150020000	91966
3180020000	137730
3210020000	44262
3240020000	86987
3270020000	111784
3300020000	126275
3330020000	151683
3360020000	170571
3390020000	104058
3420020000	101656
3450020000	159573
3480020000	159267
3510020000	65414
3540020000	123080
3570020000	71108
3600020000	63862
3630020000	62463
3660020000	67388
3690020000	165867
3720020000	79304
3750020000	98528
3780020000	47694
3810020000	76322
3840020000	147114
3870020000	81525
3900020000	63257
3930020000	44031
3960020000	82392
3990020000	188189
4020020000	42984
4050020000	102477
4080020000	151332
4110020000	141331
4140020000	128717
4170020000	158667
4200020000	55714
4230020000	397027
4260020000	207444
4290020000	134506
4320020000	186555
4350020000	82629
4380020000	182501
4410020000	113334
4440020000	158128
4470020000	67646
4500020000	138903
4530020000	71920
4560020000	157437
4590020000	111027
4620020000	73639
4650020000	204446
4680020000	195982
4710020000	156338
4740020000	70724
4770020000	115168
4800020000	115244
4830020000	76402
4860020000	132329
4890020000	56760
4920020000	156575
4950020000	82652
4980020000	140335
5010020000	117943
5040020000	51387
5070020000	159379
5100020000	66424
5130020000	187999
5160020000	54457
5190020000	158425
5220020000	109152
5250020000	107711
5280020000	104346
5310020000	139083
5340020000	119011
5370020000	85468
5400020000	55802
5430020000	47049
5460020000	47100
5490020000	45998
5520020000	82815
5550020000	64951
5580020000	70406
5610020000	142398
5640020000	59204
5670020000	116879
5700020000	159960
5730020000	179527
5760020000	121032
5790020000	187661
5820020000	80081
5850020000	155624
5880020000	67234
5910020000	65607
5940020000	160641
5970020000	187344
6000020000	147316
6030020000	54286
6060020000	145782
6090020000	66046
6120020000	60743
6150020000	119292
6180020000	151453
6210020000	213044
6240020000	56628
6270020000	135427
6300020000	63391
6330020000	106047
6360020000	116944
6390020000	79349
6420020000	172686
6450020000	102078
6480020000	183942
6510020000	69810
6540020000	185582
6570020000	150087
6600020000	128607
6630020000	157821
6660020000	47992
6690020000	72909
6720020000	80861
6750020000	73664
6780020000	53844
6810020000	86420
6840020000	79033
6870020000	47626
6900020000	167183
6930020000	154417
6960020000	93962
6990020000	195172
7020020000	60311
7050020000	48372
7080020000	88576
7110020000	181764
7140020000	166367
7170020000	50299
7200020000	107362
7230020000	234208
7260020000	65369
7290020000	96879
7320020000	108525
7350020000	80717
7380020000	132264
7410020000	90712
7440020000	47049
7470020000	135828
7500020000	51757
7530020000	201431
7560020000	162967
7590020000	116815
7620020000	172635
7650020000	60621
7680020000	61650
7710020000	146811
7740020000	69992
7770020000	172961
7800020000	157279
7830020000	77905
7860020000	172738
7890020000	146390
7920020000	166079
7950020000	62453
7980020000	171453
8010020000	66423
8040020000	189694
8070020000	46049
8100020000	51726
8130020000	102368
8160020000	63056
8190020000	95485
8220020000	182931
8250020000	184656
8280020000	136933
8310020000	67636
8340020000	164401
8370020000	72479
8400020000	157160
8430020000	74812
8460020000	152038
8490020000	77001
8520020000	157371
8550020000	106364
8580020000	172112
8610020000	65654
8640020000	105609
8670020000	163978
8700020000	41791
8730020000	160484
8760020000	159870
8790020000	106896
8820020000	183474
8850020000	61889
8880020000	72307
8910020000	175944
8940020000	98957
8970020000	557591
9000020000	55184
9030020000	189886
9060020000	196531
9090020000	53864
9120020000	83770
9150020000	58340
9180020000	58084
9210020000	160460
9240020000	153347
9270020000	141746
9300020000	54539
9330020000	192474
9360020000	144491
9390020000	193530
9420020000	55517
9450020000	71579
9480020000	109365
9510020000	113337
9540020000	62953
9570020000	180055
9600020000	160025
9630020000	80471
9660020000	118779
9690020000	97762
9720020000	117550
9750020000	112810
9780020000	149755
9810020000	58775
9840020000	56568
9870020000	98788
9900020000	54979
9930020000	59182
9960020000	161424
9990020000	49316
10020020000	9666265456
10050020000	9636265456
10080020000	9606265456
10110020000	9576265456
10140020000	9546265456
10170020000	9516265456
10200020000	9486265456
10230020000	9456265456
10260020000	9426265456
10290020000	9396265456
10320020000	9366265456
10350020000	9336265456
10380020000	9306265456
10410020000	9276265456
10440020000	9246265456
10470020000	9216265456
10500020000	9186265456
10530020000	9156265456
10560020000	9126265456
10590020000	9096265456
10620020000	9066265456
10650020000	9036265456
10680020000	9006265456
10710020000	8976265456
10740020000	8946265456
10770020000	8916265456
10800020000	8886265456
10830020000	8856265456
10860020000	8826265456
10890020000	8796265456
10920020000	8766265456
10950020000	8736265456
10980020000	8706265456
11010020000	8676265456
11040020000	8646265456
11070020000	8616265456
11100020000	8586265456
11130020000	8556265456
11160020000	8526265456
11190020000	8496265456
11220020000	8466265456
11250020000	8436265456
11280020000	8406265456
11310020000	8376265456
11340020000	8346265456
11370020000	8316265456
11400020000	8286265456
11430020000	8256265456
11460020000	8226265456
11490020000	8196265456
11520020000	8166265456
11550020000	8136265456
11580020000	8106265456
11610020000	8076265456
11640020000	8046265456
11670020000	8016265456
11700020000	7986265456
11730020000	7956265456
11760020000	7926265456
11790020000	7896265456
11820020000	7866265456
11850020000	7836265456
11880020000	7806265456
11910020000	7776265456
11940020000	7746265456
11970020000	7716265456
12000020000	7686265456
12030020000	7656265456
12060020000	7626265456
12090020000	7596265456
12120020000	7566265456
12150020000	7536265456
12180020000	7506265456
12210020000	7476265456
12240020000	7446265456
12270020000	7416265456
12300020000	7386265456
12330020000	7356265456
12360020000	7326265456
12390020000	7296265456
12420020000	7266265456
12450020000	7236265456
12480020000	7206265456
12510020000	7176265456
12540020000	7146265456
12570020000	7116265456
12600020000	7086265456
12630020000	7056265456
12660020000	7026265456
12690020000	6996265456
12720020000	6966265456
12750020000	6936265456
12780020000	6906265456
12810020000	6876265456
12840020000	6846265456
12870020000	6816265456
12900020000	6786265456
12930020000	6756265456
12960020000	6726265456
12990020000	6696265456
13020020000	6666265456
13050020000	6636265456
13080020000	6606265456
13110020000	6576265456
13140020000	6546265456
13170020000	6516265456
13200020000	6486265456
13230020000	6456265456
13260020000	6426265456
13290020000	6396265456
13320020000	6366265456
13350020000	6336265456
13380020000	6306265456
13410020000	6276265456
13440020000	6246265456
13470020000	6216265456
13500020000	6186265456
13530020000	6156265456
13560020000	6126265456
13590020000	6096265456
13620020000	6066265456
13650020000	6036265456
13680020000	6006265456
13710020000	5976265456
13740020000	5946265456
13770020000	5916265456
13800020000	5886265456
13830020000	5856265456
13860020000	5826265456
13890020000	5796265456
13920020000	5766265456
13950020000	5736265456
13980020000	5706265456
14010020000	5676265456
14040020000	5646265456
14070020000	5616265456
14100020000	5586265456
14130020000	5556265456
14160020000	5526265456
14190020000	5496265456
14220020000	5466265456
14250020000	5436265456
14280020000	5406265456
14310020000	5376265456
14340020000	5346265456
14370020000	5316265456
14400020000	5286265456
14430020000	5256265456
14460020000	5226265456
14490020000	5196265456
14520020000	5166265456
14550020000	5136265456
14580020000	5106265456
14610020000	5076265456
14640020000	5046265456
14670020000	5016265456
14700020000	4986265456
14730020000	4956265456
14760020000	4926265456
14790020000	4896265456
14820020000	4866265456
14850020000	4836265456
14880020000	4806265456
14910020000	4776265456
14940020000	4746265456
14970020000	4716265456
15000020000	4686265456
15030020000	4656265456
15060020000	4626265456
15090020000	4596265456
15120020000	4566265456
15150020000	4536265456
15180020000	4506265456
15210020000	4476265456
15240020000	4446265456
15270020000	4416265456
15300020000	4386265456
15330020000	4356265456
15360020000	4326265456
15390020000	4296265456
15420020000	4266265456
15450020000	4236265456
15480020000	4206265456
15510020000	4176265456
15540020000	4146265456
15570020000	4116265456
15600020000	4086265456
15630020000	4056265456
15660020000	4026265456
15690020000	3996265456
15720020000	3966265456
15750020000	3936265456
15780020000	3906265456
15810020000	3876265456
15840020000	3846265456
15870020000	3816265456
15900020000	3786265456
15930020000	3756265456
15960020000	3726265456
15990020000	3696265456
16020020000	3666265456
16050020000	3636265456
16080020000	3606265456
16110020000	3576265456
16140020000	3546265456
16170020000	3516265456
16200020000	3486265456
16230020000	3456265456
16260020000	3426265456
16290020000	3396265456
16320020000	3366265456
16350020000	3336265456
16380020000	3306265456
16410020000	3276265456
16440020000	3246265456
16470020000	3216265456
16500020000	3186265456
16530020000	3156265456
16560020000	3126265456
16590020000	3096265456
16620020000	3066265456
16650020000	3036265456
16680020000	3006265456
16710020000	2976265456
16740020000	2946265456
16770020000	2916265456
16800020000	2886265456
16830020000	2856265456
16860020000	2826265456
16890020000	2796265456
16920020000	2766265456
16950020000	2736265456
16980020000	2706265456
17010020000	2676265456
17040020000	2646265456
17070020000	2616265456
17100020000	2586265456
17130020000	2556265456
17160020000	2526265456
17190020000	2496265456
17220020000	2466265456
17250020000	2436265456
17280020000	2406265456
17310020000	2376265456
17340020000	2346265456
17370020000	2316265456
17400020000	2286265456
17430020000	2256265456
17460020000	2226265456
17490020000	2196265456
17520020000	2166265456
17550020000	2136265456
17580020000	2106265456
17610020000	2076265456
17640020000	2046265456
17670020000	2016265456
17700020000	1986265456
17730020000	1956265456
17760020000	1926265456
17790020000	1896265456
17820020000	1866265456
17850020000	1836265456
17880020000	1806265456
17910020000	1776265456
17940020000	1746265456
17970020000	1716265456
18000020000	1686265456
18030020000	1656265456
18060020000	1626265456
18090020000	1596265456
18120020000	1566265456
18150020000	1536265456
18180020000	1506265456
18210020000	1476265456
18240020000	1446265456
18270020000	1416265456
18300020000	1386265456
18330020000	1356265456
18360020000	1326265456
18390020000	1296265456
18420020000	1266265456
18450020000	1236265456
18480020000	1206265456
18510020000	1176265456
18540020000	1146265456
18570020000	1116265456
18600020000	1086265456
18630020000	1056265456
18660020000	1026265456
18690020000	996265456
18720020000	966265456
18750020000	936265456
18780020000	906265456
18810020000	876265456
18840020000	846265456
18870020000	892999534
18900020000	862999534
18930020000	832999534
18960020000	802999534
18990020000	772999534
19020020000	742999534
19050020000	712999534
19080020000	682999534
19110020000	652999534
19140020000	622999534
19170020000	592999534
19200020000	562999534
19230020000	532999534
19260020000	502999534
19290020000	472999534
19320020000	442999534
19350020000	412999534
19380020000	382999534
19410020000	352999534
19440020000	322999534
19470020000	292999534
19500020000	262999534
19530020000	232999534
19560020000	202999534
19590020000	172999534
19620020000	142999534
19650020000	112999534
19680020000	82999534
19710020000	59305438
19740020000	29305438
19770020000	500578
19800020000	198794
19830020000	213991
19860020000	95180
19890020000	107074
19920020000	149949
19950020000	203105
19980020000	146350
20010020000	27723607
20040020000	37226881
20070020000	7226881
20100020000	17822098
20130020000	25662152
20160020000	32609870
20190020000	2609870
20220020000	10252556
20250020000	17763791
20280020000	24083333
20310020000	31798740
20340020000	2551181
20370020000	9340869
20400020000	16289866
20430020000	23186660
20460020000	30491002
20490020000	1374600
20520020000	8022965
20550020000	15376815
20580020000	22556980
20610020000	29322239
20640020000	717668
20670020000	6686491
20700020000	13378237
20730020000	21312656
20760020000	28528655
20790020000	35183876
20820020000	5183876
20850020000	12115106
20880020000	21111101
20910020000	27884010
20940020000	34575218
20970020000	4575218
21000020000	11752169
21030020000	19909885
21060020000	27426695
21090020000	34112193
21120020000	4112193
21150020000	12435017
21180020000	20653509
21210020000	28875554
21240020000	34819456
21270020000	7137783
21300020000	15650110
21330020000	22569869
21360020000	29912162
21390020000	856865
21420020000	5807923
21450020000	13825436
21480020000	22079890
21510020000	30321152
21540020000	1011180
21570020000	7836181
21600020000	16760389
21630020000	24838836
21660020000	32345860
21690020000	3031106
21720020000	10865462
21750020000	19007283
21780020000	26758928
21810020000	35075929
21840020000	5075929
21870020000	13576586
21900020000	20276884
21930020000	29422471
21960020000	514409
21990020000	7409482
22020020000	16380908
22050020000	24600402
22080020000	33461529
22110020000	3461529
22140020000	13342482
22170020000	21479828
22200020000	29733277
22230020000	1038899
22260020000	7673194
22290020000	16685024
22320020000	25003872
22350020000	34160070
22380020000	4160070
22410020000	12342722
22440020000	21333030
22470020000	28134298
22500020000	36259622
22530020000	6259622
22560020000	15478631
22590020000	23414060
22620020000	32133098
22650020000	2859488
22680020000	11403686
22710020000	21174345
22740020000	30119388
22770020000	839474
22800020000	8829575
22830020000	18928165
22860020000	28137600
22890020000	37225959
22920020000	7225959
22950020000	21022545
22980020000	30549618
23010020000	1137721
23040020000	9052287
23070020000	18475941
23100020000	29086700
23130020000	35936933
23160020000	8696234
23190020000	18231583
23220020000	28704382
23250020000	37869546
23280020000	7869546
23310020000	17377439
23340020000	28177383
23370020000	36862007
23400020000	6862007
23430020000	15952526
23460020000	27128856
23490020000	36981442
23520020000	6981442
23550020000	16976319
23580020000	26472458
23610020000	35739256
23640020000	5739256
23670020000	14900486
23700020000	24339235
23730020000	34287309
23760020000	4287309
23790020000	12250106
23820020000	22738295
23850020000	31420054
23880020000	2008323
23910020000	10527017
23940020000	19594981
23970020000	28931810
24000020000	36755168
24030020000	6755168
24060020000	16179807
24090020000	25647997
24120020000	35066164
24150020000	5066164
24180020000	14288713
24210020000	24204092
24240020000	33461736
24270020000	3461736
24300020000	12355609
24330020000	22248572
24360020000	31938097
24390020000	2733206
24420020000	10323917
24450020000	18774954
24480020000	27373326
24510020000	35760962
24540020000	5760962
24570020000	15343904
24600020000	25049077
24630020000	35016309
24660020000	5016309
24690020000	14670880
24720020000	24716140
24750020000	33671774
24780020000	3671774
24810020000	13706057
24840020000	23618046
24870020000	34033356
24900020000	4033356
24930020000	12959690
24960020000	203678
24990020000	73445
25020020000	171542
25050020000	129326
25080020000	167415
25110020000	185023
25140020000	83429
25170020000	135012
25200020000	100875
25230020000	181272
25260020000	96824
25290020000	64143
25320020000	174497
25350020000	146035
25380020000	198703
25410020000	104866
25440020000	109506
25470020000	181131
25500020000	166123
25530020000	180366
25560020000	191377
25590020000	169373
25620020000	154272
25650020000	105281
25680020000	90056
25710020000	117761
25740020000	189976
25770020000	49074
25800020000	126372
25830020000	197814
25860020000	52873
25890020000	74468
25920020000	188123
25950020000	92186
25980020000	154403
26010020000	270145
26040020000	163341
26070020000	79572
26100020000	167093
26130020000	188700
26160020000	48820
26190020000	109758
26220020000	171686
26250020000	154097
26280020000	110910
26310020000	70352
26340020000	73311
26370020000	189945
26400020000	170955
26430020000	141265
26460020000	176900
26490020000	186250
26520020000	146752
26550020000	142142
26580020000	46142
26610020000	106939
26640020000	106113
26670020000	181651
26700020000	160380
26730020000	62836
26760020000	79878
26790020000	193471
26820020000	175191
26850020000	189437
26880020000	50469
26910020000	116393
26940020000	87997
26970020000	163520
27000020000	53621
27030020000	80750
27060020000	41743
27090020000	167319
27120020000	103031
27150020000	74170
27180020000	185545
27210020000	189720
27240020000	195369
27270020000	58328
27300020000	184185
27330020000	190533
27360020000	82847
27390020000	204501
27420020000	185860
27450020000	74068
27480020000	149595
27510020000	85978
27540020000	62703
27570020000	156193
27600020000	178184
27630020000	48971
27660020000	189314
27690020000	51536
27720020000	161453
27750020000	189126
27780020000	63100
27810020000	169590
27840020000	105091
27870020000	77841
27900020000	157940
27930020000	180122
27960020000	167034
27990020000	42190
28020020000	50685
28050020000	142206
28080020000	193391
28110020000	148001
28140020000	193918
28170020000	146556
28200020000	63387
28230020000	151791
28260020000	93462
28290020000	168420
28320020000	186588
28350020000	95430
28380020000	161938
28410020000	131062
28440020000	76821
28470020000	160738
28500020000	87694
28530020000	87750
28560020000	116026
28590020000	185025
28620020000	115237
28650020000	98643
28680020000	146952
28710020000	218601
28740020000	77555
28770020000	65342
28800020000	95004
28830020000	157172
28860020000	46794
28890020000	52738
28920020000	185666
28950020000	102484
28980020000	157646
29010020000	169663
29040020000	182361
29070020000	109204
29100020000	154627
29130020000	99130
29160020000	178808
29190020000	77305
29220020000	48162
29250020000	65274
29280020000	48984
29310020000	182132
29340020000	129269
29370020000	178741
29400020000	181610
29430020000	100294
29460020000	174414
29490020000	103236
29520020000	67752
29550020000	101762
29580020000	65195
29610020000	110680
29640020000	186143
29670020000	163921
29700020000	153091
29730020000	54144
29760020000	177621
29790020000	91106
29820020000	117982
29850020000	67469
29880020000	64059
29910020000	160272
29940020000	69830
29970020000	139977
