args: Args { inner: ["target/release/examples/word_count", "10", "100000", "2560000", "open-loop", "-n", "2", "-p", "0", "-w", "1"] }
rounds: 10, batch: 100000, keys: 2560000, open_loop: true
worker 00:	37281	143686	955063370	1255003370	(of 1500000 measurements)
00	latency	20000	760233
00	latency	30020000	58084
00	latency	60020000	156997
00	latency	90020000	59290
00	latency	120020000	66325
00	latency	150020000	114463
00	latency	180020000	67628
00	latency	210020000	119868
00	latency	240020000	44807
00	latency	270020000	179941
00	latency	300020000	71627
00	latency	330020000	75195
00	latency	360020000	134747
00	latency	390020000	175108
00	latency	420020000	87404
00	latency	450020000	145056
00	latency	480020000	77514
00	latency	510020000	137717
00	latency	540020000	177903
00	latency	570020000	86791
00	latency	600020000	168024
00	latency	630020000	45324
00	latency	660020000	57502
00	latency	690020000	121943
00	latency	720020000	87860
00	latency	750020000	70701
00	latency	780020000	97433
00	latency	810020000	166834
00	latency	840020000	58663
00	latency	870020000	137075
00	latency	900020000	175032
00	latency	930020000	45465
00	latency	960020000	75735
00	latency	990020000	92773
00	latency	1020020000	135794
00	latency	1050020000	141424
00	latency	1080020000	64121
00	latency	1110020000	44529
00	latency	1140020000	162911
00	latency	1170020000	51080
00	latency	1200020000	93737
00	latency	1230020000	151853
00	latency	1260020000	120891
00	latency	1290020000	156719
00	latency	1320020000	88051
00	latency	1350020000	106521
00	latency	1380020000	133874
00	latency	1410020000	61717
00	latency	1440020000	54353
00	latency	1470020000	158756
00	latency	1500020000	121006
00	latency	1530020000	52791
00	latency	1560020000	176581
00	latency	1590020000	147853
00	latency	1620020000	165627
00	latency	1650020000	139044
00	latency	1680020000	125231
00	latency	1710020000	137359
00	latency	1740020000	75997
00	latency	1770020000	81523
00	latency	1800020000	80986
00	latency	1830020000	75811
00	latency	1860020000	150736
00	latency	1890020000	128486
00	latency	1920020000	180506
00	latency	1950020000	61276
00	latency	1980020000	146310
00	latency	2010020000	88352
00	latency	2040020000	148005
00	latency	2070020000	119027
00	latency	2100020000	152180
00	latency	2130020000	113499
00	latency	2160020000	77047
00	latency	2190020000	97609
00	latency	2220020000	169874
00	latency	2250020000	51295
00	latency	2280020000	79206
00	latency	2310020000	72711
00	latency	2340020000	159411
00	latency	2370020000	59633
00	latency	2400020000	118953
00	latency	2430020000	172906
00	latency	2460020000	67423
00	latency	2490020000	192911
00	latency	2520020000	168147
00	latency	2550020000	153882
00	latency	2580020000	191712
00	latency	2610020000	64700
00	latency	2640020000	52860
00	latency	2670020000	191038
00	latency	2700020000	45890
00	latency	2730020000	69590
00	latency	2760020000	167677
00	latency	2790020000	64475
00	latency	2820020000	80027
00	latency	2850020000	167276
00	latency	2880020000	96531
00	latency	2910020000	71714
00	latency	2940020000	151702
00	latency	2970020000	166894
00	latency	3000020000	114897
00	latency	3030020000	162369
00	latency	3060020000	49708
00	latency	3090020000	111572
00	latency	3120020000	84510
00	latency	3150020000	94801
00	latency	3180020000	135870
00	latency	3210020000	43053
00	latency	3240020000	53967
00	latency	3270020000	75304
00	latency	3300020000	162096
00	latency	3330020000	171494
00	latency	3360020000	173191
00	latency	3390020000	88638
00	latency	3420020000	161171
00	latency	3450020000	81226
00	latency	3480020000	150579
00	latency	3510020000	76580
00	latency	3540020000	178739
00	latency	3570020000	134129
00	latency	3600020000	194219
00	latency	3630020000	47415
00	latency	3660020000	98666
00	latency	3690020000	79698
00	latency	3720020000	155151
00	latency	3750020000	51702
00	latency	3780020000	178514
00	latency	3810020000	92649
00	latency	3840020000	153882
00	latency	3870020000	69863
00	latency	3900020000	71176
00	latency	3930020000	175344
00	latency	3960020000	75538
00	latency	3990020000	68771
00	latency	4020020000	95986
00	latency	4050020000	81557
00	latency	4080020000	81805
00	latency	4110020000	184814
00	latency	4140020000	111734
00	latency	4170020000	154292
00	latency	4200020000	176980
00	latency	4230020000	61799
00	latency	4260020000	165093
00	latency	4290020000	134108
00	latency	4320020000	154395
00	latency	4350020000	109609
00	latency	4380020000	63277
00	latency	4410020000	70460
00	latency	4440020000	73698
00	latency	4470020000	88006
00	latency	4500020000	52738
00	latency	4530020000	84236
00	latency	4560020000	145571
00	latency	4590020000	58341
00	latency	4620020000	51820
00	latency	4650020000	58521
00	latency	4680020000	46469
00	latency	4710020000	128773
00	latency	4740020000	152583
00	latency	4770020000	118384
00	latency	4800020000	65208
00	latency	4830020000	149103
00	latency	4860020000	167810
00	latency	4890020000	196097
00	latency	4920020000	180775
00	latency	4950020000	134643
00	latency	4980020000	167616
00	latency	5010020000	175923
00	latency	5040020000	110464
00	latency	5070020000	154263
00	latency	5100020000	95216
00	latency	5130020000	162577
00	latency	5160020000	59918
00	latency	5190020000	180260
00	latency	5220020000	53154
00	latency	5250020000	63725
00	latency	5280020000	141665
00	latency	5310020000	157088
00	latency	5340020000	135293
00	latency	5370020000	125558
00	latency	5400020000	54472
00	latency	5430020000	104408
00	latency	5460020000	50557
00	latency	5490020000	70223
00	latency	5520020000	68535
00	latency	5550020000	148924
00	latency	5580020000	588068
00	latency	5610020000	162061
00	latency	5640020000	63077
00	latency	5670020000	44207
00	latency	5700020000	59322
00	latency	5730020000	82582
00	latency	5760020000	58624
00	latency	5790020000	73295
00	latency	5820020000	72468
00	latency	5850020000	175287
00	latency	5880020000	62368
00	latency	5910020000	137639
00	latency	5940020000	141074
00	latency	5970020000	141048
00	latency	6000020000	97211
00	latency	6030020000	49072
00	latency	6060020000	70092
00	latency	6090020000	151068
00	latency	6120020000	68789
00	latency	6150020000	76806
00	latency	6180020000	60229
00	latency	6210020000	172441
00	latency	6240020000	76684
00	latency	6270020000	130789
00	latency	6300020000	167235
00	latency	6330020000	162402
00	latency	6360020000	185614
00	latency	6390020000	120842
00	latency	6420020000	155526
00	latency	6450020000	164444
00	latency	6480020000	120681
00	latency	6510020000	188323
00	latency	6540020000	101277
00	latency	6570020000	142978
00	latency	6600020000	193645
00	latency	6630020000	52504
00	latency	6660020000	154017
00	latency	6690020000	69904
00	latency	6720020000	75168
00	latency	6750020000	1205322
00	latency	6780020000	91052
00	latency	6810020000	136117
00	latency	6840020000	42617
00	latency	6870020000	148218
00	latency	6900020000	115188
00	latency	6930020000	114164
00	latency	6960020000	154034
00	latency	6990020000	144733
00	latency	7020020000	177729
00	latency	7050020000	110287
00	latency	7080020000	72207
00	latency	7110020000	155719
00	latency	7140020000	105955
00	latency	7170020000	103078
00	latency	7200020000	117541
00	latency	7230020000	105028
00	latency	7260020000	178587
00	latency	7290020000	118419
00	latency	7320020000	152423
00	latency	7350020000	725446
00	latency	7380020000	90963
00	latency	7410020000	166297
00	latency	7440020000	141505
00	latency	7470020000	87208
00	latency	7500020000	64632
00	latency	7530020000	130127
00	latency	7560020000	74062
00	latency	7590020000	166648
00	latency	7620020000	54087
00	latency	7650020000	82798
00	latency	7680020000	160810
00	latency	7710020000	166334
00	latency	7740020000	146841
00	latency	7770020000	129065
00	latency	7800020000	70169
00	latency	7830020000	68576
00	latency	7860020000	73847
00	latency	7890020000	85378
00	latency	7920020000	100829
00	latency	7950020000	191588
00	latency	7980020000	52735
00	latency	8010020000	176608
00	latency	8040020000	69327
00	latency	8070020000	82069
00	latency	8100020000	1067752
00	latency	8130020000	146762
00	latency	8160020000	210261
00	latency	8190020000	191397
00	latency	8220020000	80250
00	latency	8250020000	132971
00	latency	8280020000	103431
00	latency	8310020000	177026
00	latency	8340020000	194096
00	latency	8370020000	140657
00	latency	8400020000	84825
00	latency	8430020000	62227
00	latency	8460020000	145412
00	latency	8490020000	118010
00	latency	8520020000	997752
00	latency	8550020000	81741
00	latency	8580020000	53909
00	latency	8610020000	63478
00	latency	8640020000	176570
00	latency	8670020000	122100
00	latency	8700020000	191970
00	latency	8730020000	1038949
00	latency	8760020000	81805
00	latency	8790020000	57774
00	latency	8820020000	159886
00	latency	8850020000	78121
00	latency	8880020000	78199
00	latency	8910020000	52839
00	latency	8940020000	140660
00	latency	8970020000	102005
00	latency	9000020000	65075
00	latency	9030020000	1101368
00	latency	9060020000	159846
00	latency	9090020000	59218
00	latency	9120020000	74770
00	latency	9150020000	142452
00	latency	9180020000	181549
00	latency	9210020000	78675
00	latency	9240020000	166347
00	latency	9270020000	109770
00	latency	9300020000	101333
00	latency	9330020000	157994
00	latency	9360020000	130527
00	latency	9390020000	192446
00	latency	9420020000	92574
00	latency	9450020000	56031
00	latency	9480020000	94340
00	latency	9510020000	56802
00	latency	9540020000	141915
00	latency	9570020000	96850
00	latency	9600020000	160849
00	latency	9630020000	67274
00	latency	9660020000	100671
00	latency	9690020000	151327
00	latency	9720020000	80546
00	latency	9750020000	54962
00	latency	9780020000	131423
00	latency	9810020000	182934
00	latency	9840020000	717251
00	latency	9870020000	118714
00	latency	9900020000	180164
00	latency	9930020000	98974
00	latency	9960020000	153966
00	latency	9990020000	171815
00	latency	10020020000	1235023370
00	latency	10050020000	1205023370
00	latency	10080020000	1175023370
00	latency	10110020000	1145023370
00	latency	10140020000	1115023370
00	latency	10170020000	1085023370
00	latency	10200020000	1055023370
00	latency	10230020000	1025023370
00	latency	10260020000	995023370
00	latency	10290020000	965023370
00	latency	10320020000	935023370
00	latency	10350020000	905023370
00	latency	10380020000	875023370
00	latency	10410020000	845023370
00	latency	10440020000	815023370
00	latency	10470020000	785023370
00	latency	10500020000	755023370
00	latency	10530020000	725023370
00	latency	10560020000	695023370
00	latency	10590020000	665023370
00	latency	10620020000	635023370
00	latency	10650020000	605023370
00	latency	10680020000	575023370
00	latency	10710020000	545023370
00	latency	10740020000	515023370
00	latency	10770020000	485023370
00	latency	10800020000	455023370
00	latency	10830020000	425023370
00	latency	10860020000	395023370
00	latency	10890020000	365023370
00	latency	10920020000	335023370
00	latency	10950020000	305023370
00	latency	10980020000	275023370
00	latency	11010020000	245023370
00	latency	11040020000	215023370
00	latency	11070020000	185023370
00	latency	11100020000	155023370
00	latency	11130020000	125023370
00	latency	11160020000	107481790
00	latency	11190020000	77481790
00	latency	11220020000	47481790
00	latency	11250020000	17481790
00	latency	11280020000	159750
00	latency	11310020000	144933
00	latency	11340020000	214179
00	latency	11370020000	216534
00	latency	11400020000	148383
00	latency	11430020000	207782
00	latency	11460020000	181318
00	latency	11490020000	190176
00	latency	11520020000	182047
00	latency	11550020000	151857
00	latency	11580020000	175317
00	latency	11610020000	119745
00	latency	11640020000	140290
00	latency	11670020000	195622
00	latency	11700020000	143513
00	latency	11730020000	191521
00	latency	11760020000	197241
00	latency	11790020000	179204
00	latency	11820020000	212395
00	latency	11850020000	140997
00	latency	11880020000	112982
00	latency	11910020000	203995
00	latency	11940020000	167273
00	latency	11970020000	159184
00	latency	12000020000	87340
00	latency	12030020000	186986
00	latency	12060020000	139139
00	latency	12090020000	199844
00	latency	12120020000	150643
00	latency	12150020000	191426
00	latency	12180020000	139117
00	latency	12210020000	209042
00	latency	12240020000	101680
00	latency	12270020000	134145
00	latency	12300020000	125011
00	latency	12330020000	107693
00	latency	12360020000	160111
00	latency	12390020000	131836
00	latency	12420020000	117871
00	latency	12450020000	172668
00	latency	12480020000	171411
00	latency	12510020000	141785
00	latency	12540020000	212193
00	latency	12570020000	193456
00	latency	12600020000	83069
00	latency	12630020000	82919
00	latency	12660020000	115100
00	latency	12690020000	169116
00	latency	12720020000	111234
00	latency	12750020000	157885
00	latency	12780020000	186420
00	latency	12810020000	86492
00	latency	12840020000	119103
00	latency	12870020000	215759
00	latency	12900020000	143620
00	latency	12930020000	152656
00	latency	12960020000	197559
00	latency	12990020000	179624
00	latency	13020020000	153082
00	latency	13050020000	193113
00	latency	13080020000	202270
00	latency	13110020000	167680
00	latency	13140020000	108858
00	latency	13170020000	161020
00	latency	13200020000	162737
00	latency	13230020000	109977
00	latency	13260020000	119602
00	latency	13290020000	202091
00	latency	13320020000	138013
00	latency	13350020000	147096
00	latency	13380020000	178648
00	latency	13410020000	173381
00	latency	13440020000	164830
00	latency	13470020000	207144
00	latency	13500020000	190867
00	latency	13530020000	179613
00	latency	13560020000	131975
00	latency	13590020000	141846
00	latency	13620020000	158880
00	latency	13650020000	125519
00	latency	13680020000	166886
00	latency	13710020000	160881
00	latency	13740020000	164445
00	latency	13770020000	78526
00	latency	13800020000	200969
00	latency	13830020000	142008
00	latency	13860020000	140689
00	latency	13890020000	163880
00	latency	13920020000	205464
00	latency	13950020000	219161
00	latency	13980020000	156055
00	latency	14010020000	209226
00	latency	14040020000	205467
00	latency	14070020000	146474
00	latency	14100020000	111502
00	latency	14130020000	181888
00	latency	14160020000	135837
00	latency	14190020000	169608
00	latency	14220020000	216528
00	latency	14250020000	134879
00	latency	14280020000	149514
00	latency	14310020000	194481
00	latency	14340020000	179293
00	latency	14370020000	187432
00	latency	14400020000	178589
00	latency	14430020000	183165
00	latency	14460020000	157421
00	latency	14490020000	177287
00	latency	14520020000	203089
00	latency	14550020000	110275
00	latency	14580020000	222517
00	latency	14610020000	160747
00	latency	14640020000	104450
00	latency	14670020000	132448
00	latency	14700020000	188791
00	latency	14730020000	175439
00	latency	14760020000	157461
00	latency	14790020000	83772
00	latency	14820020000	204629
00	latency	14850020000	139697
00	latency	14880020000	140983
00	latency	14910020000	177170
00	latency	14940020000	180260
00	latency	14970020000	141904
00	latency	15000020000	101609
00	latency	15030020000	135177
00	latency	15060020000	180342
00	latency	15090020000	209329
00	latency	15120020000	113572
00	latency	15150020000	223745
00	latency	15180020000	143003
00	latency	15210020000	214895
00	latency	15240020000	112991
00	latency	15270020000	172065
00	latency	15300020000	184981
00	latency	15330020000	128419
00	latency	15360020000	206592
00	latency	15390020000	170029
00	latency	15420020000	186400
00	latency	15450020000	204097
00	latency	15480020000	199149
00	latency	15510020000	163074
00	latency	15540020000	153514
00	latency	15570020000	184906
00	latency	15600020000	158795
00	latency	15630020000	134902
00	latency	15660020000	159312
00	latency	15690020000	165689
00	latency	15720020000	195995
00	latency	15750020000	140605
00	latency	15780020000	144093
00	latency	15810020000	92756
00	latency	15840020000	134207
00	latency	15870020000	192390
00	latency	15900020000	204707
00	latency	15930020000	209884
00	latency	15960020000	185078
00	latency	15990020000	184605
00	latency	16020020000	185565
00	latency	16050020000	94356
00	latency	16080020000	138576
00	latency	16110020000	158719
00	latency	16140020000	196757
00	latency	16170020000	221445
00	latency	16200020000	154059
00	latency	16230020000	116764
00	latency	16260020000	226055
00	latency	16290020000	164534
00	latency	16320020000	132351
00	latency	16350020000	167695
00	latency	16380020000	170001
00	latency	16410020000	90976
00	latency	16440020000	123858
00	latency	16470020000	130493
00	latency	16500020000	76030
00	latency	16530020000	186612
00	latency	16560020000	123843
00	latency	16590020000	106032
00	latency	16620020000	134103
00	latency	16650020000	142738
00	latency	16680020000	125944
00	latency	16710020000	178132
00	latency	16740020000	181556
00	latency	16770020000	98179
00	latency	16800020000	137672
00	latency	16830020000	175748
00	latency	16860020000	146037
00	latency	16890020000	148198
00	latency	16920020000	84932
00	latency	16950020000	196272
00	latency	16980020000	165472
00	latency	17010020000	90241
00	latency	17040020000	141103
00	latency	17070020000	173638
00	latency	17100020000	90151
00	latency	17130020000	154834
00	latency	17160020000	209980
00	latency	17190020000	175692
00	latency	17220020000	192826
00	latency	17250020000	188312
00	latency	17280020000	197589
00	latency	17310020000	189663
00	latency	17340020000	192516
00	latency	17370020000	212655
00	latency	17400020000	192536
00	latency	17430020000	85409
00	latency	17460020000	110423
00	latency	17490020000	161850
00	latency	17520020000	89733
00	latency	17550020000	146693
00	latency	17580020000	143127
00	latency	17610020000	188917
00	latency	17640020000	101356
00	latency	17670020000	145067
00	latency	17700020000	118981
00	latency	17730020000	178318
00	latency	17760020000	96824
00	latency	17790020000	127540
00	latency	17820020000	109216
00	latency	17850020000	92104
00	latency	17880020000	94710
00	latency	17910020000	178506
00	latency	17940020000	218309
00	latency	17970020000	171114
00	latency	18000020000	102723
00	latency	18030020000	171535
00	latency	18060020000	193000
00	latency	18090020000	170141
00	latency	18120020000	123547
00	latency	18150020000	194123
00	latency	18180020000	192224
00	latency	18210020000	140862
00	latency	18240020000	211034
00	latency	18270020000	138524
00	latency	18300020000	148386
00	latency	18330020000	205674
00	latency	18360020000	186650
00	latency	18390020000	107299
00	latency	18420020000	145922
00	latency	18450020000	166736
00	latency	18480020000	178697
00	latency	18510020000	189205
00	latency	18540020000	137027
00	latency	18570020000	193699
00	latency	18600020000	118557
00	latency	18630020000	163167
00	latency	18660020000	184960
00	latency	18690020000	144151
00	latency	18720020000	168363
00	latency	18750020000	172963
00	latency	18780020000	233470
00	latency	18810020000	238569
00	latency	18840020000	86734
00	latency	18870020000	182363
00	latency	18900020000	149178
00	latency	18930020000	79445
00	latency	18960020000	123996
00	latency	18990020000	109936
00	latency	19020020000	218622
00	latency	19050020000	148547
00	latency	19080020000	157377
00	latency	19110020000	150426
00	latency	19140020000	188849
00	latency	19170020000	159446
00	latency	19200020000	163619
00	latency	19230020000	101910
00	latency	19260020000	155410
00	latency	19290020000	117893
00	latency	19320020000	173758
00	latency	19350020000	128232
00	latency	19380020000	213294
00	latency	19410020000	147867
00	latency	19440020000	179311
00	latency	19470020000	170932
00	latency	19500020000	209026
00	latency	19530020000	203131
00	latency	19560020000	176314
00	latency	19590020000	143420
00	latency	19620020000	84129
00	latency	19650020000	143720
00	latency	19680020000	93892
00	latency	19710020000	143961
00	latency	19740020000	205789
00	latency	19770020000	191226
00	latency	19800020000	159799
00	latency	19830020000	118937
00	latency	19860020000	146130
00	latency	19890020000	170031
00	latency	19920020000	209807
00	latency	19950020000	212873
00	latency	19980020000	188010
00	latency	20010020000	4124701
00	latency	20040020000	453655
00	latency	20070020000	2757494
00	latency	20100020000	6426530
00	latency	20130020000	2644261
00	latency	20160020000	6072818
00	latency	20190020000	2024749
00	latency	20220020000	5311804
00	latency	20250020000	1887026
00	latency	20280020000	4749340
00	latency	20310020000	851544
00	latency	20340020000	3662171
00	latency	20370020000	557936
00	latency	20400020000	3229915
00	latency	20430020000	407371
00	latency	20460020000	3427545
00	latency	20490020000	435214
00	latency	20520020000	3496729
00	latency	20550020000	552873
00	latency	20580020000	3894464
00	latency	20610020000	624285
00	latency	20640020000	4039313
00	latency	20670020000	1203284
00	latency	20700020000	4817740
00	latency	20730020000	2494127
00	latency	20760020000	5127189
00	latency	20790020000	3256610
00	latency	20820020000	1059266
00	latency	20850020000	4641848
00	latency	20880020000	129868
00	latency	20910020000	64951
00	latency	20940020000	116085
00	latency	20970020000	148708
00	latency	21000020000	99132
00	latency	21030020000	84285
00	latency	21060020000	52918
00	latency	21090020000	99256
00	latency	21120020000	149013
00	latency	21150020000	73748
00	latency	21180020000	161089
00	latency	21210020000	109069
00	latency	21240020000	154836
00	latency	21270020000	76606
00	latency	21300020000	128214
00	latency	21330020000	157471
00	latency	21360020000	173670
00	latency	21390020000	169940
00	latency	21420020000	134349
00	latency	21450020000	71508
00	latency	21480020000	75430
00	latency	21510020000	141754
00	latency	21540020000	178137
00	latency	21570020000	118175
00	latency	21600020000	85706
00	latency	21630020000	146180
00	latency	21660020000	57102
00	latency	21690020000	158510
00	latency	21720020000	152691
00	latency	21750020000	142356
00	latency	21780020000	63849
00	latency	21810020000	48106
00	latency	21840020000	80933
00	latency	21870020000	75738
00	latency	21900020000	41831
00	latency	21930020000	58912
00	latency	21960020000	152205
00	latency	21990020000	52014
00	latency	22020020000	49242
00	latency	22050020000	125097
00	latency	22080020000	51540
00	latency	22110020000	69885
00	latency	22140020000	136242
00	latency	22170020000	81783
00	latency	22200020000	55213
00	latency	22230020000	148285
00	latency	22260020000	142124
00	latency	22290020000	56859
00	latency	22320020000	175053
00	latency	22350020000	69236
00	latency	22380020000	80013
00	latency	22410020000	61366
00	latency	22440020000	110486
00	latency	22470020000	137613
00	latency	22500020000	52621
00	latency	22530020000	124291
00	latency	22560020000	65061
00	latency	22590020000	119632
00	latency	22620020000	52875
00	latency	22650020000	152978
00	latency	22680020000	116186
00	latency	22710020000	75901
00	latency	22740020000	92114
00	latency	22770020000	158541
00	latency	22800020000	138543
00	latency	22830020000	143210
00	latency	22860020000	175446
00	latency	22890020000	59836
00	latency	22920020000	57155
00	latency	22950020000	64177
00	latency	22980020000	55234
00	latency	23010020000	67488
00	latency	23040020000	65345
00	latency	23070020000	64039
00	latency	23100020000	63131
00	latency	23130020000	141380
00	latency	23160020000	75891
00	latency	23190020000	155139
00	latency	23220020000	53592
00	latency	23250020000	87533
00	latency	23280020000	57724
00	latency	23310020000	141490
00	latency	23340020000	105183
00	latency	23370020000	160954
00	latency	23400020000	93280
00	latency	23430020000	140735
00	latency	23460020000	183737
00	latency	23490020000	110941
00	latency	23520020000	97415
00	latency	23550020000	144072
00	latency	23580020000	71673
00	latency	23610020000	101227
00	latency	23640020000	168315
00	latency	23670020000	116390
00	latency	23700020000	102881
00	latency	23730020000	153504
00	latency	23760020000	153333
00	latency	23790020000	134291
00	latency	23820020000	59923
00	latency	23850020000	45183
00	latency	23880020000	55506
00	latency	23910020000	115440
00	latency	23940020000	62653
00	latency	23970020000	76840
00	latency	24000020000	52029
00	latency	24030020000	61002
00	latency	24060020000	105773
00	latency	24090020000	141892
00	latency	24120020000	67154
00	latency	24150020000	168602
00	latency	24180020000	92509
00	latency	24210020000	64835
00	latency	24240020000	137842
00	latency	24270020000	175560
00	latency	24300020000	173177
00	latency	24330020000	126721
00	latency	24360020000	56184
00	latency	24390020000	150211
00	latency	24420020000	72944
00	latency	24450020000	169155
00	latency	24480020000	157128
00	latency	24510020000	45128
00	latency	24540020000	99365
00	latency	24570020000	61898
00	latency	24600020000	80414
00	latency	24630020000	77628
00	latency	24660020000	160540
00	latency	24690020000	151574
00	latency	24720020000	132569
00	latency	24750020000	168557
00	latency	24780020000	79367
00	latency	24810020000	145288
00	latency	24840020000	135303
00	latency	24870020000	119838
00	latency	24900020000	41721
00	latency	24930020000	168595
00	latency	24960020000	59441
00	latency	24990020000	46986
00	latency	25020020000	77832
00	latency	25050020000	149632
00	latency	25080020000	56208
00	latency	25110020000	152603
00	latency	25140020000	133696
00	latency	25170020000	149172
00	latency	25200020000	132394
00	latency	25230020000	42301
00	latency	25260020000	56097
00	latency	25290020000	167034
00	latency	25320020000	76615
00	latency	25350020000	151233
00	latency	25380020000	126208
00	latency	25410020000	48106
00	latency	25440020000	170854
00	latency	25470020000	168626
00	latency	25500020000	77157
00	latency	25530020000	66461
00	latency	25560020000	107617
00	latency	25590020000	172290
00	latency	25620020000	166363
00	latency	25650020000	140283
00	latency	25680020000	119066
00	latency	25710020000	146101
00	latency	25740020000	162063
00	latency	25770020000	48378
00	latency	25800020000	166575
00	latency	25830020000	174432
00	latency	25860020000	128201
00	latency	25890020000	136243
00	latency	25920020000	135747
00	latency	25950020000	55530
00	latency	25980020000	85277
00	latency	26010020000	74117
00	latency	26040020000	74267
00	latency	26070020000	144249
00	latency	26100020000	164987
00	latency	26130020000	91411
00	latency	26160020000	65115
00	latency	26190020000	113245
00	latency	26220020000	139244
00	latency	26250020000	147296
00	latency	26280020000	136160
00	latency	26310020000	99011
00	latency	26340020000	67130
00	latency	26370020000	167235
00	latency	26400020000	152311
00	latency	26430020000	90469
00	latency	26460020000	46456
00	latency	26490020000	128298
00	latency	26520020000	108566
00	latency	26550020000	114510
00	latency	26580020000	141068
00	latency	26610020000	60565
00	latency	26640020000	64052
00	latency	26670020000	86225
00	latency	26700020000	75020
00	latency	26730020000	174552
00	latency	26760020000	40795
00	latency	26790020000	90823
00	latency	26820020000	60295
00	latency	26850020000	57599
00	latency	26880020000	49200
00	latency	26910020000	89108
00	latency	26940020000	57802
00	latency	26970020000	157414
00	latency	27000020000	89180
00	latency	27030020000	124126
00	latency	27060020000	85723
00	latency	27090020000	94526
00	latency	27120020000	153998
00	latency	27150020000	83396
00	latency	27180020000	169390
00	latency	27210020000	101100
00	latency	27240020000	56214
00	latency	27270020000	121048
00	latency	27300020000	40848
00	latency	27330020000	176548
00	latency	27360020000	169195
00	latency	27390020000	155579
00	latency	27420020000	55537
00	latency	27450020000	151833
00	latency	27480020000	171980
00	latency	27510020000	178550
00	latency	27540020000	76498
00	latency	27570020000	156546
00	latency	27600020000	142627
00	latency	27630020000	98041
00	latency	27660020000	40392
00	latency	27690020000	47314
00	latency	27720020000	152534
00	latency	27750020000	49278
00	latency	27780020000	49449
00	latency	27810020000	169303
00	latency	27840020000	115748
00	latency	27870020000	49638
00	latency	27900020000	78405
00	latency	27930020000	127481
00	latency	27960020000	172091
00	latency	27990020000	179613
00	latency	28020020000	81276
00	latency	28050020000	79566
00	latency	28080020000	44100
00	latency	28110020000	150685
00	latency	28140020000	73222
00	latency	28170020000	60029
00	latency	28200020000	177284
00	latency	28230020000	58514
00	latency	28260020000	108528
00	latency	28290020000	135878
00	latency	28320020000	143105
00	latency	28350020000	88976
00	latency	28380020000	141269
00	latency	28410020000	170161
00	latency	28440020000	112084
00	latency	28470020000	80803
00	latency	28500020000	71842
00	latency	28530020000	117765
00	latency	28560020000	65217
00	latency	28590020000	177252
00	latency	28620020000	121291
00	latency	28650020000	146199
00	latency	28680020000	65803
00	latency	28710020000	49651
00	latency	28740020000	169588
00	latency	28770020000	58279
00	latency	28800020000	66623
00	latency	28830020000	156927
00	latency	28860020000	79646
00	latency	28890020000	46320
00	latency	28920020000	159865
00	latency	28950020000	155408
00	latency	28980020000	164046
00	latency	29010020000	148303
00	latency	29040020000	79976
00	latency	29070020000	170367
00	latency	29100020000	153378
00	latency	29130020000	46006
00	latency	29160020000	92433
00	latency	29190020000	72569
00	latency	29220020000	141287
00	latency	29250020000	110342
00	latency	29280020000	64558
00	latency	29310020000	135986
00	latency	29340020000	159300
00	latency	29370020000	57628
00	latency	29400020000	155769
00	latency	29430020000	120262
00	latency	29460020000	74533
00	latency	29490020000	159307
00	latency	29520020000	172436
00	latency	29550020000	155739
00	latency	29580020000	77274
00	latency	29610020000	91980
00	latency	29640020000	156141
00	latency	29670020000	93893
00	latency	29700020000	43760
00	latency	29730020000	75954
00	latency	29760020000	85149
00	latency	29790020000	84354
00	latency	29820020000	90419
00	latency	29850020000	56940
00	latency	29880020000	48428
00	latency	29910020000	73296
00	latency	29940020000	158580
00	latency	29970020000	154755

00	redistr	10000027718	10000000
00	redistr	20000160183	10000000
00	redistr	20000507193	10000000
00	redistr	20007266088	10000000
00	redistr	20007622379	10000000
00	redistr	20014148963	10000000
00	redistr	20014460637	10000000
00	redistr	20020621225	10000000
00	redistr	20021006992	10000000
00	redistr	20027004478	10000000
00	redistr	20027344336	10000000
00	redistr	20033510823	10000000
00	redistr	20033878302	10000000
00	redistr	20040318357	10000000
00	redistr	20040622575	10000000
00	redistr	20046529836	10000000
00	redistr	20046872173	10000000
00	redistr	20053247947	10000000
00	redistr	20053560057	10000000
00	redistr	20059786203	10000000
00	redistr	20060154032	10000000
00	redistr	20066548892	10000000
00	redistr	20066857012	10000000
00	redistr	20072783994	10000000
00	redistr	20073157554	10000000
00	redistr	20079915584	10000000
00	redistr	20080216372	10000000
00	redistr	20086154044	10000000
00	redistr	20086508623	10000000
00	redistr	20092837003	10000000
00	redistr	20093146669	10000000
00	redistr	20099580190	10000000
00	redistr	20099938492	10000000
00	redistr	20106450924	10000000
00	redistr	20106774298	10000000
00	redistr	20113010277	10000000
00	redistr	20113382496	10000000
00	redistr	20119670911	10000000
00	redistr	20119965898	10000000
00	redistr	20125752018	10000000
00	redistr	20126119933	10000000
00	redistr	20132669226	10000000
00	redistr	20132987640	10000000
00	redistr	20139563088	10000000
00	redistr	20139929371	10000000
00	redistr	20145958888	10000000
00	redistr	20146252748	10000000
00	redistr	20152604109	10000000
00	redistr	20152973423	10000000
00	redistr	20159400675	10000000
00	redistr	20159723760	10000000
00	redistr	20166099738	10000000
00	redistr	20166461634	10000000
00	redistr	20172654889	10000000
00	redistr	20172960802	10000000
00	redistr	20179082980	10000000
00	redistr	20179450838	10000000
00	redistr	20185316914	10000000
00	redistr	20185626605	10000000
00	redistr	20192050077	10000000
00	redistr	20192411150	10000000
00	redistr	20198881404	10000000
00	redistr	20199199432	10000000
00	redistr	20205445352	10000000
00	redistr	20205816969	10000000
00	redistr	20212409899	10000000
00	redistr	20212720589	10000000
00	redistr	20218682405	10000000
00	redistr	20219035250	10000000
00	redistr	20225336507	10000000
00	redistr	20225663996	10000000
00	redistr	20231837148	10000000
00	redistr	20232201707	10000000
00	redistr	20238661739	10000000
00	redistr	20238969921	10000000
00	redistr	20245131656	10000000
00	redistr	20245491886	10000000
00	redistr	20251911381	10000000
00	redistr	20252230211	10000000
00	redistr	20258234749	10000000
00	redistr	20258591496	10000000
00	redistr	20264787104	10000000
00	redistr	20265102366	10000000
00	redistr	20271700492	10000000
00	redistr	20272074905	10000000
00	redistr	20278302381	10000000
00	redistr	20278625787	10000000
00	redistr	20284774199	10000000
00	redistr	20285149436	10000000
00	redistr	20291230029	10000000
00	redistr	20291539268	10000000
00	redistr	20297595300	10000000
00	redistr	20297966909	10000000
00	redistr	20304109669	10000000
00	redistr	20304433779	10000000
00	redistr	20310598771	10000000
00	redistr	20310956721	10000000
00	redistr	20317537174	10000000
00	redistr	20317850738	10000000
00	redistr	20323948797	10000000
00	redistr	20324308163	10000000
00	redistr	20330873656	10000000
00	redistr	20331206457	10000000
00	redistr	20337198004	10000000
00	redistr	20337554691	10000000
00	redistr	20343686299	10000000
00	redistr	20344005726	10000000
00	redistr	20350252550	10000000
00	redistr	20350617450	10000000
00	redistr	20356975171	10000000
00	redistr	20357272317	10000000
00	redistr	20363670023	10000000
00	redistr	20364038026	10000000
00	redistr	20370584981	10000000
00	redistr	20370894492	10000000
00	redistr	20377315713	10000000
00	redistr	20377700514	10000000
00	redistr	20383778630	10000000
00	redistr	20384093441	10000000
00	redistr	20390374675	10000000
00	redistr	20390747125	10000000
00	redistr	20396965835	10000000
00	redistr	20397273566	10000000
00	redistr	20403253754	10000000
00	redistr	20403645155	10000000
00	redistr	20410339049	10000000
00	redistr	20410653075	10000000
00	redistr	20416950608	10000000
00	redistr	20417308938	10000000
00	redistr	20423291960	10000000
00	redistr	20423605904	10000000
00	redistr	20430145121	10000000
00	redistr	20430508339	10000000
00	redistr	20436815802	10000000
00	redistr	20437132165	10000000
00	redistr	20443271412	10000000
00	redistr	20443655262	10000000
00	redistr	20450424385	10000000
00	redistr	20450741160	10000000
00	redistr	20457057313	10000000
00	redistr	20457420477	10000000
00	redistr	20463453995	10000000
00	redistr	20463759918	10000000
00	redistr	20470188875	10000000
00	redistr	20470565312	10000000
00	redistr	20477235228	10000000
00	redistr	20477562308	10000000
00	redistr	20483610712	10000000
00	redistr	20483984481	10000000
00	redistr	20490288200	10000000
00	redistr	20490625417	10000000
00	redistr	20496734864	10000000
00	redistr	20497107969	10000000
00	redistr	20503317597	10000000
00	redistr	20503649649	10000000
00	redistr	20509993407	10000000
00	redistr	20510373959	10000000
00	redistr	20516860774	10000000
00	redistr	20517185290	10000000
00	redistr	20523523306	10000000
00	redistr	20523901494	10000000
00	redistr	20530152382	10000000
00	redistr	20530480175	10000000
00	redistr	20536933251	10000000
00	redistr	20537311657	10000000
00	redistr	20543706827	10000000
00	redistr	20544027061	10000000
00	redistr	20550284777	10000000
00	redistr	20550660504	10000000
00	redistr	20556938345	10000000
00	redistr	20557252552	10000000
00	redistr	20563747842	10000000
00	redistr	20564123472	10000000
00	redistr	20570514116	10000000
00	redistr	20570821495	10000000
00	redistr	20577024491	10000000
00	redistr	20577397971	10000000
00	redistr	20583919046	10000000
00	redistr	20584238779	10000000
00	redistr	20590435169	10000000
00	redistr	20590812628	10000000
00	redistr	20597172189	10000000
00	redistr	20597489400	10000000
00	redistr	20603891785	10000000
00	redistr	20604257384	10000000
00	redistr	20610648494	10000000
00	redistr	20610980325	10000000
00	redistr	20617418392	10000000
00	redistr	20617756849	10000000
00	redistr	20624182043	10000000
00	redistr	20624505838	10000000
00	redistr	20630953896	10000000
00	redistr	20631356941	10000000
00	redistr	20637553321	10000000
00	redistr	20637875951	10000000
00	redistr	20644064649	10000000
00	redistr	20644446323	10000000
00	redistr	20651044361	10000000
00	redistr	20651386759	10000000
00	redistr	20657455716	10000000
00	redistr	20657834897	10000000
00	redistr	20664386288	10000000
00	redistr	20664708849	10000000
00	redistr	20671229004	10000000
00	redistr	20671584142	10000000
00	redistr	20678127361	10000000
00	redistr	20678454051	10000000
00	redistr	20684668421	10000000
00	redistr	20685049967	10000000
00	redistr	20691829707	10000000
00	redistr	20692157418	10000000
00	redistr	20698148752	10000000
00	redistr	20698529988	10000000
00	redistr	20704843538	10000000
00	redistr	20705172743	10000000
00	redistr	20711979775	10000000
00	redistr	20712359358	10000000
00	redistr	20718814974	10000000
00	redistr	20719155628	10000000
00	redistr	20725580003	10000000
00	redistr	20725964193	10000000
00	redistr	20732518406	10000000
00	redistr	20732836969	10000000
00	redistr	20739186298	10000000
00	redistr	20739575054	10000000
00	redistr	20746023455	10000000
00	redistr	20746342798	10000000
00	redistr	20752959806	10000000
00	redistr	20753310156	10000000
00	redistr	20759720956	10000000
00	redistr	20760046994	10000000
00	redistr	20765926492	10000000
00	redistr	20766294475	10000000
00	redistr	20772814650	10000000
00	redistr	20773141437	10000000
00	redistr	20779038647	10000000
00	redistr	20779567048	10000000
00	redistr	20786226197	10000000
00	redistr	20786788797	10000000
00	redistr	20793282497	10000000
00	redistr	20793649565	10000000
00	redistr	20800507043	10000000
00	redistr	20800834966	10000000
00	redistr	20806959471	10000000
00	redistr	20807360089	10000000
00	redistr	20813986091	10000000
00	redistr	20814316567	10000000
00	redistr	20820781251	10000000
00	redistr	20821166877	10000000
00	redistr	20827465191	10000000
00	redistr	20827797444	10000000
00	redistr	20834257462	10000000
00	redistr	20834609823	10000000
00	redistr	20841075236	10000000
00	redistr	20841403297	10000000
00	redistr	20847722807	10000000
00	redistr	20848074815	10000000
