20000	810120
30020000	77777
60020000	105021
90020000	156195
120020000	42247
150020000	39921
180020000	150587
210020000	90122
240020000	85923
270020000	176684
300020000	49982
330020000	41206
360020000	171443
390020000	112618
420020000	110211
450020000	174408
480020000	56197
510020000	167583
540020000	124247
570020000	75914
600020000	193903
630020000	59676
660020000	154452
690020000	119544
720020000	151692
750020000	165081
780020000	167626
810020000	112859
840020000	168349
870020000	71436
900020000	57954
930020000	74831
960020000	76476
990020000	139701
1020020000	80199
1050020000	156206
1080020000	102676
1110020000	67384
1140020000	76078
1170020000	140853
1200020000	128638
1230020000	179733
1260020000	74301
1290020000	178227
1320020000	69279
1350020000	135034
1380020000	56713
1410020000	52337
1440020000	43749
1470020000	57845
1500020000	66270
1530020000	69442
1560020000	183497
1590020000	144338
1620020000	153151
1650020000	48609
1680020000	123781
1710020000	72351
1740020000	138528
1770020000	132656
1800020000	58613
1830020000	102474
1860020000	58549
1890020000	83379
1920020000	70029
1950020000	183791
1980020000	145101
2010020000	121116
2040020000	153014
2070020000	155563
2100020000	52636
2130020000	61274
2160020000	124865
2190020000	87097
2220020000	139406
2250020000	123175
2280020000	61081
2310020000	96243
2340020000	134556
2370020000	77047
2400020000	177038
2430020000	103467
2460020000	163874
2490020000	84788
2520020000	77198
2550020000	182985
2580020000	81021
2610020000	117292
2640020000	48070
2670020000	119304
2700020000	158141
2730020000	161248
2760020000	109645
2790020000	144350
2820020000	154440
2850020000	173860
2880020000	117884
2910020000	95909
2940020000	76288
2970020000	171326
3000020000	117845
3030020000	54541
3060020000	72934
3090020000	101920
3120020000	44630
3150020000	152626
3180020000	100510
3210020000	58692
3240020000	41077
3270020000	87027
3300020000	137765
3330020000	73559
3360020000	47808
3390020000	178400
3420020000	144719
3450020000	165425
3480020000	96220
3510020000	170991
3540020000	115682
3570020000	172063
3600020000	139095
3630020000	77184
3660020000	60793
3690020000	156651
3720020000	75116
3750020000	156067
3780020000	42487
3810020000	171145
3840020000	176348
3870020000	45665
3900020000	170971
3930020000	112145
3960020000	68611
3990020000	153740
4020020000	71529
4050020000	96996
4080020000	71268
4110020000	73032
4140020000	76906
4170020000	82988
4200020000	55991
4230020000	70768
4260020000	175212
4290020000	68685
4320020000	107594
4350020000	168947
4380020000	90067
4410020000	166165
4440020000	88172
4470020000	63125
4500020000	78534
4530020000	167899
4560020000	173797
4590020000	186936
4620020000	171019
4650020000	102470
4680020000	90546
4710020000	200321
4740020000	92034
4770020000	150687
4800020000	53331
4830020000	61573
4860020000	57137
4890020000	162182
4920020000	52101
4950020000	57181
4980020000	132149
5010020000	177271
5040020000	127453
5070020000	135999
5100020000	50730
5130020000	41182
5160020000	78129
5190020000	187490
5220020000	99878
5250020000	58982
5280020000	174999
5310020000	181079
5340020000	117065
5370020000	70017
5400020000	56097
5430020000	187342
5460020000	178875
5490020000	137800
5520020000	100181
5550020000	53068
5580020000	51413
5610020000	64112
5640020000	114430
5670020000	177865
5700020000	114104
5730020000	159597
5760020000	51699
5790020000	54107
5820020000	157999
5850020000	72864
5880020000	41629
5910020000	92927
5940020000	64302
5970020000	53392
6000020000	90798
6030020000	89918
6060020000	139831
6090020000	125335
6120020000	85606
6150020000	151182
6180020000	139785
6210020000	110061
6240020000	61467
6270020000	76113
6300020000	96023
6330020000	150784
6360020000	69475
6390020000	92623
6420020000	173187
6450020000	186512
6480020000	134106
6510020000	157279
6540020000	98173
6570020000	141678
6600020000	65246
6630020000	54720
6660020000	114409
6690020000	103882
6720020000	177695
6750020000	53477
6780020000	67872
6810020000	175960
6840020000	62133
6870020000	183418
6900020000	69620
6930020000	144382
6960020000	64631
6990020000	149970
7020020000	159024
7050020000	129928
7080020000	159950
7110020000	78970
7140020000	169479
7170020000	98754
7200020000	64494
7230020000	156762
7260020000	67500
7290020000	42011
7320020000	166252
7350020000	173521
7380020000	88494
7410020000	167303
7440020000	165079
7470020000	84694
7500020000	61831
7530020000	54000
7560020000	64741
7590020000	49603
7620020000	123418
7650020000	79079
7680020000	75621
7710020000	161598
7740020000	109921
7770020000	44092
7800020000	52902
7830020000	76112
7860020000	180727
7890020000	175400
7920020000	152169
7950020000	140286
7980020000	75390
8010020000	140522
8040020000	87782
8070020000	58785
8100020000	116746
8130020000	145005
8160020000	116943
8190020000	122755
8220020000	109951
8250020000	152365
8280020000	107828
8310020000	160954
8340020000	145485
8370020000	83700
8400020000	144069
8430020000	61071
8460020000	66198
8490020000	112443
8520020000	54615
8550020000	54451
8580020000	136701
8610020000	174660
8640020000	43636
8670020000	77634
8700020000	114472
8730020000	181305
8760020000	167071
8790020000	73581
8820020000	154468
8850020000	44867
8880020000	48443
8910020000	73175
8940020000	169144
8970020000	189250
9000020000	182060
9030020000	179768
9060020000	54220
9090020000	85327
9120020000	86727
9150020000	47253
9180020000	128726
9210020000	160722
9240020000	71223
9270020000	99250
9300020000	177861
9330020000	52949
9360020000	112889
9390020000	159534
9420020000	136843
9450020000	56907
9480020000	135323
9510020000	45631
9540020000	130139
9570020000	184243
9600020000	99400
9630020000	162699
9660020000	137792
9690020000	69435
9720020000	101963
9750020000	161737
9780020000	69056
9810020000	196569
9840020000	74228
9870020000	100992
9900020000	138224
9930020000	166347
9960020000	98052
9990020000	179050
10020020000	19801049616
10050020000	19771049616
10080020000	19741049616
10110020000	19711049616
10140020000	19681049616
10170020000	19651049616
10200020000	19621049616
10230020000	19591049616
10260020000	19561049616
10290020000	19531049616
10320020000	19501049616
10350020000	19471049616
10380020000	19441049616
10410020000	19411049616
10440020000	19381049616
10470020000	19351049616
10500020000	19321049616
10530020000	19291049616
10560020000	19261049616
10590020000	19231049616
10620020000	19201049616
10650020000	19171049616
10680020000	19141049616
10710020000	19111049616
10740020000	19081049616
10770020000	19051049616
10800020000	19021049616
10830020000	18991049616
10860020000	18961049616
10890020000	18931049616
10920020000	18901049616
10950020000	18871049616
10980020000	18841049616
11010020000	18811049616
11040020000	18781049616
11070020000	18751049616
11100020000	18721049616
11130020000	18691049616
11160020000	18661049616
11190020000	18631049616
11220020000	18601049616
11250020000	18571049616
11280020000	18541049616
11310020000	18511049616
11340020000	18481049616
11370020000	18451049616
11400020000	18421049616
11430020000	18391049616
11460020000	18361049616
11490020000	18331049616
11520020000	18301049616
11550020000	18271049616
11580020000	18241049616
11610020000	18211049616
11640020000	18181049616
11670020000	18151049616
11700020000	18121049616
11730020000	18091049616
11760020000	18061049616
11790020000	18031049616
11820020000	18001049616
11850020000	17971049616
11880020000	17941049616
11910020000	17911049616
11940020000	17881049616
11970020000	17851049616
12000020000	17821049616
12030020000	17791049616
12060020000	17761049616
12090020000	17731049616
12120020000	17701049616
12150020000	17671049616
12180020000	17641049616
12210020000	17611049616
12240020000	17581049616
12270020000	17551049616
12300020000	17521049616
12330020000	17491049616
12360020000	17461049616
12390020000	17431049616
12420020000	17401049616
12450020000	17371049616
12480020000	17341049616
12510020000	17311049616
12540020000	17281049616
12570020000	17251049616
12600020000	17221049616
12630020000	17191049616
12660020000	17161049616
12690020000	17131049616
12720020000	17101049616
12750020000	17071049616
12780020000	17041049616
12810020000	17011049616
12840020000	16981049616
12870020000	16951049616
12900020000	16921049616
12930020000	16891049616
12960020000	16861049616
12990020000	16831049616
13020020000	16801049616
13050020000	16771049616
13080020000	16741049616
13110020000	16711049616
13140020000	16681049616
13170020000	16651049616
13200020000	16621049616
13230020000	16591049616
13260020000	16561049616
13290020000	16531049616
13320020000	16501049616
13350020000	16471049616
13380020000	16441049616
13410020000	16411049616
13440020000	16381049616
13470020000	16351049616
13500020000	16321049616
13530020000	16291049616
13560020000	16261049616
13590020000	16231049616
13620020000	16201049616
13650020000	16171049616
13680020000	16141049616
13710020000	16111049616
13740020000	16081049616
13770020000	16051049616
13800020000	16021049616
13830020000	15991049616
13860020000	15961049616
13890020000	15931049616
13920020000	15901049616
13950020000	15871049616
13980020000	15841049616
14010020000	15811049616
14040020000	15781049616
14070020000	15751049616
14100020000	15721049616
14130020000	15691049616
14160020000	15661049616
14190020000	15631049616
14220020000	15601049616
14250020000	15571049616
14280020000	15541049616
14310020000	15511049616
14340020000	15481049616
14370020000	15451049616
14400020000	15421049616
14430020000	15391049616
14460020000	15361049616
14490020000	15331049616
14520020000	15301049616
14550020000	15271049616
14580020000	15241049616
14610020000	15211049616
14640020000	15181049616
14670020000	15151049616
14700020000	15121049616
14730020000	15091049616
14760020000	15061049616
14790020000	15031049616
14820020000	15001049616
14850020000	14971049616
14880020000	14941049616
14910020000	14911049616
14940020000	14881049616
14970020000	14851049616
15000020000	14821049616
15030020000	14791049616
15060020000	14761049616
15090020000	14731049616
15120020000	14701049616
15150020000	14671049616
15180020000	14641049616
15210020000	14611049616
15240020000	14581049616
15270020000	14551049616
15300020000	14521049616
15330020000	14491049616
15360020000	14461049616
15390020000	14431049616
15420020000	14401049616
15450020000	14371049616
15480020000	14341049616
15510020000	14311049616
15540020000	14281049616
15570020000	14251049616
15600020000	14221049616
15630020000	14191049616
15660020000	14161049616
15690020000	14131049616
15720020000	14101049616
15750020000	14071049616
15780020000	14041049616
15810020000	14011049616
15840020000	13981049616
15870020000	13951049616
15900020000	13921049616
15930020000	13891049616
15960020000	13861049616
15990020000	13831049616
16020020000	13801049616
16050020000	13771049616
16080020000	13741049616
16110020000	13711049616
16140020000	13681049616
16170020000	13651049616
16200020000	13621049616
16230020000	13591049616
16260020000	13561049616
16290020000	13531049616
16320020000	13501049616
16350020000	13471049616
16380020000	13441049616
16410020000	13411049616
16440020000	13381049616
16470020000	13351049616
16500020000	13321049616
16530020000	13291049616
16560020000	13261049616
16590020000	13231049616
16620020000	13201049616
16650020000	13171049616
16680020000	13141049616
16710020000	13111049616
16740020000	13081049616
16770020000	13051049616
16800020000	13021049616
16830020000	12991049616
16860020000	12961049616
16890020000	12931049616
16920020000	12901049616
16950020000	12871049616
16980020000	12841049616
17010020000	12811049616
17040020000	12781049616
17070020000	12751049616
17100020000	12721049616
17130020000	12691049616
17160020000	12661049616
17190020000	12631049616
17220020000	12601049616
17250020000	12571049616
17280020000	12541049616
17310020000	12511049616
17340020000	12481049616
17370020000	12451049616
17400020000	12421049616
17430020000	12391049616
17460020000	12361049616
17490020000	12331049616
17520020000	12301049616
17550020000	12271049616
17580020000	12241049616
17610020000	12211049616
17640020000	12181049616
17670020000	12151049616
17700020000	12121049616
17730020000	12091049616
17760020000	12061049616
17790020000	12031049616
17820020000	12001049616
17850020000	11971049616
17880020000	11941049616
17910020000	11911049616
17940020000	11881049616
17970020000	11851049616
18000020000	11821049616
18030020000	11791049616
18060020000	11761049616
18090020000	11731049616
18120020000	11701049616
18150020000	11671049616
18180020000	11641049616
18210020000	11611049616
18240020000	11581049616
18270020000	11551049616
18300020000	11521049616
18330020000	11491049616
18360020000	11461049616
18390020000	11431049616
18420020000	11401049616
18450020000	11371049616
18480020000	11341049616
18510020000	11311049616
18540020000	11281049616
18570020000	11251049616
18600020000	11221049616
18630020000	11191049616
18660020000	11161049616
18690020000	11131049616
18720020000	11101049616
18750020000	11071049616
18780020000	11041049616
18810020000	11011049616
18840020000	10981049616
18870020000	10951049616
18900020000	10921049616
18930020000	10891049616
18960020000	10861049616
18990020000	10831049616
19020020000	10801049616
19050020000	10771049616
19080020000	10741049616
19110020000	10711049616
19140020000	10681049616
19170020000	10651049616
19200020000	10621049616
19230020000	10591049616
19260020000	10561049616
19290020000	10531049616
19320020000	10501049616
19350020000	10471049616
19380020000	10441049616
19410020000	10411049616
19440020000	10381049616
19470020000	10351049616
19500020000	10321049616
19530020000	10291049616
19560020000	10261049616
19590020000	10231049616
19620020000	10201049616
19650020000	10171049616
19680020000	10141049616
19710020000	10111049616
19740020000	10081049616
19770020000	10051049616
19800020000	10021049616
19830020000	9991049616
19860020000	9961049616
19890020000	9931049616
19920020000	9901049616
19950020000	9871049616
19980020000	9841049616
20010020000	9811049616
20040020000	9781049616
20070020000	9751049616
20100020000	9721049616
20130020000	9691049616
20160020000	9661049616
20190020000	9631049616
20220020000	9601049616
20250020000	9571049616
20280020000	9541049616
20310020000	9511049616
20340020000	9481049616
20370020000	9451049616
20400020000	9421049616
20430020000	9391049616
20460020000	9361049616
20490020000	9331049616
20520020000	9301049616
20550020000	9271049616
20580020000	9241049616
20610020000	9211049616
20640020000	9181049616
20670020000	9151049616
20700020000	9121049616
20730020000	9091049616
20760020000	9061049616
20790020000	9031049616
20820020000	9001049616
20850020000	8971049616
20880020000	8941049616
20910020000	8911049616
20940020000	8881049616
20970020000	8851049616
21000020000	8821049616
21030020000	8791049616
21060020000	8761049616
21090020000	8731049616
21120020000	8701049616
21150020000	8671049616
21180020000	8641049616
21210020000	8611049616
21240020000	8581049616
21270020000	8551049616
21300020000	8521049616
21330020000	8491049616
21360020000	8461049616
21390020000	8431049616
21420020000	8401049616
21450020000	8371049616
21480020000	8341049616
21510020000	8311049616
21540020000	8281049616
21570020000	8251049616
21600020000	8221049616
21630020000	8191049616
21660020000	8161049616
21690020000	8131049616
21720020000	8101049616
21750020000	8071049616
21780020000	8041049616
21810020000	8011049616
21840020000	7981049616
21870020000	7951049616
21900020000	7921049616
21930020000	7891049616
21960020000	7861049616
21990020000	7831049616
22020020000	7801049616
22050020000	7771049616
22080020000	7741049616
22110020000	7711049616
22140020000	7681049616
22170020000	7651049616
22200020000	7621049616
22230020000	7591049616
22260020000	7561049616
22290020000	7531049616
22320020000	7501049616
22350020000	7471049616
22380020000	7441049616
22410020000	7411049616
22440020000	7381049616
22470020000	7351049616
22500020000	7321049616
22530020000	7291049616
22560020000	7261049616
22590020000	7231049616
22620020000	7201049616
22650020000	7171049616
22680020000	7141049616
22710020000	7111049616
22740020000	7081049616
22770020000	7051049616
22800020000	7021049616
22830020000	6991049616
22860020000	6961049616
22890020000	6931049616
22920020000	6901049616
22950020000	6871049616
22980020000	6841049616
23010020000	6811049616
23040020000	6781049616
23070020000	6751049616
23100020000	6721049616
23130020000	6691049616
23160020000	6661049616
23190020000	6631049616
23220020000	6601049616
23250020000	6571049616
23280020000	6541049616
23310020000	6511049616
23340020000	6481049616
23370020000	6451049616
23400020000	6421049616
23430020000	6391049616
23460020000	6361049616
23490020000	6331049616
23520020000	6301049616
23550020000	6271049616
23580020000	6241049616
23610020000	6211049616
23640020000	6181049616
23670020000	6151049616
23700020000	6121049616
23730020000	6091049616
23760020000	6061049616
23790020000	6031049616
23820020000	6001049616
23850020000	5971049616
23880020000	5941049616
23910020000	5911049616
23940020000	5881049616
23970020000	5851049616
24000020000	5821049616
24030020000	5791049616
24060020000	5761049616
24090020000	5731049616
24120020000	5701049616
24150020000	5671049616
24180020000	5641049616
24210020000	5611049616
24240020000	5581049616
24270020000	5551049616
24300020000	5521049616
24330020000	5491049616
24360020000	5461049616
24390020000	5431049616
24420020000	5401049616
24450020000	5371049616
24480020000	5341049616
24510020000	5311049616
24540020000	5281049616
24570020000	5251049616
24600020000	5221049616
24630020000	5191049616
24660020000	5161049616
24690020000	5131049616
24720020000	5101049616
24750020000	5071049616
24780020000	5041049616
24810020000	5011049616
24840020000	4981049616
24870020000	4951049616
24900020000	4921049616
24930020000	4891049616
24960020000	4861049616
24990020000	4831049616
25020020000	4801049616
25050020000	4771049616
25080020000	4741049616
25110020000	4711049616
25140020000	4681049616
25170020000	4651049616
25200020000	4621049616
25230020000	4591049616
25260020000	4561049616
25290020000	4531049616
25320020000	4501049616
25350020000	4471049616
25380020000	4441049616
25410020000	4411049616
25440020000	4381049616
25470020000	4351049616
25500020000	4321049616
25530020000	4291049616
25560020000	4261049616
25590020000	4231049616
25620020000	4201049616
25650020000	4171049616
25680020000	4141049616
25710020000	4111049616
25740020000	4081049616
25770020000	4051049616
25800020000	4021049616
25830020000	3991049616
25860020000	3961049616
25890020000	3931049616
25920020000	3901049616
25950020000	3871049616
25980020000	3841049616
26010020000	3811049616
26040020000	3781049616
26070020000	3751049616
26100020000	3721049616
26130020000	3691049616
26160020000	3661049616
26190020000	3631049616
26220020000	3601049616
26250020000	3571049616
26280020000	3541049616
26310020000	3511049616
26340020000	3481049616
26370020000	3451049616
26400020000	3421049616
26430020000	3391049616
26460020000	3361049616
26490020000	3331049616
26520020000	3301049616
26550020000	3271049616
26580020000	3241049616
26610020000	3211049616
26640020000	3181049616
26670020000	3151049616
26700020000	3121049616
26730020000	3091049616
26760020000	3061049616
26790020000	3031049616
26820020000	3001049616
26850020000	2971049616
26880020000	2941049616
26910020000	2911049616
26940020000	2881049616
26970020000	2851049616
27000020000	2821049616
27030020000	2791049616
27060020000	2761049616
27090020000	2731049616
27120020000	2701049616
27150020000	2671049616
27180020000	2641049616
27210020000	2611049616
27240020000	2581049616
27270020000	2551049616
27300020000	2521049616
27330020000	2491049616
27360020000	2461049616
27390020000	2431049616
27420020000	2401049616
27450020000	2371049616
27480020000	2341049616
27510020000	2311049616
27540020000	2281049616
27570020000	2251049616
27600020000	2221049616
27630020000	2191049616
27660020000	2161049616
27690020000	2131049616
27720020000	2101049616
27750020000	2071049616
27780020000	2041049616
27810020000	2011049616
27840020000	1981049616
27870020000	1951049616
27900020000	1921049616
27930020000	1891049616
27960020000	1861049616
27990020000	1831049616
28020020000	1801049616
28050020000	1771049616
28080020000	1741049616
28110020000	1711049616
28140020000	1681049616
28170020000	1651049616
28200020000	1772998660
28230020000	1742998660
28260020000	1712998660
28290020000	1682998660
28320020000	1652998660
28350020000	1622998660
28380020000	1592998660
28410020000	1562998660
28440020000	1532998660
28470020000	1502998660
28500020000	1472998660
28530020000	1442998660
28560020000	1412998660
28590020000	1382998660
28620020000	1352998660
28650020000	1322998660
28680020000	1292998660
28710020000	1262998660
28740020000	1232998660
28770020000	1202998660
28800020000	1172998660
28830020000	1142998660
28860020000	1112998660
28890020000	1082998660
28920020000	1052998660
28950020000	1022998660
28980020000	992998660
29010020000	962998660
29040020000	932998660
29070020000	902998660
29100020000	872998660
29130020000	842998660
29160020000	812998660
29190020000	782998660
29220020000	752998660
29250020000	722998660
29280020000	692998660
29310020000	662998660
29340020000	632998660
29370020000	602998660
29400020000	572998660
29430020000	542998660
29460020000	512998660
29490020000	482998660
29520020000	452998660
29550020000	422998660
29580020000	392998660
29610020000	362998660
29640020000	332998660
29670020000	302998660
29700020000	272998660
29730020000	242998660
29760020000	212998660
29790020000	182998660
29820020000	152998660
29850020000	134428120
29880020000	104428120
29910020000	74428120
29940020000	44428120
29970020000	14428120
