args: Args { inner: ["target/release/examples/word_count", "10", "100000", "640000", "open-loop", "-n", "2", "-p", "1", "-w", "1"] }
rounds: 10, batch: 100000, keys: 640000, open_loop: true
worker 00:	35596	137318	1989853	274012716	(of 1500000 measurements)
00	latency	20000	739863
00	latency	30020000	111760
00	latency	60020000	147001
00	latency	90020000	63471
00	latency	120020000	83059
00	latency	150020000	110274
00	latency	180020000	178782
00	latency	210020000	70002
00	latency	240020000	87509
00	latency	270020000	128785
00	latency	300020000	154619
00	latency	330020000	156058
00	latency	360020000	44789
00	latency	390020000	46159
00	latency	420020000	127449
00	latency	450020000	125796
00	latency	480020000	125675
00	latency	510020000	72183
00	latency	540020000	138991
00	latency	570020000	94715
00	latency	600020000	53306
00	latency	630020000	53573
00	latency	660020000	174446
00	latency	690020000	78701
00	latency	720020000	80716
00	latency	750020000	174296
00	latency	780020000	45523
00	latency	810020000	78931
00	latency	840020000	178772
00	latency	870020000	166765
00	latency	900020000	53890
00	latency	930020000	67953
00	latency	960020000	139784
00	latency	990020000	44717
00	latency	1020020000	146975
00	latency	1050020000	68692
00	latency	1080020000	56988
00	latency	1110020000	154164
00	latency	1140020000	130511
00	latency	1170020000	170495
00	latency	1200020000	46988
00	latency	1230020000	109761
00	latency	1260020000	52127
00	latency	1290020000	71439
00	latency	1320020000	219352
00	latency	1350020000	66960
00	latency	1380020000	158785
00	latency	1410020000	75710
00	latency	1440020000	149616
00	latency	1470020000	107834
00	latency	1500020000	180029
00	latency	1530020000	115717
00	latency	1560020000	134199
00	latency	1590020000	174957
00	latency	1620020000	149090
00	latency	1650020000	145754
00	latency	1680020000	66486
00	latency	1710020000	173168
00	latency	1740020000	66791
00	latency	1770020000	78620
00	latency	1800020000	78712
00	latency	1830020000	79531
00	latency	1860020000	70623
00	latency	1890020000	169947
00	latency	1920020000	147804
00	latency	1950020000	386372
00	latency	1980020000	97793
00	latency	2010020000	123511
00	latency	2040020000	105598
00	latency	2070020000	69359
00	latency	2100020000	141721
00	latency	2130020000	137570
00	latency	2160020000	135712
00	latency	2190020000	170290
00	latency	2220020000	141283
00	latency	2250020000	52654
00	latency	2280020000	177822
00	latency	2310020000	155273
00	latency	2340020000	273298
00	latency	2370020000	174792
00	latency	2400020000	98513
00	latency	2430020000	148565
00	latency	2460020000	156102
00	latency	2490020000	51702
00	latency	2520020000	71455
00	latency	2550020000	483042
00	latency	2580020000	87801
00	latency	2610020000	77408
00	latency	2640020000	201934
00	latency	2670020000	171438
00	latency	2700020000	54170
00	latency	2730020000	134117
00	latency	2760020000	76087
00	latency	2790020000	163965
00	latency	2820020000	90814
00	latency	2850020000	65926
00	latency	2880020000	147849
00	latency	2910020000	167352
00	latency	2940020000	151504
00	latency	2970020000	78308
00	latency	3000020000	156670
00	latency	3030020000	75873
00	latency	3060020000	65923
00	latency	3090020000	113364
00	latency	3120020000	94001
00	latency	3150020000	138448
00	latency	3180020000	138957
00	latency	3210020000	61775
00	latency	3240020000	52185
00	latency	3270020000	81570
00	latency	3300020000	324652
00	latency	3330020000	150014
00	latency	3360020000	105956
00	latency	3390020000	161988
00	latency	3420020000	140261
00	latency	3450020000	62371
00	latency	3480020000	141072
00	latency	3510020000	56261
00	latency	3540020000	105649
00	latency	3570020000	58350
00	latency	3600020000	67384
00	latency	3630020000	168476
00	latency	3660020000	166253
00	latency	3690020000	61194
00	latency	3720020000	136325
00	latency	3750020000	105884
00	latency	3780020000	97088
00	latency	3810020000	74768
00	latency	3840020000	87393
00	latency	3870020000	112396
00	latency	3900020000	115408
00	latency	3930020000	151124
00	latency	3960020000	149864
00	latency	3990020000	172735
00	latency	4020020000	125482
00	latency	4050020000	122461
00	latency	4080020000	141085
00	latency	4110020000	47306
00	latency	4140020000	160140
00	latency	4170020000	170604
00	latency	4200020000	152105
00	latency	4230020000	44422
00	latency	4260020000	48716
00	latency	4290020000	144133
00	latency	4320020000	118293
00	latency	4350020000	42483
00	latency	4380020000	59577
00	latency	4410020000	55438
00	latency	4440020000	77986
00	latency	4470020000	126845
00	latency	4500020000	175974
00	latency	4530020000	133986
00	latency	4560020000	170005
00	latency	4590020000	148771
00	latency	4620020000	153930
00	latency	4650020000	129753
00	latency	4680020000	83805
00	latency	4710020000	172916
00	latency	4740020000	69429
00	latency	4770020000	84783
00	latency	4800020000	138754
00	latency	4830020000	157578
00	latency	4860020000	62710
00	latency	4890020000	107418
00	latency	4920020000	46265
00	latency	4950020000	109751
00	latency	4980020000	53738
00	latency	5010020000	136815
00	latency	5040020000	157631
00	latency	5070020000	110632
00	latency	5100020000	63758
00	latency	5130020000	144510
00	latency	5160020000	146674
00	latency	5190020000	125108
00	latency	5220020000	166328
00	latency	5250020000	144853
00	latency	5280020000	146747
00	latency	5310020000	85587
00	latency	5340020000	118080
00	latency	5370020000	170234
00	latency	5400020000	187217
00	latency	5430020000	141945
00	latency	5460020000	164352
00	latency	5490020000	138529
00	latency	5520020000	50166
00	latency	5550020000	40317
00	latency	5580020000	109519
00	latency	5610020000	63265
00	latency	5640020000	129950
00	latency	5670020000	49933
00	latency	5700020000	45904
00	latency	5730020000	118170
00	latency	5760020000	92263
00	latency	5790020000	145476
00	latency	5820020000	143650
00	latency	5850020000	146808
00	latency	5880020000	87869
00	latency	5910020000	149140
00	latency	5940020000	126748
00	latency	5970020000	106523
00	latency	6000020000	69197
00	latency	6030020000	99321
00	latency	6060020000	48049
00	latency	6090020000	174550
00	latency	6120020000	57773
00	latency	6150020000	138514
00	latency	6180020000	53202
00	latency	6210020000	165525
00	latency	6240020000	40771
00	latency	6270020000	84295
00	latency	6300020000	151458
00	latency	6330020000	46013
00	latency	6360020000	93249
00	latency	6390020000	138783
00	latency	6420020000	152139
00	latency	6450020000	159637
00	latency	6480020000	136823
00	latency	6510020000	91504
00	latency	6540020000	164676
00	latency	6570020000	143740
00	latency	6600020000	46821
00	latency	6630020000	124426
00	latency	6660020000	158278
00	latency	6690020000	172467
00	latency	6720020000	146129
00	latency	6750020000	75748
00	latency	6780020000	110825
00	latency	6810020000	76828
00	latency	6840020000	73144
00	latency	6870020000	136108
00	latency	6900020000	63019
00	latency	6930020000	152174
00	latency	6960020000	138827
00	latency	6990020000	49363
00	latency	7020020000	43340
00	latency	7050020000	113943
00	latency	7080020000	176166
00	latency	7110020000	79098
00	latency	7140020000	63228
00	latency	7170020000	70031
00	latency	7200020000	143388
00	latency	7230020000	58194
00	latency	7260020000	46825
00	latency	7290020000	52451
00	latency	7320020000	142063
00	latency	7350020000	57358
00	latency	7380020000	127004
00	latency	7410020000	45309
00	latency	7440020000	154515
00	latency	7470020000	146897
00	latency	7500020000	60959
00	latency	7530020000	172778
00	latency	7560020000	46752
00	latency	7590020000	104721
00	latency	7620020000	163147
00	latency	7650020000	44678
00	latency	7680020000	145176
00	latency	7710020000	64146
00	latency	7740020000	59085
00	latency	7770020000	142635
00	latency	7800020000	70528
00	latency	7830020000	162522
00	latency	7860020000	44991
00	latency	7890020000	51494
00	latency	7920020000	127344
00	latency	7950020000	60074
00	latency	7980020000	60894
00	latency	8010020000	170283
00	latency	8040020000	103116
00	latency	8070020000	70163
00	latency	8100020000	165867
00	latency	8130020000	43755
00	latency	8160020000	149927
00	latency	8190020000	98670
00	latency	8220020000	164112
00	latency	8250020000	45905
00	latency	8280020000	48519
00	latency	8310020000	116689
00	latency	8340020000	149012
00	latency	8370020000	55551
00	latency	8400020000	173283
00	latency	8430020000	67607
00	latency	8460020000	66368
00	latency	8490020000	57883
00	latency	8520020000	95535
00	latency	8550020000	94225
00	latency	8580020000	148906
00	latency	8610020000	130744
00	latency	8640020000	39687
00	latency	8670020000	68244
00	latency	8700020000	75434
00	latency	8730020000	129486
00	latency	8760020000	95593
00	latency	8790020000	143186
00	latency	8820020000	98745
00	latency	8850020000	139064
00	latency	8880020000	159768
00	latency	8910020000	162288
00	latency	8940020000	79421
00	latency	8970020000	118077
00	latency	9000020000	99249
00	latency	9030020000	64941
00	latency	9060020000	68109
00	latency	9090020000	74775
00	latency	9120020000	113829
00	latency	9150020000	171989
00	latency	9180020000	108995
00	latency	9210020000	167071
00	latency	9240020000	79466
00	latency	9270020000	170003
00	latency	9300020000	70981
00	latency	9330020000	140825
00	latency	9360020000	70977
00	latency	9390020000	131100
00	latency	9420020000	109979
00	latency	9450020000	164190
00	latency	9480020000	55558
00	latency	9510020000	148557
00	latency	9540020000	160693
00	latency	9570020000	111837
00	latency	9600020000	134777
00	latency	9630020000	165193
00	latency	9660020000	126117
00	latency	9690020000	174535
00	latency	9720020000	120838
00	latency	9750020000	174535
00	latency	9780020000	46886
00	latency	9810020000	54629
00	latency	9840020000	149646
00	latency	9870020000	79587
00	latency	9900020000	158975
00	latency	9930020000	69933
00	latency	9960020000	130852
00	latency	9990020000	47281
00	latency	10020020000	254112716
00	latency	10050020000	224112716
00	latency	10080020000	194112716
00	latency	10110020000	164112716
00	latency	10140020000	134112716
00	latency	10170020000	104112716
00	latency	10200020000	74112716
00	latency	10230020000	44112716
00	latency	10260020000	15984095
00	latency	10290020000	107586
00	latency	10320020000	99823
00	latency	10350020000	125075
00	latency	10380020000	210994
00	latency	10410020000	117246
00	latency	10440020000	170273
00	latency	10470020000	134181
00	latency	10500020000	169868
00	latency	10530020000	136163
00	latency	10560020000	204508
00	latency	10590020000	180367
00	latency	10620020000	196665
00	latency	10650020000	133463
00	latency	10680020000	123326
00	latency	10710020000	121567
00	latency	10740020000	164149
00	latency	10770020000	183768
00	latency	10800020000	127968
00	latency	10830020000	200615
00	latency	10860020000	146979
00	latency	10890020000	167934
00	latency	10920020000	176046
00	latency	10950020000	142147
00	latency	10980020000	161669
00	latency	11010020000	114170
00	latency	11040020000	163102
00	latency	11070020000	169467
00	latency	11100020000	184016
00	latency	11130020000	110479
00	latency	11160020000	128805
00	latency	11190020000	149359
00	latency	11220020000	171296
00	latency	11250020000	149814
00	latency	11280020000	175882
00	latency	11310020000	104185
00	latency	11340020000	165257
00	latency	11370020000	125003
00	latency	11400020000	136168
00	latency	11430020000	117326
00	latency	11460020000	143778
00	latency	11490020000	215011
00	latency	11520020000	159523
00	latency	11550020000	166762
00	latency	11580020000	160542
00	latency	11610020000	166167
00	latency	11640020000	84335
00	latency	11670020000	138686
00	latency	11700020000	183563
00	latency	11730020000	242909
00	latency	11760020000	211690
00	latency	11790020000	174733
00	latency	11820020000	147538
00	latency	11850020000	145097
00	latency	11880020000	200368
00	latency	11910020000	133423
00	latency	11940020000	176351
00	latency	11970020000	181178
00	latency	12000020000	102658
00	latency	12030020000	186905
00	latency	12060020000	188840
00	latency	12090020000	208072
00	latency	12120020000	147053
00	latency	12150020000	173123
00	latency	12180020000	158075
00	latency	12210020000	195799
00	latency	12240020000	185490
00	latency	12270020000	191086
00	latency	12300020000	140061
00	latency	12330020000	186787
00	latency	12360020000	184846
00	latency	12390020000	91340
00	latency	12420020000	166493
00	latency	12450020000	92523
00	latency	12480020000	97148
00	latency	12510020000	85992
00	latency	12540020000	146058
00	latency	12570020000	187200
00	latency	12600020000	193813
00	latency	12630020000	141845
00	latency	12660020000	126528
00	latency	12690020000	173227
00	latency	12720020000	211089
00	latency	12750020000	141851
00	latency	12780020000	218859
00	latency	12810020000	214586
00	latency	12840020000	204450
00	latency	12870020000	132732
00	latency	12900020000	162832
00	latency	12930020000	99253
00	latency	12960020000	194898
00	latency	12990020000	205276
00	latency	13020020000	135153
00	latency	13050020000	215993
00	latency	13080020000	188862
00	latency	13110020000	168409
00	latency	13140020000	222579
00	latency	13170020000	214901
00	latency	13200020000	158689
00	latency	13230020000	107408
00	latency	13260020000	93649
00	latency	13290020000	155674
00	latency	13320020000	152245
00	latency	13350020000	146053
00	latency	13380020000	185952
00	latency	13410020000	95963
00	latency	13440020000	168913
00	latency	13470020000	133989
00	latency	13500020000	140402
00	latency	13530020000	136283
00	latency	13560020000	184134
00	latency	13590020000	178509
00	latency	13620020000	94896
00	latency	13650020000	117911
00	latency	13680020000	123712
00	latency	13710020000	212828
00	latency	13740020000	217665
00	latency	13770020000	87525
00	latency	13800020000	173268
00	latency	13830020000	153459
00	latency	13860020000	161232
00	latency	13890020000	100714
00	latency	13920020000	161182
00	latency	13950020000	136385
00	latency	13980020000	199530
00	latency	14010020000	162765
00	latency	14040020000	147406
00	latency	14070020000	174640
00	latency	14100020000	226727
00	latency	14130020000	105941
00	latency	14160020000	139797
00	latency	14190020000	122332
00	latency	14220020000	159334
00	latency	14250020000	184820
00	latency	14280020000	238757
00	latency	14310020000	114430
00	latency	14340020000	207548
00	latency	14370020000	191401
00	latency	14400020000	119884
00	latency	14430020000	149804
00	latency	14460020000	163177
00	latency	14490020000	193792
00	latency	14520020000	179165
00	latency	14550020000	112029
00	latency	14580020000	173100
00	latency	14610020000	173208
00	latency	14640020000	198303
00	latency	14670020000	91442
00	latency	14700020000	156384
00	latency	14730020000	108344
00	latency	14760020000	123124
00	latency	14790020000	173671
00	latency	14820020000	215190
00	latency	14850020000	147743
00	latency	14880020000	180606
00	latency	14910020000	127568
00	latency	14940020000	204029
00	latency	14970020000	140504
00	latency	15000020000	190252
00	latency	15030020000	215569
00	latency	15060020000	126627
00	latency	15090020000	189459
00	latency	15120020000	93996
00	latency	15150020000	167890
00	latency	15180020000	142542
00	latency	15210020000	180119
00	latency	15240020000	81133
00	latency	15270020000	96495
00	latency	15300020000	201249
00	latency	15330020000	141500
00	latency	15360020000	152345
00	latency	15390020000	80963
00	latency	15420020000	113373
00	latency	15450020000	172988
00	latency	15480020000	195837
00	latency	15510020000	208976
00	latency	15540020000	199545
00	latency	15570020000	223438
00	latency	15600020000	146788
00	latency	15630020000	138119
00	latency	15660020000	210220
00	latency	15690020000	198324
00	latency	15720020000	204914
00	latency	15750020000	194135
00	latency	15780020000	137637
00	latency	15810020000	201520
00	latency	15840020000	153825
00	latency	15870020000	179305
00	latency	15900020000	115069
00	latency	15930020000	128991
00	latency	15960020000	139739
00	latency	15990020000	114233
00	latency	16020020000	227267
00	latency	16050020000	212992
00	latency	16080020000	95979
00	latency	16110020000	178503
00	latency	16140020000	142126
00	latency	16170020000	207035
00	latency	16200020000	191496
00	latency	16230020000	158011
00	latency	16260020000	118979
00	latency	16290020000	208761
00	latency	16320020000	212298
00	latency	16350020000	209026
00	latency	16380020000	164492
00	latency	16410020000	130861
00	latency	16440020000	155639
00	latency	16470020000	109016
00	latency	16500020000	112840
00	latency	16530020000	179558
00	latency	16560020000	169331
00	latency	16590020000	171701
00	latency	16620020000	123047
00	latency	16650020000	168893
00	latency	16680020000	163283
00	latency	16710020000	145528
00	latency	16740020000	148728
00	latency	16770020000	211290
00	latency	16800020000	100532
00	latency	16830020000	162899
00	latency	16860020000	131062
00	latency	16890020000	203126
00	latency	16920020000	105253
00	latency	16950020000	118057
00	latency	16980020000	172521
00	latency	17010020000	204548
00	latency	17040020000	134953
00	latency	17070020000	185727
00	latency	17100020000	150035
00	latency	17130020000	185662
00	latency	17160020000	90734
00	latency	17190020000	209567
00	latency	17220020000	152946
00	latency	17250020000	152526
00	latency	17280020000	112605
00	latency	17310020000	169279
00	latency	17340020000	207263
00	latency	17370020000	94752
00	latency	17400020000	122308
00	latency	17430020000	156930
00	latency	17460020000	141859
00	latency	17490020000	208953
00	latency	17520020000	188883
00	latency	17550020000	189701
00	latency	17580020000	161708
00	latency	17610020000	152203
00	latency	17640020000	190480
00	latency	17670020000	184817
00	latency	17700020000	213174
00	latency	17730020000	214708
00	latency	17760020000	198331
00	latency	17790020000	203310
00	latency	17820020000	159765
00	latency	17850020000	99875
00	latency	17880020000	139056
00	latency	17910020000	194090
00	latency	17940020000	216582
00	latency	17970020000	120074
00	latency	18000020000	191853
00	latency	18030020000	132322
00	latency	18060020000	177238
00	latency	18090020000	143853
00	latency	18120020000	190924
00	latency	18150020000	218664
00	latency	18180020000	157511
00	latency	18210020000	183055
00	latency	18240020000	188701
00	latency	18270020000	160692
00	latency	18300020000	207381
00	latency	18330020000	192933
00	latency	18360020000	173175
00	latency	18390020000	117068
00	latency	18420020000	181019
00	latency	18450020000	188327
00	latency	18480020000	211049
00	latency	18510020000	162699
00	latency	18540020000	186729
00	latency	18570020000	134883
00	latency	18600020000	139593
00	latency	18630020000	156088
00	latency	18660020000	177346
00	latency	18690020000	102264
00	latency	18720020000	115424
00	latency	18750020000	213739
00	latency	18780020000	192221
00	latency	18810020000	130132
00	latency	18840020000	98463
00	latency	18870020000	98683
00	latency	18900020000	163675
00	latency	18930020000	211833
00	latency	18960020000	128627
00	latency	18990020000	184419
00	latency	19020020000	145683
00	latency	19050020000	143435
00	latency	19080020000	118904
00	latency	19110020000	102815
00	latency	19140020000	103715
00	latency	19170020000	196630
00	latency	19200020000	172876
00	latency	19230020000	202622
00	latency	19260020000	192317
00	latency	19290020000	193575
00	latency	19320020000	176776
00	latency	19350020000	163252
00	latency	19380020000	188983
00	latency	19410020000	100698
00	latency	19440020000	130177
00	latency	19470020000	131468
00	latency	19500020000	103562
00	latency	19530020000	189465
00	latency	19560020000	200398
00	latency	19590020000	144151
00	latency	19620020000	175950
00	latency	19650020000	207485
00	latency	19680020000	204750
00	latency	19710020000	205660
00	latency	19740020000	155948
00	latency	19770020000	185219
00	latency	19800020000	152419
00	latency	19830020000	162818
00	latency	19860020000	86767
00	latency	19890020000	117327
00	latency	19920020000	217891
00	latency	19950020000	162746
00	latency	19980020000	180501
00	latency	20010020000	516693
00	latency	20040020000	1920853
00	latency	20070020000	1529627
00	latency	20100020000	793518
00	latency	20130020000	639667
00	latency	20160020000	236798
00	latency	20190020000	2009937
00	latency	20220020000	1872632
00	latency	20250020000	2060358
00	latency	20280020000	1616658
00	latency	20310020000	1312937
00	latency	20340020000	174161
00	latency	20370020000	90339
00	latency	20400020000	83017
00	latency	20430020000	104602
00	latency	20460020000	82933
00	latency	20490020000	174285
00	latency	20520020000	97931
00	latency	20550020000	143176
00	latency	20580020000	113762
00	latency	20610020000	127331
00	latency	20640020000	140622
00	latency	20670020000	167821
00	latency	20700020000	69052
00	latency	20730020000	51940
00	latency	20760020000	158044
00	latency	20790020000	87239
00	latency	20820020000	95654
00	latency	20850020000	69624
00	latency	20880020000	143250
00	latency	20910020000	44644
00	latency	20940020000	107510
00	latency	20970020000	38646
00	latency	21000020000	58067
00	latency	21030020000	167498
00	latency	21060020000	144049
00	latency	21090020000	165953
00	latency	21120020000	168918
00	latency	21150020000	165851
00	latency	21180020000	132572
00	latency	21210020000	98415
00	latency	21240020000	120102
00	latency	21270020000	72557
00	latency	21300020000	105306
00	latency	21330020000	104456
00	latency	21360020000	60847
00	latency	21390020000	151693
00	latency	21420020000	158735
00	latency	21450020000	61010
00	latency	21480020000	50165
00	latency	21510020000	39821
00	latency	21540020000	158510
00	latency	21570020000	80416
00	latency	21600020000	42953
00	latency	21630020000	107711
00	latency	21660020000	72851
00	latency	21690020000	132349
00	latency	21720020000	132860
00	latency	21750020000	80796
00	latency	21780020000	79634
00	latency	21810020000	159006
00	latency	21840020000	129601
00	latency	21870020000	68571
00	latency	21900020000	232051
00	latency	21930020000	72642
00	latency	21960020000	106425
00	latency	21990020000	170018
00	latency	22020020000	175891
00	latency	22050020000	118693
00	latency	22080020000	165986
00	latency	22110020000	91518
00	latency	22140020000	167541
00	latency	22170020000	74871
00	latency	22200020000	79513
00	latency	22230020000	50139
00	latency	22260020000	67648
00	latency	22290020000	150148
00	latency	22320020000	116490
00	latency	22350020000	77510
00	latency	22380020000	124546
00	latency	22410020000	71986
00	latency	22440020000	65974
00	latency	22470020000	59036
00	latency	22500020000	71126
00	latency	22530020000	176202
00	latency	22560020000	92531
00	latency	22590020000	61949
00	latency	22620020000	85081
00	latency	22650020000	73446
00	latency	22680020000	66541
00	latency	22710020000	146514
00	latency	22740020000	140804
00	latency	22770020000	84107
00	latency	22800020000	134974
00	latency	22830020000	73036
00	latency	22860020000	63193
00	latency	22890020000	143088
00	latency	22920020000	88523
00	latency	22950020000	153676
00	latency	22980020000	164800
00	latency	23010020000	87698
00	latency	23040020000	78941
00	latency	23070020000	106949
00	latency	23100020000	69862
00	latency	23130020000	174707
00	latency	23160020000	141095
00	latency	23190020000	66284
00	latency	23220020000	159937
00	latency	23250020000	40002
00	latency	23280020000	132378
00	latency	23310020000	79414
00	latency	23340020000	136984
00	latency	23370020000	167821
00	latency	23400020000	61741
00	latency	23430020000	57898
00	latency	23460020000	126519
00	latency	23490020000	143997
00	latency	23520020000	135574
00	latency	23550020000	139197
00	latency	23580020000	65900
00	latency	23610020000	155617
00	latency	23640020000	168132
00	latency	23670020000	102800
00	latency	23700020000	149606
00	latency	23730020000	103740
00	latency	23760020000	155006
00	latency	23790020000	103261
00	latency	23820020000	168471
00	latency	23850020000	39471
00	latency	23880020000	138050
00	latency	23910020000	143716
00	latency	23940020000	76590
00	latency	23970020000	177276
00	latency	24000020000	76765
00	latency	24030020000	72666
00	latency	24060020000	157157
00	latency	24090020000	61145
00	latency	24120020000	171120
00	latency	24150020000	47352
00	latency	24180020000	95953
00	latency	24210020000	65929
00	latency	24240020000	152011
00	latency	24270020000	141788
00	latency	24300020000	44316
00	latency	24330020000	165759
00	latency	24360020000	123693
00	latency	24390020000	160577
00	latency	24420020000	44215
00	latency	24450020000	65433
00	latency	24480020000	100348
00	latency	24510020000	174016
00	latency	24540020000	128915
00	latency	24570020000	150197
00	latency	24600020000	150781
00	latency	24630020000	162492
00	latency	24660020000	103399
00	latency	24690020000	50180
00	latency	24720020000	160031
00	latency	24750020000	129285
00	latency	24780020000	56017
00	latency	24810020000	114364
00	latency	24840020000	156778
00	latency	24870020000	99510
00	latency	24900020000	94048
00	latency	24930020000	154576
00	latency	24960020000	163627
00	latency	24990020000	62783
00	latency	25020020000	152923
00	latency	25050020000	142138
00	latency	25080020000	44191
00	latency	25110020000	116238
00	latency	25140020000	150839
00	latency	25170020000	53165
00	latency	25200020000	72890
00	latency	25230020000	134299
00	latency	25260020000	160570
00	latency	25290020000	92463
00	latency	25320020000	52154
00	latency	25350020000	62513
00	latency	25380020000	137193
00	latency	25410020000	69115
00	latency	25440020000	75288
00	latency	25470020000	174340
00	latency	25500020000	80040
00	latency	25530020000	109490
00	latency	25560020000	68145
00	latency	25590020000	143898
00	latency	25620020000	163858
00	latency	25650020000	129188
00	latency	25680020000	167572
00	latency	25710020000	78959
00	latency	25740020000	59371
00	latency	25770020000	162662
00	latency	25800020000	120707
00	latency	25830020000	145151
00	latency	25860020000	75238
00	latency	25890020000	86756
00	latency	25920020000	158702
00	latency	25950020000	153657
00	latency	25980020000	154722
00	latency	26010020000	64977
00	latency	26040020000	81250
00	latency	26070020000	66662
00	latency	26100020000	162250
00	latency	26130020000	147202
00	latency	26160020000	156065
00	latency	26190020000	48207
00	latency	26220020000	138232
00	latency	26250020000	39629
00	latency	26280020000	69629
00	latency	26310020000	162772
00	latency	26340020000	143362
00	latency	26370020000	55939
00	latency	26400020000	60776
00	latency	26430020000	59779
00	latency	26460020000	69881
00	latency	26490020000	80964
00	latency	26520020000	88248
00	latency	26550020000	66242
00	latency	26580020000	80348
00	latency	26610020000	69972
00	latency	26640020000	166465
00	latency	26670020000	142026
00	latency	26700020000	170843
00	latency	26730020000	79111
00	latency	26760020000	56039
00	latency	26790020000	41762
00	latency	26820020000	58066
00	latency	26850020000	153844
00	latency	26880020000	126631
00	latency	26910020000	72601
00	latency	26940020000	51321
00	latency	26970020000	138975
00	latency	27000020000	118318
00	latency	27030020000	76284
00	latency	27060020000	149899
00	latency	27090020000	52587
00	latency	27120020000	149165
00	latency	27150020000	70172
00	latency	27180020000	62011
00	latency	27210020000	145220
00	latency	27240020000	165896
00	latency	27270020000	144229
00	latency	27300020000	122775
00	latency	27330020000	137230
00	latency	27360020000	117150
00	latency	27390020000	144857
00	latency	27420020000	152941
00	latency	27450020000	46913
00	latency	27480020000	113487
00	latency	27510020000	78533
00	latency	27540020000	135636
00	latency	27570020000	76222
00	latency	27600020000	50730
00	latency	27630020000	51455
00	latency	27660020000	70938
00	latency	27690020000	91402
00	latency	27720020000	161000
00	latency	27750020000	94006
00	latency	27780020000	91311
00	latency	27810020000	88496
00	latency	27840020000	45820
00	latency	27870020000	152579
00	latency	27900020000	162007
00	latency	27930020000	58560
00	latency	27960020000	70628
00	latency	27990020000	165440
00	latency	28020020000	139108
00	latency	28050020000	69784
00	latency	28080020000	153211
00	latency	28110020000	95411
00	latency	28140020000	167317
00	latency	28170020000	91600
00	latency	28200020000	165839
00	latency	28230020000	137750
00	latency	28260020000	41516
00	latency	28290020000	146283
00	latency	28320020000	120139
00	latency	28350020000	66626
00	latency	28380020000	152481
00	latency	28410020000	98954
00	latency	28440020000	151481
00	latency	28470020000	79575
00	latency	28500020000	58957
00	latency	28530020000	50453
00	latency	28560020000	53493
00	latency	28590020000	139633
00	latency	28620020000	65288
00	latency	28650020000	167136
00	latency	28680020000	117560
00	latency	28710020000	72656
00	latency	28740020000	137407
00	latency	28770020000	148641
00	latency	28800020000	54896
00	latency	28830020000	96959
00	latency	28860020000	55892
00	latency	28890020000	138336
00	latency	28920020000	101245
00	latency	28950020000	47509
00	latency	28980020000	137609
00	latency	29010020000	67549
00	latency	29040020000	155300
00	latency	29070020000	65130
00	latency	29100020000	148328
00	latency	29130020000	90259
00	latency	29160020000	164619
00	latency	29190020000	154551
00	latency	29220020000	94692
00	latency	29250020000	65012
00	latency	29280020000	44185
00	latency	29310020000	124982
00	latency	29340020000	78853
00	latency	29370020000	87732
00	latency	29400020000	168346
00	latency	29430020000	134626
00	latency	29460020000	163280
00	latency	29490020000	65712
00	latency	29520020000	52060
00	latency	29550020000	80297
00	latency	29580020000	73168
00	latency	29610020000	148338
00	latency	29640020000	162657
00	latency	29670020000	91579
00	latency	29700020000	156974
00	latency	29730020000	119584
00	latency	29760020000	118623
00	latency	29790020000	44527
00	latency	29820020000	174914
00	latency	29850020000	84763
00	latency	29880020000	114001
00	latency	29910020000	69009
00	latency	29940020000	145610
00	latency	29970020000	157573

00	redistr	10000101443	10000000
00	redistr	20000197283	10000000
00	redistr	20000582260	10000000
00	redistr	20002811405	10000000
00	redistr	20003114593	10000000
00	redistr	20005391783	10000000
00	redistr	20005720757	10000000
00	redistr	20008070723	10000000
00	redistr	20008368942	10000000
00	redistr	20010293733	10000000
00	redistr	20010629535	10000000
00	redistr	20012860500	10000000
00	redistr	20013165609	10000000
00	redistr	20015233055	10000000
00	redistr	20015599100	10000000
00	redistr	20017777646	10000000
00	redistr	20018067095	10000000
00	redistr	20020149251	10000000
00	redistr	20020488171	10000000
00	redistr	20022711222	10000000
00	redistr	20023010841	10000000
00	redistr	20024957660	10000000
00	redistr	20025286536	10000000
00	redistr	20027548447	10000000
00	redistr	20027848812	10000000
00	redistr	20029991169	10000000
00	redistr	20030321788	10000000
00	redistr	20032425373	10000000
00	redistr	20032712797	10000000
00	redistr	20034753412	10000000
00	redistr	20035080949	10000000
00	redistr	20037265938	10000000
00	redistr	20037576619	10000000
00	redistr	20039538707	10000000
00	redistr	20039877875	10000000
00	redistr	20041942400	10000000
00	redistr	20042232909	10000000
00	redistr	20044264018	10000000
00	redistr	20044587586	10000000
00	redistr	20046594317	10000000
00	redistr	20046889956	10000000
00	redistr	20049205937	10000000
00	redistr	20049529215	10000000
00	redistr	20051811667	10000000
00	redistr	20052109216	10000000
00	redistr	20054093426	10000000
00	redistr	20054440752	10000000
00	redistr	20056706700	10000000
00	redistr	20057007230	10000000
00	redistr	20059115313	10000000
00	redistr	20059470447	10000000
00	redistr	20061505528	10000000
00	redistr	20061795366	10000000
00	redistr	20063840044	10000000
00	redistr	20064172962	10000000
00	redistr	20066366113	10000000
00	redistr	20066663933	10000000
00	redistr	20068775734	10000000
00	redistr	20069112288	10000000
00	redistr	20071551349	10000000
00	redistr	20071868947	10000000
00	redistr	20073752800	10000000
00	redistr	20074086774	10000000
00	redistr	20076188492	10000000
00	redistr	20076494870	10000000
00	redistr	20078579513	10000000
00	redistr	20078915004	10000000
00	redistr	20081213993	10000000
00	redistr	20081512764	10000000
00	redistr	20083456412	10000000
00	redistr	20083793495	10000000
00	redistr	20086066077	10000000
00	redistr	20086363528	10000000
00	redistr	20088449302	10000000
00	redistr	20088775383	10000000
00	redistr	20091027136	10000000
00	redistr	20091342796	10000000
00	redistr	20093521359	10000000
00	redistr	20093875206	10000000
00	redistr	20095852762	10000000
00	redistr	20096156650	10000000
00	redistr	20098142444	10000000
00	redistr	20098467065	10000000
00	redistr	20100815578	10000000
00	redistr	20101118668	10000000
00	redistr	20103301322	10000000
00	redistr	20103639045	10000000
00	redistr	20105818174	10000000
00	redistr	20106112776	10000000
00	redistr	20108176379	10000000
00	redistr	20108517327	10000000
00	redistr	20110718017	10000000
00	redistr	20111021629	10000000
00	redistr	20113078380	10000000
00	redistr	20113414544	10000000
00	redistr	20115672372	10000000
00	redistr	20115968849	10000000
00	redistr	20117918126	10000000
00	redistr	20118252219	10000000
00	redistr	20120488995	10000000
00	redistr	20120776573	10000000
00	redistr	20122982830	10000000
00	redistr	20123316851	10000000
00	redistr	20125561593	10000000
00	redistr	20125862360	10000000
00	redistr	20127879546	10000000
00	redistr	20128222460	10000000
00	redistr	20130662181	10000000
00	redistr	20130963993	10000000
00	redistr	20133079894	10000000
00	redistr	20133404723	10000000
00	redistr	20135467382	10000000
00	redistr	20135759579	10000000
00	redistr	20137916736	10000000
00	redistr	20138261720	10000000
00	redistr	20140501408	10000000
00	redistr	20140816779	10000000
00	redistr	20142898150	10000000
00	redistr	20143232960	10000000
00	redistr	20145599786	10000000
00	redistr	20145895846	10000000
00	redistr	20147863927	10000000
00	redistr	20148169046	10000000
00	redistr	20150265919	10000000
00	redistr	20150573551	10000000
00	redistr	20152699947	10000000
00	redistr	20153034159	10000000
00	redistr	20155038440	10000000
00	redistr	20155355482	10000000
00	redistr	20157376471	10000000
00	redistr	20157729373	10000000
00	redistr	20159938590	10000000
00	redistr	20160257162	10000000
00	redistr	20162486293	10000000
00	redistr	20162834947	10000000
00	redistr	20164942178	10000000
00	redistr	20165252840	10000000
00	redistr	20167565549	10000000
00	redistr	20167900980	10000000
00	redistr	20170041076	10000000
00	redistr	20170343538	10000000
00	redistr	20172414647	10000000
00	redistr	20172752543	10000000
00	redistr	20174949450	10000000
00	redistr	20175244781	10000000
00	redistr	20177332718	10000000
00	redistr	20177652906	10000000
00	redistr	20179870500	10000000
00	redistr	20180173206	10000000
00	redistr	20182324201	10000000
00	redistr	20182647365	10000000
00	redistr	20184848703	10000000
00	redistr	20185158486	10000000
00	redistr	20187167891	10000000
00	redistr	20187531246	10000000
00	redistr	20189637787	10000000
00	redistr	20189940257	10000000
00	redistr	20192031419	10000000
00	redistr	20192365332	10000000
00	redistr	20194545710	10000000
00	redistr	20194854714	10000000
00	redistr	20196905913	10000000
00	redistr	20197244314	10000000
00	redistr	20199450515	10000000
00	redistr	20199775103	10000000
00	redistr	20201875768	10000000
00	redistr	20202207435	10000000
00	redistr	20204615063	10000000
00	redistr	20204921969	10000000
00	redistr	20207006695	10000000
00	redistr	20207351597	10000000
00	redistr	20209511934	10000000
00	redistr	20209822455	10000000
00	redistr	20211969139	10000000
00	redistr	20212306301	10000000
00	redistr	20214514960	10000000
00	redistr	20214831310	10000000
00	redistr	20216962441	10000000
00	redistr	20217294354	10000000
00	redistr	20219546734	10000000
00	redistr	20219847436	10000000
00	redistr	20221895815	10000000
00	redistr	20222227072	10000000
00	redistr	20224639836	10000000
00	redistr	20224935901	10000000
00	redistr	20227116717	10000000
00	redistr	20227485044	10000000
00	redistr	20229727185	10000000
00	redistr	20230004765	10000000
00	redistr	20231945676	10000000
00	redistr	20232269886	10000000
00	redistr	20234474609	10000000
00	redistr	20234788108	10000000
00	redistr	20236773554	10000000
00	redistr	20237117684	10000000
00	redistr	20239330252	10000000
00	redistr	20239636606	10000000
00	redistr	20241729344	10000000
00	redistr	20242064246	10000000
00	redistr	20244519617	10000000
00	redistr	20244825767	10000000
00	redistr	20247009648	10000000
00	redistr	20247380148	10000000
00	redistr	20249684298	10000000
00	redistr	20249982354	10000000
00	redistr	20252082688	10000000
00	redistr	20252413324	10000000
00	redistr	20254457768	10000000
00	redistr	20254754550	10000000
00	redistr	20256979154	10000000
00	redistr	20257315947	10000000
00	redistr	20259539390	10000000
00	redistr	20259823127	10000000
00	redistr	20261933950	10000000
00	redistr	20262219394	10000000
00	redistr	20264413025	10000000
00	redistr	20264752673	10000000
00	redistr	20266939651	10000000
00	redistr	20267231011	10000000
00	redistr	20269358247	10000000
00	redistr	20269697251	10000000
00	redistr	20272121892	10000000
00	redistr	20272420515	10000000
00	redistr	20274412406	10000000
00	redistr	20274709741	10000000
00	redistr	20276912962	10000000
00	redistr	20277215737	10000000
00	redistr	20279220397	10000000
00	redistr	20279540418	10000000
00	redistr	20281638259	10000000
00	redistr	20281939165	10000000
00	redistr	20283979892	10000000
00	redistr	20284271957	10000000
00	redistr	20286443733	10000000
00	redistr	20286744523	10000000
00	redistr	20288800468	10000000
00	redistr	20289134054	10000000
00	redistr	20291413217	10000000
00	redistr	20291716443	10000000
00	redistr	20293932205	10000000
00	redistr	20294235335	10000000
00	redistr	20296458962	10000000
00	redistr	20296745467	10000000
00	redistr	20298766249	10000000
00	redistr	20299114204	10000000
00	redistr	20301326648	10000000
00	redistr	20301616123	10000000
00	redistr	20303745168	10000000
00	redistr	20304040109	10000000
00	redistr	20306443868	10000000
00	redistr	20306745675	10000000
00	redistr	20308842785	10000000
00	redistr	20309136580	10000000
00	redistr	20311334634	10000000
00	redistr	20311637540	10000000
00	redistr	20313584850	10000000
00	redistr	20313879159	10000000
