20000	779803
30020000	155263
60020000	99039
90020000	67697
120020000	155560
150020000	85989
180020000	177937
210020000	148383
240020000	80833
270020000	79219
300020000	65603
330020000	153898
360020000	142624
390020000	132621
420020000	62554
450020000	150977
480020000	149734
510020000	91706
540020000	140657
570020000	145456
600020000	175869
630020000	58991
660020000	70934
690020000	168017
720020000	190019
750020000	172787
780020000	139322
810020000	76794
840020000	157265
870020000	58088
900020000	67778
930020000	83117
960020000	153362
990020000	176810
1020020000	181758
1050020000	158155
1080020000	67025
1110020000	153035
1140020000	162760
1170020000	165449
1200020000	162596
1230020000	140352
1260020000	167454
1290020000	145025
1320020000	110426
1350020000	114329
1380020000	175436
1410020000	168988
1440020000	141922
1470020000	122350
1500020000	50604
1530020000	175456
1560020000	89188
1590020000	95162
1620020000	63446
1650020000	72511
1680020000	152848
1710020000	72129
1740020000	188746
1770020000	108621
1800020000	100454
1830020000	152489
1860020000	116251
1890020000	167757
1920020000	104718
1950020000	170440
1980020000	116071
2010020000	169341
2040020000	60536
2070020000	150314
2100020000	119322
2130020000	92195
2160020000	102088
2190020000	56118
2220020000	100479
2250020000	59713
2280020000	40765
2310020000	195061
2340020000	79294
2370020000	62427
2400020000	165683
2430020000	80396
2460020000	181168
2490020000	68068
2520020000	78982
2550020000	75809
2580020000	49117
2610020000	73159
2640020000	123270
2670020000	166355
2700020000	44994
2730020000	149832
2760020000	64400
2790020000	58743
2820020000	73459
2850020000	165762
2880020000	144786
2910020000	140134
2940020000	69121
2970020000	39620
3000020000	134846
3030020000	160043
3060020000	64787
3090020000	171360
3120020000	83878
3150020000	177074
3180020000	155405
3210020000	182736
3240020000	72794
3270020000	79962
3300020000	175725
3330020000	180948
3360020000	173975
3390020000	100656
3420020000	160321
3450020000	51477
3480020000	177033
3510020000	88431
3540020000	177802
3570020000	153024
3600020000	75713
3630020000	48344
3660020000	78200
3690020000	152949
3720020000	144224
3750020000	49973
3780020000	62838
3810020000	173407
3840020000	127375
3870020000	153936
3900020000	130947
3930020000	94985
3960020000	184689
3990020000	110917
4020020000	142622
4050020000	63866
4080020000	85517
4110020000	60273
4140020000	56021
4170020000	152024
4200020000	68965
4230020000	150259
4260020000	128514
4290020000	57683
4320020000	78451
4350020000	48168
4380020000	83161
4410020000	130182
4440020000	70930
4470020000	152736
4500020000	92232
4530020000	157144
4560020000	192206
4590020000	145271
4620020000	134128
4650020000	48571
4680020000	50937
4710020000	129877
4740020000	160232
4770020000	68121
4800020000	54823
4830020000	148596
4860020000	145534
4890020000	119503
4920020000	127863
4950020000	73431
4980020000	113176
5010020000	150256
5040020000	171116
5070020000	177872
5100020000	82966
5130020000	193753
5160020000	63796
5190020000	95885
5220020000	44262
5250020000	137669
5280020000	50137
5310020000	94856
5340020000	169313
5370020000	152227
5400020000	75711
5430020000	138953
5460020000	70133
5490020000	95041
5520020000	81844
5550020000	154739
5580020000	143907
5610020000	135894
5640020000	150025
5670020000	76738
5700020000	72622
5730020000	189286
5760020000	147937
5790020000	168469
5820020000	71524
5850020000	188967
5880020000	54450
5910020000	120983
5940020000	54770
5970020000	80073
6000020000	96756
6030020000	84438
6060020000	89516
6090020000	177362
6120020000	103815
6150020000	160190
6180020000	176647
6210020000	145556
6240020000	141212
6270020000	92435
6300020000	101842
6330020000	60516
6360020000	151418
6390020000	210982
6420020000	48362
6450020000	122801
6480020000	120594
6510020000	187715
6540020000	176838
6570020000	60953
6600020000	91265
6630020000	66135
6660020000	49452
6690020000	137084
6720020000	173026
6750020000	177041
6780020000	172742
6810020000	39598
6840020000	44598
6870020000	91547
6900020000	195470
6930020000	181491
6960020000	125770
6990020000	174223
7020020000	200104
7050020000	44351
7080020000	193598
7110020000	88807
7140020000	86391
7170020000	133570
7200020000	164786
7230020000	142854
7260020000	99747
7290020000	49013
7320020000	48908
7350020000	180109
7380020000	145516
7410020000	173897
7440020000	105034
7470020000	114782
7500020000	63610
7530020000	174300
7560020000	148814
7590020000	94326
7620020000	159588
7650020000	106124
7680020000	166965
7710020000	182302
7740020000	182176
7770020000	39552
7800020000	118323
7830020000	169494
7860020000	69394
7890020000	55242
7920020000	172393
7950020000	79787
7980020000	63204
8010020000	147266
8040020000	66350
8070020000	187750
8100020000	138011
8130020000	200865
8160020000	72064
8190020000	150389
8220020000	153216
8250020000	168592
8280020000	109502
8310020000	53202
8340020000	72345
8370020000	185811
8400020000	188652
8430020000	159719
8460020000	169616
8490020000	107615
8520020000	83960
8550020000	180755
8580020000	51108
8610020000	134062
8640020000	67294
8670020000	121103
8700020000	190143
8730020000	161727
8760020000	73347
8790020000	74892
8820020000	48391
8850020000	56788
8880020000	102685
8910020000	98475
8940020000	149194
8970020000	120976
9000020000	94544
9030020000	89194
9060020000	141934
9090020000	77432
9120020000	174333
9150020000	83366
9180020000	164506
9210020000	148601
9240020000	63125
9270020000	166698
9300020000	47095
9330020000	182528
9360020000	55782
9390020000	179318
9420020000	169358
9450020000	55736
9480020000	172908
9510020000	173330
9540020000	138337
9570020000	77039
9600020000	87287
9630020000	53746
9660020000	150963
9690020000	141325
9720020000	162283
9750020000	191502
9780020000	159669
9810020000	78404
9840020000	84669
9870020000	75120
9900020000	64283
9930020000	126237
9960020000	193348
9990020000	81025
10020020000	2454085677
10050020000	2424085677
10080020000	2394085677
10110020000	2364085677
10140020000	2334085677
10170020000	2304085677
10200020000	2274085677
10230020000	2244085677
10260020000	2214085677
10290020000	2184085677
10320020000	2154085677
10350020000	2124085677
10380020000	2094085677
10410020000	2064085677
10440020000	2034085677
10470020000	2004085677
10500020000	1974085677
10530020000	1944085677
10560020000	1914085677
10590020000	1884085677
10620020000	1854085677
10650020000	1824085677
10680020000	1794085677
10710020000	1764085677
10740020000	1734085677
10770020000	1704085677
10800020000	1674085677
10830020000	1644085677
10860020000	1614085677
10890020000	1584085677
10920020000	1554085677
10950020000	1524085677
10980020000	1494085677
11010020000	1464085677
11040020000	1434085677
11070020000	1404085677
11100020000	1374085677
11130020000	1344085677
11160020000	1314085677
11190020000	1284085677
11220020000	1254085677
11250020000	1224085677
11280020000	1194085677
11310020000	1164085677
11340020000	1134085677
11370020000	1104085677
11400020000	1074085677
11430020000	1044085677
11460020000	1014085677
11490020000	984085677
11520020000	954085677
11550020000	924085677
11580020000	894085677
11610020000	864085677
11640020000	834085677
11670020000	804085677
11700020000	774085677
11730020000	744085677
11760020000	714085677
11790020000	684085677
11820020000	654085677
11850020000	624085677
11880020000	594085677
11910020000	564085677
11940020000	534085677
11970020000	504085677
12000020000	474085677
12030020000	444085677
12060020000	414085677
12090020000	384085677
12120020000	354085677
12150020000	324085677
12180020000	294085677
12210020000	264085677
12240020000	257212469
12270020000	227212469
12300020000	197212469
12330020000	167212469
12360020000	137212469
12390020000	107212469
12420020000	77212469
12450020000	47212469
12480020000	19585470
12510020000	181523
12540020000	140135
12570020000	226014
12600020000	210095
12630020000	154400
12660020000	226170
12690020000	110148
12720020000	148622
12750020000	215279
12780020000	159093
12810020000	175826
12840020000	109635
12870020000	146462
12900020000	222023
12930020000	190312
12960020000	216688
12990020000	191487
13020020000	215877
13050020000	213978
13080020000	236570
13110020000	198820
13140020000	196782
13170020000	113114
13200020000	161998
13230020000	103311
13260020000	165252
13290020000	98801
13320020000	212479
13350020000	226119
13380020000	83490
13410020000	221202
13440020000	210130
13470020000	107397
13500020000	201050
13530020000	216627
13560020000	188097
13590020000	199244
13620020000	189680
13650020000	191488
13680020000	206565
13710020000	178114
13740020000	219408
13770020000	251651
13800020000	104483
13830020000	149201
13860020000	138567
13890020000	223060
13920020000	205495
13950020000	138471
13980020000	183454
14010020000	180577
14040020000	219221
14070020000	181847
14100020000	145227
14130020000	167529
14160020000	197076
14190020000	194858
14220020000	164337
14250020000	177909
14280020000	106792
14310020000	215834
14340020000	197772
14370020000	212075
14400020000	179046
14430020000	226032
14460020000	123860
14490020000	172298
14520020000	217939
14550020000	198846
14580020000	582377
14610020000	189402
14640020000	203262
14670020000	189328
14700020000	173666
14730020000	206790
14760020000	181288
14790020000	173955
14820020000	159926
14850020000	159228
14880020000	209518
14910020000	1538667
14940020000	148453
14970020000	157405
15000020000	207335
15030020000	200361
15060020000	108703
15090020000	258760
15120020000	162834
15150020000	108013
15180020000	190291
15210020000	207788
15240020000	107099
15270020000	133995
15300020000	239476
15330020000	226394
15360020000	88836
15390020000	188751
15420020000	215423
15450020000	190082
15480020000	217006
15510020000	211947
15540020000	144684
15570020000	221597
15600020000	212911
15630020000	132890
15660020000	211734
15690020000	98522
15720020000	196226
15750020000	225089
15780020000	225780
15810020000	174493
15840020000	203208
15870020000	203649
15900020000	205042
15930020000	143350
15960020000	253593
15990020000	125317
16020020000	136514
16050020000	200739
16080020000	183790
16110020000	179985
16140020000	238269
16170020000	166391
16200020000	220426
16230020000	190973
16260020000	168535
16290020000	170144
16320020000	106274
16350020000	226238
16380020000	195022
16410020000	1238201
16440020000	1784024
16470020000	101658
16500020000	128654
16530020000	154302
16560020000	217523
16590020000	189011
16620020000	106583
16650020000	216232
16680020000	206489
16710020000	183161
16740020000	81118
16770020000	165001
16800020000	2471917
16830020000	213920
16860020000	122751
16890020000	196840
16920020000	203995
16950020000	247533
16980020000	176330
17010020000	198598
17040020000	63271
17070020000	178902
17100020000	218729
17130020000	2259476
17160020000	184178
17190020000	203866
17220020000	141245
17250020000	194217
17280020000	153928
17310020000	249328
17340020000	110452
17370020000	101193
17400020000	372031
17430020000	219437
17460020000	115872
17490020000	247556
17520020000	220840
17550020000	208324
17580020000	137568
17610020000	95614
17640020000	1755611
17670020000	151055
17700020000	172869
17730020000	240066
17760020000	105680
17790020000	178974
17820020000	221656
17850020000	175074
17880020000	242104
17910020000	161465
17940020000	216826
17970020000	237729
18000020000	181291
18030020000	169148
18060020000	194069
18090020000	300085
18120020000	154147
18150020000	154411
18180020000	143478
18210020000	1388197
18240020000	2166318
18270020000	150957
18300020000	190143
18330020000	191272
18360020000	627849
18390020000	181616
18420020000	2026941
18450020000	125545
18480020000	207645
18510020000	164925
18540020000	174948
18570020000	2461994
18600020000	159929
18630020000	187501
18660020000	195494
18690020000	184701
18720020000	215158
18750020000	150695
18780020000	160017
18810020000	195126
18840020000	2430711
18870020000	219474
18900020000	107437
18930020000	161258
18960020000	206221
18990020000	215677
19020020000	172017
19050020000	203690
19080020000	165385
19110020000	175525
19140020000	176812
19170020000	130936
19200020000	220074
19230020000	180891
19260020000	155557
19290020000	179555
19320020000	182319
19350020000	356111
19380020000	169669
19410020000	178228
19440020000	92966
19470020000	2688493
19500020000	2010665
19530020000	219638
19560020000	269680
19590020000	116858
19620020000	2183097
19650020000	149213
19680020000	149338
19710020000	161123
19740020000	151069
19770020000	152266
19800020000	180489
19830020000	149670
19860020000	211038
19890020000	172086
19920020000	198485
19950020000	159697
19980020000	176374
20010020000	6769581
20040020000	1002542
20070020000	9020478
20100020000	13396390
20130020000	11898665
20160020000	9228368
20190020000	2809715
20220020000	2191453
20250020000	11580127
20280020000	10310679
20310020000	7072596
20340020000	5974493
20370020000	424530
20400020000	7598113
20430020000	1150658
20460020000	475262
20490020000	14039322
20520020000	658591
20550020000	11254271
20580020000	8247836
20610020000	6755175
20640020000	6727743
20670020000	7537436
20700020000	4101870
20730020000	3837231
20760020000	3892239
20790020000	887367
20820020000	11363517
20850020000	7769373
20880020000	3360709
20910020000	508241
20940020000	13023168
20970020000	11253729
21000020000	677513
21030020000	10094207
21060020000	8412174
21090020000	4873022
21120020000	2017303
21150020000	1237490
21180020000	2898152
21210020000	10475971
21240020000	4248740
21270020000	1200807
21300020000	7511494
21330020000	6327299
21360020000	9775463
21390020000	6883019
21420020000	3785043
21450020000	994580
21480020000	6816791
21510020000	2877253
21540020000	4219143
21570020000	1467080
21600020000	12727276
21630020000	10093734
21660020000	3895094
21690020000	13095280
21720020000	9825121
21750020000	4168785
21780020000	51665
21810020000	67803
21840020000	132578
21870020000	117546
21900020000	91011
21930020000	61061
21960020000	58992
21990020000	178443
22020020000	45745
22050020000	90646
22080020000	228893
22110020000	54551
22140020000	75581
22170020000	63285
22200020000	100401
22230020000	84694
22260020000	93865
22290020000	54373
22320020000	135692
22350020000	58439
22380020000	55952
22410020000	93089
22440020000	151024
22470020000	64351
22500020000	1383252
22530020000	120377
22560020000	95471
22590020000	175570
22620020000	66925
22650020000	232889
22680020000	126914
22710020000	92038
22740020000	162695
22770020000	134672
22800020000	141506
22830020000	163755
22860020000	69715
22890020000	175853
22920020000	109984
22950020000	173807
22980020000	74903
23010020000	106795
23040020000	65000
23070020000	88580
23100020000	52581
23130020000	125422
23160020000	151979
23190020000	51683
23220020000	48331
23250020000	108034
23280020000	167050
23310020000	101002
23340020000	60030
23370020000	180268
23400020000	69781
23430020000	80016
23460020000	63702
23490020000	160935
23520020000	69370
23550020000	62657
23580020000	119530
23610020000	144692
23640020000	119050
23670020000	128178
23700020000	91285
23730020000	157456
23760020000	121991
23790020000	57612
23820020000	161821
23850020000	110859
23880020000	142052
23910020000	63258
23940020000	173271
23970020000	80763
24000020000	136931
24030020000	79430
24060020000	45933
24090020000	147149
24120020000	72693
24150020000	106930
24180020000	74644
24210020000	59768
24240020000	166548
24270020000	83801
24300020000	40771
24330020000	51852
24360020000	98267
24390020000	150208
24420020000	88078
24450020000	110465
24480020000	51292
24510020000	139874
24540020000	71469
24570020000	46699
24600020000	66564
24630020000	117966
24660020000	160477
24690020000	93597
24720020000	185428
24750020000	166571
24780020000	72873
24810020000	136274
24840020000	166180
24870020000	163704
24900020000	60606
24930020000	58034
24960020000	111508
24990020000	147585
25020020000	158021
25050020000	53216
25080020000	42976
25110020000	72339
25140020000	49113
25170020000	95739
25200020000	178580
25230020000	84931
25260020000	150789
25290020000	59274
25320020000	166388
25350020000	53357
25380020000	68366
25410020000	70430
25440020000	61516
25470020000	119980
25500020000	78490
25530020000	160328
25560020000	139597
25590020000	142226
25620020000	162691
25650020000	85354
25680020000	80014
25710020000	73098
25740020000	136262
25770020000	139120
25800020000	156476
25830020000	167406
25860020000	81224
25890020000	156908
25920020000	46986
25950020000	112190
25980020000	53791
26010020000	75699
26040020000	143743
26070020000	65648
26100020000	45731
26130020000	147895
26160020000	79049
26190020000	55307
26220020000	165715
26250020000	49092
26280020000	156382
26310020000	61887
26340020000	82355
26370020000	64056
26400020000	176871
26430020000	48921
26460020000	72124
26490020000	174007
26520020000	64006
26550020000	102954
26580020000	40218
26610020000	44814
26640020000	64976
26670020000	153723
26700020000	64772
26730020000	97945
26760020000	102945
26790020000	64441
26820020000	162859
26850020000	163783
26880020000	48526
26910020000	89089
26940020000	65905
26970020000	65806
27000020000	135416
27030020000	131653
27060020000	75523
27090020000	94667
27120020000	54848
27150020000	64903
27180020000	80756
27210020000	74440
27240020000	110078
27270020000	134630
27300020000	61244
27330020000	167106
27360020000	59854
27390020000	75265
27420020000	131971
27450020000	173588
27480020000	167696
27510020000	67829
27540020000	60936
27570020000	71992
27600020000	176690
27630020000	165583
27660020000	51267
27690020000	74718
27720020000	145712
27750020000	65550
27780020000	57371
27810020000	173902
27840020000	62792
27870020000	112102
27900020000	134234
27930020000	139051
27960020000	127858
27990020000	69751
28020020000	65715
28050020000	153941
28080020000	148120
28110020000	80617
28140020000	62842
28170020000	125257
28200020000	157138
28230020000	147928
28260020000	93706
28290020000	44760
28320020000	131633
28350020000	65509
28380020000	117749
28410020000	137763
28440020000	49535
28470020000	166436
28500020000	172481
28530020000	150938
28560020000	93684
28590020000	76256
28620020000	50619
28650020000	58994
28680020000	62566
28710020000	103695
28740020000	74466
28770020000	79151
28800020000	49984
28830020000	67589
28860020000	67637
28890020000	66806
28920020000	103044
28950020000	77327
28980020000	173033
29010020000	50916
29040020000	74773
29070020000	79531
29100020000	105031
29130020000	51059
29160020000	79814
29190020000	42394
29220020000	161448
29250020000	51174
29280020000	149758
29310020000	162111
29340020000	60761
29370020000	55909
29400020000	55238
29430020000	57242
29460020000	42804
29490020000	160930
29520020000	181930
29550020000	135483
29580020000	172570
29610020000	68643
29640020000	70024
29670020000	128322
29700020000	154406
29730020000	148104
29760020000	179417
29790020000	159334
29820020000	53305
29850020000	125131
29880020000	85118
29910020000	140489
29940020000	164966
29970020000	156107
