args: Args { inner: ["target/release/examples/word_count", "10", "100000", "1280000", "open-loop", "-n", "2", "-p", "1", "-w", "1"] }
rounds: 10, batch: 100000, keys: 1280000, open_loop: true
worker 00:	37606	142209	311452064	611292064	(of 1500000 measurements)
00	latency	20000	729651
00	latency	30020000	80942
00	latency	60020000	49956
00	latency	90020000	51170
00	latency	120020000	182320
00	latency	150020000	52077
00	latency	180020000	173709
00	latency	210020000	148762
00	latency	240020000	141379
00	latency	270020000	162389
00	latency	300020000	88530
00	latency	330020000	167090
00	latency	360020000	54260
00	latency	390020000	163306
00	latency	420020000	98411
00	latency	450020000	159219
00	latency	480020000	101254
00	latency	510020000	174246
00	latency	540020000	160523
00	latency	570020000	153698
00	latency	600020000	67621
00	latency	630020000	89765
00	latency	660020000	150938
00	latency	690020000	113001
00	latency	720020000	85616
00	latency	750020000	107554
00	latency	780020000	164122
00	latency	810020000	116494
00	latency	840020000	117067
00	latency	870020000	88969
00	latency	900020000	131360
00	latency	930020000	107131
00	latency	960020000	157607
00	latency	990020000	176749
00	latency	1020020000	67951
00	latency	1050020000	76912
00	latency	1080020000	109905
00	latency	1110020000	157040
00	latency	1140020000	101954
00	latency	1170020000	82506
00	latency	1200020000	147280
00	latency	1230020000	154824
00	latency	1260020000	156585
00	latency	1290020000	116691
00	latency	1320020000	155890
00	latency	1350020000	140930
00	latency	1380020000	82776
00	latency	1410020000	50243
00	latency	1440020000	176792
00	latency	1470020000	183379
00	latency	1500020000	185038
00	latency	1530020000	99172
00	latency	1560020000	178568
00	latency	1590020000	79041
00	latency	1620020000	174810
00	latency	1650020000	82002
00	latency	1680020000	153923
00	latency	1710020000	81556
00	latency	1740020000	130414
00	latency	1770020000	114751
00	latency	1800020000	48534
00	latency	1830020000	59772
00	latency	1860020000	46149
00	latency	1890020000	109345
00	latency	1920020000	128248
00	latency	1950020000	85791
00	latency	1980020000	79635
00	latency	2010020000	183279
00	latency	2040020000	118717
00	latency	2070020000	164070
00	latency	2100020000	166456
00	latency	2130020000	76341
00	latency	2160020000	193517
00	latency	2190020000	158615
00	latency	2220020000	96458
00	latency	2250020000	155727
00	latency	2280020000	144256
00	latency	2310020000	72916
00	latency	2340020000	126605
00	latency	2370020000	69371
00	latency	2400020000	179991
00	latency	2430020000	92665
00	latency	2460020000	150130
00	latency	2490020000	136803
00	latency	2520020000	156513
00	latency	2550020000	697257
00	latency	2580020000	153509
00	latency	2610020000	81101
00	latency	2640020000	184793
00	latency	2670020000	107714
00	latency	2700020000	197098
00	latency	2730020000	166435
00	latency	2760020000	158730
00	latency	2790020000	154543
00	latency	2820020000	69158
00	latency	2850020000	68587
00	latency	2880020000	39265
00	latency	2910020000	159493
00	latency	2940020000	170641
00	latency	2970020000	53203
00	latency	3000020000	80558
00	latency	3030020000	180647
00	latency	3060020000	82215
00	latency	3090020000	142346
00	latency	3120020000	59892
00	latency	3150020000	64019
00	latency	3180020000	163507
00	latency	3210020000	39244
00	latency	3240020000	712401
00	latency	3270020000	108641
00	latency	3300020000	82310
00	latency	3330020000	134615
00	latency	3360020000	183458
00	latency	3390020000	136053
00	latency	3420020000	158172
00	latency	3450020000	142752
00	latency	3480020000	189336
00	latency	3510020000	91140
00	latency	3540020000	51122
00	latency	3570020000	73165
00	latency	3600020000	47273
00	latency	3630020000	57973
00	latency	3660020000	81784
00	latency	3690020000	175791
00	latency	3720020000	67947
00	latency	3750020000	168761
00	latency	3780020000	183352
00	latency	3810020000	130313
00	latency	3840020000	67659
00	latency	3870020000	63356
00	latency	3900020000	48505
00	latency	3930020000	62984
00	latency	3960020000	185756
00	latency	3990020000	187499
00	latency	4020020000	129629
00	latency	4050020000	149229
00	latency	4080020000	180617
00	latency	4110020000	51611
00	latency	4140020000	507816
00	latency	4170020000	391299
00	latency	4200020000	138301
00	latency	4230020000	119706
00	latency	4260020000	126883
00	latency	4290020000	54109
00	latency	4320020000	755198
00	latency	4350020000	182927
00	latency	4380020000	45593
00	latency	4410020000	55343
00	latency	4440020000	195768
00	latency	4470020000	82296
00	latency	4500020000	148190
00	latency	4530020000	141579
00	latency	4560020000	1030515
00	latency	4590020000	76452
00	latency	4620020000	167010
00	latency	4650020000	167388
00	latency	4680020000	88481
00	latency	4710020000	498929
00	latency	4740020000	80526
00	latency	4770020000	177622
00	latency	4800020000	108573
00	latency	4830020000	142427
00	latency	4860020000	66338
00	latency	4890020000	100753
00	latency	4920020000	51101
00	latency	4950020000	106177
00	latency	4980020000	134856
00	latency	5010020000	177844
00	latency	5040020000	65860
00	latency	5070020000	123348
00	latency	5100020000	137912
00	latency	5130020000	83018
00	latency	5160020000	106401
00	latency	5190020000	87263
00	latency	5220020000	106772
00	latency	5250020000	77169
00	latency	5280020000	709141
00	latency	5310020000	125737
00	latency	5340020000	46910
00	latency	5370020000	650796
00	latency	5400020000	173073
00	latency	5430020000	222187
00	latency	5460020000	86820
00	latency	5490020000	117182
00	latency	5520020000	56186
00	latency	5550020000	190599
00	latency	5580020000	51101
00	latency	5610020000	160615
00	latency	5640020000	115707
00	latency	5670020000	182532
00	latency	5700020000	74306
00	latency	5730020000	151643
00	latency	5760020000	166855
00	latency	5790020000	80078
00	latency	5820020000	44728
00	latency	5850020000	409740
00	latency	5880020000	40242
00	latency	5910020000	158677
00	latency	5940020000	106879
00	latency	5970020000	79253
00	latency	6000020000	62683
00	latency	6030020000	343762
00	latency	6060020000	159386
00	latency	6090020000	149624
00	latency	6120020000	76726
00	latency	6150020000	134242
00	latency	6180020000	139064
00	latency	6210020000	142379
00	latency	6240020000	117233
00	latency	6270020000	136365
00	latency	6300020000	110517
00	latency	6330020000	65381
00	latency	6360020000	64799
00	latency	6390020000	109240
00	latency	6420020000	166742
00	latency	6450020000	154830
00	latency	6480020000	53958
00	latency	6510020000	163568
00	latency	6540020000	153025
00	latency	6570020000	107111
00	latency	6600020000	128034
00	latency	6630020000	77083
00	latency	6660020000	173539
00	latency	6690020000	65189
00	latency	6720020000	117640
00	latency	6750020000	45324
00	latency	6780020000	135850
00	latency	6810020000	136474
00	latency	6840020000	133809
00	latency	6870020000	108944
00	latency	6900020000	121282
00	latency	6930020000	73611
00	latency	6960020000	158443
00	latency	6990020000	156847
00	latency	7020020000	163698
00	latency	7050020000	147378
00	latency	7080020000	176126
00	latency	7110020000	89384
00	latency	7140020000	66075
00	latency	7170020000	269971
00	latency	7200020000	95221
00	latency	7230020000	150355
00	latency	7260020000	174467
00	latency	7290020000	613512
00	latency	7320020000	50891
00	latency	7350020000	57856
00	latency	7380020000	72297
00	latency	7410020000	157094
00	latency	7440020000	143596
00	latency	7470020000	163180
00	latency	7500020000	91057
00	latency	7530020000	50023
00	latency	7560020000	136944
00	latency	7590020000	108405
00	latency	7620020000	59306
00	latency	7650020000	154714
00	latency	7680020000	97976
00	latency	7710020000	119856
00	latency	7740020000	148889
00	latency	7770020000	149865
00	latency	7800020000	75895
00	latency	7830020000	62393
00	latency	7860020000	52813
00	latency	7890020000	95428
00	latency	7920020000	119093
00	latency	7950020000	101098
00	latency	7980020000	134573
00	latency	8010020000	116940
00	latency	8040020000	75408
00	latency	8070020000	176776
00	latency	8100020000	187909
00	latency	8130020000	117198
00	latency	8160020000	85015
00	latency	8190020000	68602
00	latency	8220020000	122845
00	latency	8250020000	139092
00	latency	8280020000	47215
00	latency	8310020000	63303
00	latency	8340020000	153207
00	latency	8370020000	132207
00	latency	8400020000	66728
00	latency	8430020000	149699
00	latency	8460020000	138962
00	latency	8490020000	141556
00	latency	8520020000	114214
00	latency	8550020000	195386
00	latency	8580020000	183827
00	latency	8610020000	49382
00	latency	8640020000	174345
00	latency	8670020000	106631
00	latency	8700020000	69898
00	latency	8730020000	139104
00	latency	8760020000	89009
00	latency	8790020000	144623
00	latency	8820020000	177329
00	latency	8850020000	42250
00	latency	8880020000	140913
00	latency	8910020000	161884
00	latency	8940020000	173502
00	latency	8970020000	68939
00	latency	9000020000	174843
00	latency	9030020000	77787
00	latency	9060020000	155476
00	latency	9090020000	156925
00	latency	9120020000	136587
00	latency	9150020000	65062
00	latency	9180020000	66524
00	latency	9210020000	163325
00	latency	9240020000	161645
00	latency	9270020000	143126
00	latency	9300020000	175850
00	latency	9330020000	132739
00	latency	9360020000	84085
00	latency	9390020000	157195
00	latency	9420020000	131420
00	latency	9450020000	44364
00	latency	9480020000	41733
00	latency	9510020000	123499
00	latency	9540020000	62516
00	latency	9570020000	45734
00	latency	9600020000	168663
00	latency	9630020000	139519
00	latency	9660020000	169288
00	latency	9690020000	115622
00	latency	9720020000	158725
00	latency	9750020000	153406
00	latency	9780020000	165689
00	latency	9810020000	107666
00	latency	9840020000	95254
00	latency	9870020000	53682
00	latency	9900020000	155525
00	latency	9930020000	49978
00	latency	9960020000	56335
00	latency	9990020000	171912
00	latency	10020020000	591412064
00	latency	10050020000	561412064
00	latency	10080020000	531412064
00	latency	10110020000	501412064
00	latency	10140020000	471412064
00	latency	10170020000	441412064
00	latency	10200020000	411412064
00	latency	10230020000	381412064
00	latency	10260020000	351412064
00	latency	10290020000	321412064
00	latency	10320020000	291412064
00	latency	10350020000	261412064
00	latency	10380020000	231412064
00	latency	10410020000	201412064
00	latency	10440020000	171412064
00	latency	10470020000	141412064
00	latency	10500020000	111412064
00	latency	10530020000	81412064
00	latency	10560020000	51412064
00	latency	10590020000	26341443
00	latency	10620020000	175772
00	latency	10650020000	217511
00	latency	10680020000	191257
00	latency	10710020000	184421
00	latency	10740020000	82977
00	latency	10770020000	89572
00	latency	10800020000	192462
00	latency	10830020000	158348
00	latency	10860020000	264296
00	latency	10890020000	198668
00	latency	10920020000	235128
00	latency	10950020000	181138
00	latency	10980020000	160664
00	latency	11010020000	146735
00	latency	11040020000	193090
00	latency	11070020000	199474
00	latency	11100020000	94732
00	latency	11130020000	126895
00	latency	11160020000	136601
00	latency	11190020000	99049
00	latency	11220020000	148332
00	latency	11250020000	209122
00	latency	11280020000	168954
00	latency	11310020000	224173
00	latency	11340020000	200957
00	latency	11370020000	195808
00	latency	11400020000	179148
00	latency	11430020000	173953
00	latency	11460020000	114491
00	latency	11490020000	191484
00	latency	11520020000	156496
00	latency	11550020000	163695
00	latency	11580020000	141235
00	latency	11610020000	229127
00	latency	11640020000	215303
00	latency	11670020000	225890
00	latency	11700020000	187176
00	latency	11730020000	157535
00	latency	11760020000	158998
00	latency	11790020000	181626
00	latency	11820020000	177140
00	latency	11850020000	191877
00	latency	11880020000	173335
00	latency	11910020000	198795
00	latency	11940020000	178724
00	latency	11970020000	195583
00	latency	12000020000	445685
00	latency	12030020000	218934
00	latency	12060020000	220634
00	latency	12090020000	181840
00	latency	12120020000	138257
00	latency	12150020000	195257
00	latency	12180020000	191963
00	latency	12210020000	149660
00	latency	12240020000	97171
00	latency	12270020000	153265
00	latency	12300020000	198601
00	latency	12330020000	188747
00	latency	12360020000	147635
00	latency	12390020000	108945
00	latency	12420020000	149615
00	latency	12450020000	146878
00	latency	12480020000	182483
00	latency	12510020000	136263
00	latency	12540020000	108797
00	latency	12570020000	127053
00	latency	12600020000	211870
00	latency	12630020000	140598
00	latency	12660020000	128130
00	latency	12690020000	146411
00	latency	12720020000	174926
00	latency	12750020000	148495
00	latency	12780020000	210722
00	latency	12810020000	197434
00	latency	12840020000	183982
00	latency	12870020000	148575
00	latency	12900020000	201685
00	latency	12930020000	147803
00	latency	12960020000	163418
00	latency	12990020000	179238
00	latency	13020020000	170461
00	latency	13050020000	192707
00	latency	13080020000	157531
00	latency	13110020000	217909
00	latency	13140020000	163194
00	latency	13170020000	115718
00	latency	13200020000	186927
00	latency	13230020000	127091
00	latency	13260020000	204281
00	latency	13290020000	154970
00	latency	13320020000	222787
00	latency	13350020000	149585
00	latency	13380020000	160927
00	latency	13410020000	175040
00	latency	13440020000	181764
00	latency	13470020000	233748
00	latency	13500020000	165484
00	latency	13530020000	161798
00	latency	13560020000	134926
00	latency	13590020000	133677
00	latency	13620020000	205607
00	latency	13650020000	137951
00	latency	13680020000	153999
00	latency	13710020000	104878
00	latency	13740020000	132693
00	latency	13770020000	212395
00	latency	13800020000	113206
00	latency	13830020000	216170
00	latency	13860020000	193832
00	latency	13890020000	222216
00	latency	13920020000	144502
00	latency	13950020000	148514
00	latency	13980020000	117094
00	latency	14010020000	154353
00	latency	14040020000	223603
00	latency	14070020000	180120
00	latency	14100020000	212988
00	latency	14130020000	179306
00	latency	14160020000	164801
00	latency	14190020000	221192
00	latency	14220020000	171539
00	latency	14250020000	150428
00	latency	14280020000	211246
00	latency	14310020000	114640
00	latency	14340020000	146711
00	latency	14370020000	198029
00	latency	14400020000	184983
00	latency	14430020000	107492
00	latency	14460020000	128562
00	latency	14490020000	153167
00	latency	14520020000	197455
00	latency	14550020000	190203
00	latency	14580020000	120406
00	latency	14610020000	124026
00	latency	14640020000	117121
00	latency	14670020000	122021
00	latency	14700020000	196557
00	latency	14730020000	151939
00	latency	14760020000	192410
00	latency	14790020000	215720
00	latency	14820020000	116862
00	latency	14850020000	113734
00	latency	14880020000	200463
00	latency	14910020000	136596
00	latency	14940020000	162812
00	latency	14970020000	125824
00	latency	15000020000	197607
00	latency	15030020000	95552
00	latency	15060020000	130387
00	latency	15090020000	173922
00	latency	15120020000	110990
00	latency	15150020000	206677
00	latency	15180020000	141654
00	latency	15210020000	179473
00	latency	15240020000	179415
00	latency	15270020000	83888
00	latency	15300020000	194320
00	latency	15330020000	214272
00	latency	15360020000	148523
00	latency	15390020000	207644
00	latency	15420020000	160982
00	latency	15450020000	215375
00	latency	15480020000	180401
00	latency	15510020000	200481
00	latency	15540020000	211082
00	latency	15570020000	119459
00	latency	15600020000	164068
00	latency	15630020000	117852
00	latency	15660020000	145988
00	latency	15690020000	182195
00	latency	15720020000	132915
00	latency	15750020000	201822
00	latency	15780020000	199077
00	latency	15810020000	171745
00	latency	15840020000	208957
00	latency	15870020000	221625
00	latency	15900020000	136403
00	latency	15930020000	137185
00	latency	15960020000	137347
00	latency	15990020000	148246
00	latency	16020020000	164263
00	latency	16050020000	160030
00	latency	16080020000	104464
00	latency	16110020000	219664
00	latency	16140020000	119862
00	latency	16170020000	163031
00	latency	16200020000	166513
00	latency	16230020000	136376
00	latency	16260020000	204770
00	latency	16290020000	134788
00	latency	16320020000	119780
00	latency	16350020000	186974
00	latency	16380020000	154636
00	latency	16410020000	188229
00	latency	16440020000	95818
00	latency	16470020000	163209
00	latency	16500020000	145509
00	latency	16530020000	197793
00	latency	16560020000	209956
00	latency	16590020000	208910
00	latency	16620020000	109544
00	latency	16650020000	176017
00	latency	16680020000	169889
00	latency	16710020000	146583
00	latency	16740020000	194089
00	latency	16770020000	88049
00	latency	16800020000	166076
00	latency	16830020000	101344
00	latency	16860020000	135271
00	latency	16890020000	149530
00	latency	16920020000	159316
00	latency	16950020000	154940
00	latency	16980020000	85392
00	latency	17010020000	201685
00	latency	17040020000	138536
00	latency	17070020000	103824
00	latency	17100020000	123664
00	latency	17130020000	131500
00	latency	17160020000	88197
00	latency	17190020000	155017
00	latency	17220020000	226509
00	latency	17250020000	174117
00	latency	17280020000	122916
00	latency	17310020000	168789
00	latency	17340020000	190306
00	latency	17370020000	184031
00	latency	17400020000	175745
00	latency	17430020000	179008
00	latency	17460020000	216722
00	latency	17490020000	96653
00	latency	17520020000	127730
00	latency	17550020000	183944
00	latency	17580020000	120188
00	latency	17610020000	142005
00	latency	17640020000	207966
00	latency	17670020000	188585
00	latency	17700020000	130325
00	latency	17730020000	156786
00	latency	17760020000	155879
00	latency	17790020000	224266
00	latency	17820020000	106243
00	latency	17850020000	189074
00	latency	17880020000	134124
00	latency	17910020000	196683
00	latency	17940020000	171220
00	latency	17970020000	148155
00	latency	18000020000	165251
00	latency	18030020000	192408
00	latency	18060020000	151067
00	latency	18090020000	188565
00	latency	18120020000	198771
00	latency	18150020000	210540
00	latency	18180020000	166949
00	latency	18210020000	201995
00	latency	18240020000	211100
00	latency	18270020000	113380
00	latency	18300020000	195609
00	latency	18330020000	194757
00	latency	18360020000	128914
00	latency	18390020000	204799
00	latency	18420020000	114671
00	latency	18450020000	141534
00	latency	18480020000	177130
00	latency	18510020000	187815
00	latency	18540020000	116405
00	latency	18570020000	225895
00	latency	18600020000	207415
00	latency	18630020000	214411
00	latency	18660020000	207018
00	latency	18690020000	154908
00	latency	18720020000	158788
00	latency	18750020000	132729
00	latency	18780020000	180859
00	latency	18810020000	164731
00	latency	18840020000	192423
00	latency	18870020000	158618
00	latency	18900020000	98533
00	latency	18930020000	168248
00	latency	18960020000	196685
00	latency	18990020000	167142
00	latency	19020020000	132346
00	latency	19050020000	214360
00	latency	19080020000	161360
00	latency	19110020000	204828
00	latency	19140020000	119885
00	latency	19170020000	221079
00	latency	19200020000	182152
00	latency	19230020000	170026
00	latency	19260020000	135911
00	latency	19290020000	129155
00	latency	19320020000	116865
00	latency	19350020000	202105
00	latency	19380020000	149454
00	latency	19410020000	205838
00	latency	19440020000	174034
00	latency	19470020000	192541
00	latency	19500020000	179508
00	latency	19530020000	132816
00	latency	19560020000	169499
00	latency	19590020000	170922
00	latency	19620020000	221201
00	latency	19650020000	169993
00	latency	19680020000	179721
00	latency	19710020000	163048
00	latency	19740020000	216642
00	latency	19770020000	171139
00	latency	19800020000	102629
00	latency	19830020000	110905
00	latency	19860020000	150860
00	latency	19890020000	142457
00	latency	19920020000	201025
00	latency	19950020000	185148
00	latency	19980020000	148955
00	latency	20010020000	2680523
00	latency	20040020000	408780
00	latency	20070020000	1686258
00	latency	20100020000	3094815
00	latency	20130020000	708873
00	latency	20160020000	2928370
00	latency	20190020000	709603
00	latency	20220020000	2442404
00	latency	20250020000	340390
00	latency	20280020000	2236060
00	latency	20310020000	3508752
00	latency	20340020000	1573392
00	latency	20370020000	3428749
00	latency	20400020000	1169675
00	latency	20430020000	3035560
00	latency	20460020000	1249747
00	latency	20490020000	3787371
00	latency	20520020000	142543
00	latency	20550020000	148972
00	latency	20580020000	162747
00	latency	20610020000	127239
00	latency	20640020000	124045
00	latency	20670020000	54895
00	latency	20700020000	109913
00	latency	20730020000	137190
00	latency	20760020000	67006
00	latency	20790020000	114169
00	latency	20820020000	121261
00	latency	20850020000	67777
00	latency	20880020000	162712
00	latency	20910020000	158621
00	latency	20940020000	107467
00	latency	20970020000	43532
00	latency	21000020000	62534
00	latency	21030020000	135135
00	latency	21060020000	126309
00	latency	21090020000	47919
00	latency	21120020000	179755
00	latency	21150020000	108452
00	latency	21180020000	158106
00	latency	21210020000	165472
00	latency	21240020000	58055
00	latency	21270020000	165078
00	latency	21300020000	137871
00	latency	21330020000	64864
00	latency	21360020000	156014
00	latency	21390020000	164251
00	latency	21420020000	96364
00	latency	21450020000	103315
00	latency	21480020000	70194
00	latency	21510020000	151847
00	latency	21540020000	85463
00	latency	21570020000	39002
00	latency	21600020000	172135
00	latency	21630020000	70671
00	latency	21660020000	182895
00	latency	21690020000	83187
00	latency	21720020000	168384
00	latency	21750020000	162593
00	latency	21780020000	45737
00	latency	21810020000	155883
00	latency	21840020000	142328
00	latency	21870020000	148404
00	latency	21900020000	81997
00	latency	21930020000	161484
00	latency	21960020000	59879
00	latency	21990020000	61090
00	latency	22020020000	187284
00	latency	22050020000	169137
00	latency	22080020000	58076
00	latency	22110020000	171071
00	latency	22140020000	113325
00	latency	22170020000	126867
00	latency	22200020000	170774
00	latency	22230020000	187351
00	latency	22260020000	167689
00	latency	22290020000	43139
00	latency	22320020000	168673
00	latency	22350020000	152705
00	latency	22380020000	57810
00	latency	22410020000	143823
00	latency	22440020000	49102
00	latency	22470020000	101557
00	latency	22500020000	153051
00	latency	22530020000	133371
00	latency	22560020000	178659
00	latency	22590020000	175860
00	latency	22620020000	151871
00	latency	22650020000	77397
00	latency	22680020000	67244
00	latency	22710020000	65074
00	latency	22740020000	99589
00	latency	22770020000	89357
00	latency	22800020000	61779
00	latency	22830020000	160917
00	latency	22860020000	136857
00	latency	22890020000	67148
00	latency	22920020000	74075
00	latency	22950020000	85034
00	latency	22980020000	45914
00	latency	23010020000	150662
00	latency	23040020000	122207
00	latency	23070020000	146304
00	latency	23100020000	155570
00	latency	23130020000	154500
00	latency	23160020000	41779
00	latency	23190020000	80607
00	latency	23220020000	164710
00	latency	23250020000	114149
00	latency	23280020000	69486
00	latency	23310020000	152439
00	latency	23340020000	65281
00	latency	23370020000	97329
00	latency	23400020000	62031
00	latency	23430020000	148919
00	latency	23460020000	176711
00	latency	23490020000	169674
00	latency	23520020000	96357
00	latency	23550020000	87435
00	latency	23580020000	128233
00	latency	23610020000	85319
00	latency	23640020000	78708
00	latency	23670020000	74333
00	latency	23700020000	175003
00	latency	23730020000	104571
00	latency	23760020000	67104
00	latency	23790020000	77558
00	latency	23820020000	146447
00	latency	23850020000	53169
00	latency	23880020000	71256
00	latency	23910020000	72369
00	latency	23940020000	42075
00	latency	23970020000	54926
00	latency	24000020000	146520
00	latency	24030020000	152628
00	latency	24060020000	74586
00	latency	24090020000	46801
00	latency	24120020000	179397
00	latency	24150020000	180099
00	latency	24180020000	133563
00	latency	24210020000	159603
00	latency	24240020000	154934
00	latency	24270020000	70341
00	latency	24300020000	65261
00	latency	24330020000	155076
00	latency	24360020000	170330
00	latency	24390020000	176428
00	latency	24420020000	79100
00	latency	24450020000	167267
00	latency	24480020000	158508
00	latency	24510020000	54145
00	latency	24540020000	177681
00	latency	24570020000	48465
00	latency	24600020000	75673
00	latency	24630020000	182280
00	latency	24660020000	134305
00	latency	24690020000	164877
00	latency	24720020000	121015
00	latency	24750020000	104276
00	latency	24780020000	153701
00	latency	24810020000	97476
00	latency	24840020000	48636
00	latency	24870020000	139544
00	latency	24900020000	81100
00	latency	24930020000	150957
00	latency	24960020000	163286
00	latency	24990020000	100637
00	latency	25020020000	151853
00	latency	25050020000	42821
00	latency	25080020000	144077
00	latency	25110020000	157781
00	latency	25140020000	90907
00	latency	25170020000	60712
00	latency	25200020000	77054
00	latency	25230020000	152441
00	latency	25260020000	124790
00	latency	25290020000	139295
00	latency	25320020000	77935
00	latency	25350020000	54973
00	latency	25380020000	94988
00	latency	25410020000	153869
00	latency	25440020000	75217
00	latency	25470020000	144924
00	latency	25500020000	105625
00	latency	25530020000	45262
00	latency	25560020000	141301
00	latency	25590020000	67994
00	latency	25620020000	46016
00	latency	25650020000	53835
00	latency	25680020000	116756
00	latency	25710020000	132399
00	latency	25740020000	94835
00	latency	25770020000	152134
00	latency	25800020000	99409
00	latency	25830020000	54662
00	latency	25860020000	114773
00	latency	25890020000	65643
00	latency	25920020000	81448
00	latency	25950020000	167618
00	latency	25980020000	141296
00	latency	26010020000	176977
00	latency	26040020000	76070
00	latency	26070020000	136348
00	latency	26100020000	90963
00	latency	26130020000	116565
00	latency	26160020000	50556
00	latency	26190020000	132331
00	latency	26220020000	53536
00	latency	26250020000	137305
00	latency	26280020000	155792
00	latency	26310020000	57881
00	latency	26340020000	76225
00	latency	26370020000	126738
00	latency	26400020000	187984
00	latency	26430020000	105081
00	latency	26460020000	159134
00	latency	26490020000	45331
00	latency	26520020000	170792
00	latency	26550020000	75468
00	latency	26580020000	53375
00	latency	26610020000	146842
00	latency	26640020000	154800
00	latency	26670020000	148554
00	latency	26700020000	137914
00	latency	26730020000	86344
00	latency	26760020000	155026
00	latency	26790020000	158372
00	latency	26820020000	116485
00	latency	26850020000	68946
00	latency	26880020000	45743
00	latency	26910020000	91426
00	latency	26940020000	95115
00	latency	26970020000	134282
00	latency	27000020000	69541
00	latency	27030020000	85974
00	latency	27060020000	50009
00	latency	27090020000	90235
00	latency	27120020000	69873
00	latency	27150020000	164577
00	latency	27180020000	80425
00	latency	27210020000	99993
00	latency	27240020000	77297
00	latency	27270020000	151036
00	latency	27300020000	103691
00	latency	27330020000	89179
00	latency	27360020000	170085
00	latency	27390020000	95900
00	latency	27420020000	122959
00	latency	27450020000	40620
00	latency	27480020000	147753
00	latency	27510020000	83038
00	latency	27540020000	166819
00	latency	27570020000	58196
00	latency	27600020000	120890
00	latency	27630020000	156784
00	latency	27660020000	169120
00	latency	27690020000	84855
00	latency	27720020000	81782
00	latency	27750020000	173386
00	latency	27780020000	115802
00	latency	27810020000	186940
00	latency	27840020000	140946
00	latency	27870020000	151296
00	latency	27900020000	146700
00	latency	27930020000	158307
00	latency	27960020000	172887
00	latency	27990020000	67563
00	latency	28020020000	61791
00	latency	28050020000	115328
00	latency	28080020000	153263
00	latency	28110020000	74058
00	latency	28140020000	87611
00	latency	28170020000	56580
00	latency	28200020000	96993
00	latency	28230020000	170903
00	latency	28260020000	97560
00	latency	28290020000	180844
00	latency	28320020000	141688
00	latency	28350020000	132709
00	latency	28380020000	67846
00	latency	28410020000	162630
00	latency	28440020000	55674
00	latency	28470020000	85208
00	latency	28500020000	156794
00	latency	28530020000	114061
00	latency	28560020000	49170
00	latency	28590020000	138468
00	latency	28620020000	57975
00	latency	28650020000	127827
00	latency	28680020000	55416
00	latency	28710020000	91549
00	latency	28740020000	128066
00	latency	28770020000	90849
00	latency	28800020000	153787
00	latency	28830020000	161515
00	latency	28860020000	42559
00	latency	28890020000	81762
00	latency	28920020000	153326
00	latency	28950020000	140400
00	latency	28980020000	169190
00	latency	29010020000	140418
00	latency	29040020000	157912
00	latency	29070020000	141303
00	latency	29100020000	45215
00	latency	29130020000	171297
00	latency	29160020000	162364
00	latency	29190020000	79493
00	latency	29220020000	71905
00	latency	29250020000	146930
00	latency	29280020000	176526
00	latency	29310020000	88376
00	latency	29340020000	70927
00	latency	29370020000	100549
00	latency	29400020000	159402
00	latency	29430020000	169701
00	latency	29460020000	141471
00	latency	29490020000	68840
00	latency	29520020000	88733
00	latency	29550020000	61008
00	latency	29580020000	54164
00	latency	29610020000	77007
00	latency	29640020000	74275
00	latency	29670020000	181999
00	latency	29700020000	152052
00	latency	29730020000	118269
00	latency	29760020000	61935
00	latency	29790020000	41282
00	latency	29820020000	109251
00	latency	29850020000	135764
00	latency	29880020000	69835
00	latency	29910020000	96490
00	latency	29940020000	158642
00	latency	29970020000	175386

00	redistr	10000123121	10000000
00	redistr	20000146512	10000000
00	redistr	20000531906	10000000
00	redistr	20004416014	10000000
00	redistr	20004720873	10000000
00	redistr	20008544645	10000000
00	redistr	20008894949	10000000
00	redistr	20012703438	10000000
00	redistr	20013009495	10000000
00	redistr	20016402045	10000000
00	redistr	20016757320	10000000
00	redistr	20020625843	10000000
00	redistr	20020927285	10000000
00	redistr	20024459618	10000000
00	redistr	20024817114	10000000
00	redistr	20028356532	10000000
00	redistr	20028644481	10000000
00	redistr	20032416291	10000000
00	redistr	20032774644	10000000
00	redistr	20036478214	10000000
00	redistr	20036775173	10000000
00	redistr	20040145016	10000000
00	redistr	20040525845	10000000
00	redistr	20044279924	10000000
00	redistr	20044577868	10000000
00	redistr	20048249515	10000000
00	redistr	20048599473	10000000
00	redistr	20052357570	10000000
00	redistr	20052671838	10000000
00	redistr	20056365438	10000000
00	redistr	20056704320	10000000
00	redistr	20060276373	10000000
00	redistr	20060591827	10000000
00	redistr	20063931885	10000000
00	redistr	20064277478	10000000
00	redistr	20067837112	10000000
00	redistr	20068139683	10000000
00	redistr	20071709938	10000000
00	redistr	20072051350	10000000
00	redistr	20075527156	10000000
00	redistr	20075846441	10000000
00	redistr	20079292886	10000000
00	redistr	20079648270	10000000
00	redistr	20083505102	10000000
00	redistr	20083811645	10000000
00	redistr	20087248511	10000000
00	redistr	20087626946	10000000
00	redistr	20091564650	10000000
00	redistr	20091875098	10000000
00	redistr	20095534605	10000000
00	redistr	20095881927	10000000
00	redistr	20099426520	10000000
00	redistr	20099744975	10000000
00	redistr	20103119528	10000000
00	redistr	20103474609	10000000
00	redistr	20107065377	10000000
00	redistr	20107385652	10000000
00	redistr	20110855857	10000000
00	redistr	20111200329	10000000
00	redistr	20115070797	10000000
00	redistr	20115381810	10000000
00	redistr	20118669419	10000000
00	redistr	20118994248	10000000
00	redistr	20122657252	10000000
00	redistr	20122958849	10000000
00	redistr	20126564935	10000000
00	redistr	20126903649	10000000
00	redistr	20130731531	10000000
00	redistr	20131043033	10000000
00	redistr	20134616809	10000000
00	redistr	20134959029	10000000
00	redistr	20138755076	10000000
00	redistr	20139044875	10000000
00	redistr	20142606661	10000000
00	redistr	20142946380	10000000
00	redistr	20146776480	10000000
00	redistr	20147093027	10000000
00	redistr	20150959098	10000000
00	redistr	20151298299	10000000
00	redistr	20154728517	10000000
00	redistr	20155022781	10000000
00	redistr	20158595943	10000000
00	redistr	20158936673	10000000
00	redistr	20162951266	10000000
00	redistr	20163264751	10000000
00	redistr	20166806078	10000000
00	redistr	20167158368	10000000
00	redistr	20170864525	10000000
00	redistr	20171154487	10000000
00	redistr	20174680469	10000000
00	redistr	20175030473	10000000
00	redistr	20178666837	10000000
00	redistr	20178970630	10000000
00	redistr	20182874822	10000000
00	redistr	20183227562	10000000
00	redistr	20187064703	10000000
00	redistr	20187378745	10000000
00	redistr	20190732828	10000000
00	redistr	20191070584	10000000
00	redistr	20194788200	10000000
00	redistr	20195098780	10000000
00	redistr	20199005872	10000000
00	redistr	20199354148	10000000
00	redistr	20203013659	10000000
00	redistr	20203325559	10000000
00	redistr	20206759759	10000000
00	redistr	20207113960	10000000
00	redistr	20210979291	10000000
00	redistr	20211284480	10000000
00	redistr	20214732746	10000000
00	redistr	20215066653	10000000
00	redistr	20218565680	10000000
00	redistr	20218877476	10000000
00	redistr	20222466008	10000000
00	redistr	20222806817	10000000
00	redistr	20226433270	10000000
00	redistr	20226741929	10000000
00	redistr	20230370742	10000000
00	redistr	20230717438	10000000
00	redistr	20234750559	10000000
00	redistr	20235056890	10000000
00	redistr	20238514773	10000000
00	redistr	20238864828	10000000
00	redistr	20242514708	10000000
00	redistr	20242812447	10000000
00	redistr	20246392856	10000000
00	redistr	20246734030	10000000
00	redistr	20250210163	10000000
00	redistr	20250514333	10000000
00	redistr	20253994406	10000000
00	redistr	20254348112	10000000
00	redistr	20258333393	10000000
00	redistr	20258640312	10000000
00	redistr	20262216376	10000000
00	redistr	20262547794	10000000
00	redistr	20266218894	10000000
00	redistr	20266520232	10000000
00	redistr	20270514591	10000000
00	redistr	20270856174	10000000
00	redistr	20274482222	10000000
00	redistr	20274794274	10000000
00	redistr	20278277795	10000000
00	redistr	20278630352	10000000
00	redistr	20282258580	10000000
00	redistr	20282574138	10000000
00	redistr	20285911401	10000000
00	redistr	20286249390	10000000
00	redistr	20290058647	10000000
00	redistr	20290374716	10000000
00	redistr	20293955091	10000000
00	redistr	20294312510	10000000
00	redistr	20297943652	10000000
00	redistr	20298248802	10000000
00	redistr	20301789490	10000000
00	redistr	20302137161	10000000
00	redistr	20305824443	10000000
00	redistr	20306133393	10000000
00	redistr	20309611523	10000000
00	redistr	20309957112	10000000
00	redistr	20313531214	10000000
00	redistr	20313838974	10000000
00	redistr	20317542175	10000000
00	redistr	20317901921	10000000
00	redistr	20321541648	10000000
00	redistr	20321850092	10000000
00	redistr	20325532130	10000000
00	redistr	20325878521	10000000
00	redistr	20329665259	10000000
00	redistr	20329958174	10000000
00	redistr	20333462016	10000000
00	redistr	20333820525	10000000
00	redistr	20337617911	10000000
00	redistr	20337922703	10000000
00	redistr	20341596730	10000000
00	redistr	20341918213	10000000
00	redistr	20345498716	10000000
00	redistr	20345824076	10000000
00	redistr	20349366345	10000000
00	redistr	20349727941	10000000
00	redistr	20353436068	10000000
00	redistr	20353754417	10000000
00	redistr	20357203514	10000000
00	redistr	20357520700	10000000
00	redistr	20361484346	10000000
00	redistr	20361804442	10000000
00	redistr	20365539510	10000000
00	redistr	20365876944	10000000
00	redistr	20369524047	10000000
00	redistr	20369827797	10000000
00	redistr	20373451403	10000000
00	redistr	20373806442	10000000
00	redistr	20377521723	10000000
00	redistr	20377838824	10000000
00	redistr	20381244605	10000000
00	redistr	20381593847	10000000
00	redistr	20385274880	10000000
00	redistr	20385585412	10000000
00	redistr	20389291430	10000000
00	redistr	20389600278	10000000
00	redistr	20393085820	10000000
00	redistr	20393397441	10000000
00	redistr	20397113801	10000000
00	redistr	20397423997	10000000
00	redistr	20401194035	10000000
00	redistr	20401543864	10000000
00	redistr	20405159520	10000000
00	redistr	20405487705	10000000
00	redistr	20408950918	10000000
00	redistr	20409274940	10000000
00	redistr	20413209267	10000000
00	redistr	20413516062	10000000
00	redistr	20417065143	10000000
00	redistr	20417423020	10000000
00	redistr	20421289749	10000000
00	redistr	20421616059	10000000
00	redistr	20425190394	10000000
00	redistr	20425544334	10000000
00	redistr	20429126108	10000000
00	redistr	20429436036	10000000
00	redistr	20433060121	10000000
00	redistr	20433417898	10000000
00	redistr	20437322362	10000000
00	redistr	20437635043	10000000
00	redistr	20440964060	10000000
00	redistr	20441281226	10000000
00	redistr	20445129164	10000000
00	redistr	20445424334	10000000
00	redistr	20449142298	10000000
00	redistr	20449513423	10000000
00	redistr	20453173301	10000000
00	redistr	20453482802	10000000
00	redistr	20457028589	10000000
00	redistr	20457357369	10000000
00	redistr	20461272397	10000000
00	redistr	20461578147	10000000
00	redistr	20465084709	10000000
00	redistr	20465454673	10000000
00	redistr	20469370131	10000000
00	redistr	20469679400	10000000
00	redistr	20473389852	10000000
00	redistr	20473709044	10000000
00	redistr	20477516237	10000000
00	redistr	20477833210	10000000
00	redistr	20481407314	10000000
00	redistr	20481724769	10000000
00	redistr	20485509184	10000000
00	redistr	20485835546	10000000
00	redistr	20489523533	10000000
00	redistr	20489869919	10000000
00	redistr	20493810206	10000000
00	redistr	20494115848	10000000
00	redistr	20497805679	10000000
00	redistr	20498107938	10000000
00	redistr	20502006843	10000000
00	redistr	20502312532	10000000
00	redistr	20505941685	10000000
00	redistr	20506268975	10000000
