20000	739863
30020000	111760
60020000	147001
90020000	63471
120020000	83059
150020000	110274
180020000	178782
210020000	70002
240020000	87509
270020000	128785
300020000	154619
330020000	156058
360020000	44789
390020000	46159
420020000	127449
450020000	125796
480020000	125675
510020000	72183
540020000	138991
570020000	94715
600020000	53306
630020000	53573
660020000	174446
690020000	78701
720020000	80716
750020000	174296
780020000	45523
810020000	78931
840020000	178772
870020000	166765
900020000	53890
930020000	67953
960020000	139784
990020000	44717
1020020000	146975
1050020000	68692
1080020000	56988
1110020000	154164
1140020000	130511
1170020000	170495
1200020000	46988
1230020000	109761
1260020000	52127
1290020000	71439
1320020000	219352
1350020000	66960
1380020000	158785
1410020000	75710
1440020000	149616
1470020000	107834
1500020000	180029
1530020000	115717
1560020000	134199
1590020000	174957
1620020000	149090
1650020000	145754
1680020000	66486
1710020000	173168
1740020000	66791
1770020000	78620
1800020000	78712
1830020000	79531
1860020000	70623
1890020000	169947
1920020000	147804
1950020000	386372
1980020000	97793
2010020000	123511
2040020000	105598
2070020000	69359
2100020000	141721
2130020000	137570
2160020000	135712
2190020000	170290
2220020000	141283
2250020000	52654
2280020000	177822
2310020000	155273
2340020000	273298
2370020000	174792
2400020000	98513
2430020000	148565
2460020000	156102
2490020000	51702
2520020000	71455
2550020000	483042
2580020000	87801
2610020000	77408
2640020000	201934
2670020000	171438
2700020000	54170
2730020000	134117
2760020000	76087
2790020000	163965
2820020000	90814
2850020000	65926
2880020000	147849
2910020000	167352
2940020000	151504
2970020000	78308
3000020000	156670
3030020000	75873
3060020000	65923
3090020000	113364
3120020000	94001
3150020000	138448
3180020000	138957
3210020000	61775
3240020000	52185
3270020000	81570
3300020000	324652
3330020000	150014
3360020000	105956
3390020000	161988
3420020000	140261
3450020000	62371
3480020000	141072
3510020000	56261
3540020000	105649
3570020000	58350
3600020000	67384
3630020000	168476
3660020000	166253
3690020000	61194
3720020000	136325
3750020000	105884
3780020000	97088
3810020000	74768
3840020000	87393
3870020000	112396
3900020000	115408
3930020000	151124
3960020000	149864
3990020000	172735
4020020000	125482
4050020000	122461
4080020000	141085
4110020000	47306
4140020000	160140
4170020000	170604
4200020000	152105
4230020000	44422
4260020000	48716
4290020000	144133
4320020000	118293
4350020000	42483
4380020000	59577
4410020000	55438
4440020000	77986
4470020000	126845
4500020000	175974
4530020000	133986
4560020000	170005
4590020000	148771
4620020000	153930
4650020000	129753
4680020000	83805
4710020000	172916
4740020000	69429
4770020000	84783
4800020000	138754
4830020000	157578
4860020000	62710
4890020000	107418
4920020000	46265
4950020000	109751
4980020000	53738
5010020000	136815
5040020000	157631
5070020000	110632
5100020000	63758
5130020000	144510
5160020000	146674
5190020000	125108
5220020000	166328
5250020000	144853
5280020000	146747
5310020000	85587
5340020000	118080
5370020000	170234
5400020000	187217
5430020000	141945
5460020000	164352
5490020000	138529
5520020000	50166
5550020000	40317
5580020000	109519
5610020000	63265
5640020000	129950
5670020000	49933
5700020000	45904
5730020000	118170
5760020000	92263
5790020000	145476
5820020000	143650
5850020000	146808
5880020000	87869
5910020000	149140
5940020000	126748
5970020000	106523
6000020000	69197
6030020000	99321
6060020000	48049
6090020000	174550
6120020000	57773
6150020000	138514
6180020000	53202
6210020000	165525
6240020000	40771
6270020000	84295
6300020000	151458
6330020000	46013
6360020000	93249
6390020000	138783
6420020000	152139
6450020000	159637
6480020000	136823
6510020000	91504
6540020000	164676
6570020000	143740
6600020000	46821
6630020000	124426
6660020000	158278
6690020000	172467
6720020000	146129
6750020000	75748
6780020000	110825
6810020000	76828
6840020000	73144
6870020000	136108
6900020000	63019
6930020000	152174
6960020000	138827
6990020000	49363
7020020000	43340
7050020000	113943
7080020000	176166
7110020000	79098
7140020000	63228
7170020000	70031
7200020000	143388
7230020000	58194
7260020000	46825
7290020000	52451
7320020000	142063
7350020000	57358
7380020000	127004
7410020000	45309
7440020000	154515
7470020000	146897
7500020000	60959
7530020000	172778
7560020000	46752
7590020000	104721
7620020000	163147
7650020000	44678
7680020000	145176
7710020000	64146
7740020000	59085
7770020000	142635
7800020000	70528
7830020000	162522
7860020000	44991
7890020000	51494
7920020000	127344
7950020000	60074
7980020000	60894
8010020000	170283
8040020000	103116
8070020000	70163
8100020000	165867
8130020000	43755
8160020000	149927
8190020000	98670
8220020000	164112
8250020000	45905
8280020000	48519
8310020000	116689
8340020000	149012
8370020000	55551
8400020000	173283
8430020000	67607
8460020000	66368
8490020000	57883
8520020000	95535
8550020000	94225
8580020000	148906
8610020000	130744
8640020000	39687
8670020000	68244
8700020000	75434
8730020000	129486
8760020000	95593
8790020000	143186
8820020000	98745
8850020000	139064
8880020000	159768
8910020000	162288
8940020000	79421
8970020000	118077
9000020000	99249
9030020000	64941
9060020000	68109
9090020000	74775
9120020000	113829
9150020000	171989
9180020000	108995
9210020000	167071
9240020000	79466
9270020000	170003
9300020000	70981
9330020000	140825
9360020000	70977
9390020000	131100
9420020000	109979
9450020000	164190
9480020000	55558
9510020000	148557
9540020000	160693
9570020000	111837
9600020000	134777
9630020000	165193
9660020000	126117
9690020000	174535
9720020000	120838
9750020000	174535
9780020000	46886
9810020000	54629
9840020000	149646
9870020000	79587
9900020000	158975
9930020000	69933
9960020000	130852
9990020000	47281
10020020000	254112716
10050020000	224112716
10080020000	194112716
10110020000	164112716
10140020000	134112716
10170020000	104112716
10200020000	74112716
10230020000	44112716
10260020000	15984095
10290020000	107586
10320020000	99823
10350020000	125075
10380020000	210994
10410020000	117246
10440020000	170273
10470020000	134181
10500020000	169868
10530020000	136163
10560020000	204508
10590020000	180367
10620020000	196665
10650020000	133463
10680020000	123326
10710020000	121567
10740020000	164149
10770020000	183768
10800020000	127968
10830020000	200615
10860020000	146979
10890020000	167934
10920020000	176046
10950020000	142147
10980020000	161669
11010020000	114170
11040020000	163102
11070020000	169467
11100020000	184016
11130020000	110479
11160020000	128805
11190020000	149359
11220020000	171296
11250020000	149814
11280020000	175882
11310020000	104185
11340020000	165257
11370020000	125003
11400020000	136168
11430020000	117326
11460020000	143778
11490020000	215011
11520020000	159523
11550020000	166762
11580020000	160542
11610020000	166167
11640020000	84335
11670020000	138686
11700020000	183563
11730020000	242909
11760020000	211690
11790020000	174733
11820020000	147538
11850020000	145097
11880020000	200368
11910020000	133423
11940020000	176351
11970020000	181178
12000020000	102658
12030020000	186905
12060020000	188840
12090020000	208072
12120020000	147053
12150020000	173123
12180020000	158075
12210020000	195799
12240020000	185490
12270020000	191086
12300020000	140061
12330020000	186787
12360020000	184846
12390020000	91340
12420020000	166493
12450020000	92523
12480020000	97148
12510020000	85992
12540020000	146058
12570020000	187200
12600020000	193813
12630020000	141845
12660020000	126528
12690020000	173227
12720020000	211089
12750020000	141851
12780020000	218859
12810020000	214586
12840020000	204450
12870020000	132732
12900020000	162832
12930020000	99253
12960020000	194898
12990020000	205276
13020020000	135153
13050020000	215993
13080020000	188862
13110020000	168409
13140020000	222579
13170020000	214901
13200020000	158689
13230020000	107408
13260020000	93649
13290020000	155674
13320020000	152245
13350020000	146053
13380020000	185952
13410020000	95963
13440020000	168913
13470020000	133989
13500020000	140402
13530020000	136283
13560020000	184134
13590020000	178509
13620020000	94896
13650020000	117911
13680020000	123712
13710020000	212828
13740020000	217665
13770020000	87525
13800020000	173268
13830020000	153459
13860020000	161232
13890020000	100714
13920020000	161182
13950020000	136385
13980020000	199530
14010020000	162765
14040020000	147406
14070020000	174640
14100020000	226727
14130020000	105941
14160020000	139797
14190020000	122332
14220020000	159334
14250020000	184820
14280020000	238757
14310020000	114430
14340020000	207548
14370020000	191401
14400020000	119884
14430020000	149804
14460020000	163177
14490020000	193792
14520020000	179165
14550020000	112029
14580020000	173100
14610020000	173208
14640020000	198303
14670020000	91442
14700020000	156384
14730020000	108344
14760020000	123124
14790020000	173671
14820020000	215190
14850020000	147743
14880020000	180606
14910020000	127568
14940020000	204029
14970020000	140504
15000020000	190252
15030020000	215569
15060020000	126627
15090020000	189459
15120020000	93996
15150020000	167890
15180020000	142542
15210020000	180119
15240020000	81133
15270020000	96495
15300020000	201249
15330020000	141500
15360020000	152345
15390020000	80963
15420020000	113373
15450020000	172988
15480020000	195837
15510020000	208976
15540020000	199545
15570020000	223438
15600020000	146788
15630020000	138119
15660020000	210220
15690020000	198324
15720020000	204914
15750020000	194135
15780020000	137637
15810020000	201520
15840020000	153825
15870020000	179305
15900020000	115069
15930020000	128991
15960020000	139739
15990020000	114233
16020020000	227267
16050020000	212992
16080020000	95979
16110020000	178503
16140020000	142126
16170020000	207035
16200020000	191496
16230020000	158011
16260020000	118979
16290020000	208761
16320020000	212298
16350020000	209026
16380020000	164492
16410020000	130861
16440020000	155639
16470020000	109016
16500020000	112840
16530020000	179558
16560020000	169331
16590020000	171701
16620020000	123047
16650020000	168893
16680020000	163283
16710020000	145528
16740020000	148728
16770020000	211290
16800020000	100532
16830020000	162899
16860020000	131062
16890020000	203126
16920020000	105253
16950020000	118057
16980020000	172521
17010020000	204548
17040020000	134953
17070020000	185727
17100020000	150035
17130020000	185662
17160020000	90734
17190020000	209567
17220020000	152946
17250020000	152526
17280020000	112605
17310020000	169279
17340020000	207263
17370020000	94752
17400020000	122308
17430020000	156930
17460020000	141859
17490020000	208953
17520020000	188883
17550020000	189701
17580020000	161708
17610020000	152203
17640020000	190480
17670020000	184817
17700020000	213174
17730020000	214708
17760020000	198331
17790020000	203310
17820020000	159765
17850020000	99875
17880020000	139056
17910020000	194090
17940020000	216582
17970020000	120074
18000020000	191853
18030020000	132322
18060020000	177238
18090020000	143853
18120020000	190924
18150020000	218664
18180020000	157511
18210020000	183055
18240020000	188701
18270020000	160692
18300020000	207381
18330020000	192933
18360020000	173175
18390020000	117068
18420020000	181019
18450020000	188327
18480020000	211049
18510020000	162699
18540020000	186729
18570020000	134883
18600020000	139593
18630020000	156088
18660020000	177346
18690020000	102264
18720020000	115424
18750020000	213739
18780020000	192221
18810020000	130132
18840020000	98463
18870020000	98683
18900020000	163675
18930020000	211833
18960020000	128627
18990020000	184419
19020020000	145683
19050020000	143435
19080020000	118904
19110020000	102815
19140020000	103715
19170020000	196630
19200020000	172876
19230020000	202622
19260020000	192317
19290020000	193575
19320020000	176776
19350020000	163252
19380020000	188983
19410020000	100698
19440020000	130177
19470020000	131468
19500020000	103562
19530020000	189465
19560020000	200398
19590020000	144151
19620020000	175950
19650020000	207485
19680020000	204750
19710020000	205660
19740020000	155948
19770020000	185219
19800020000	152419
19830020000	162818
19860020000	86767
19890020000	117327
19920020000	217891
19950020000	162746
19980020000	180501
20010020000	516693
20040020000	1920853
20070020000	1529627
20100020000	793518
20130020000	639667
20160020000	236798
20190020000	2009937
20220020000	1872632
20250020000	2060358
20280020000	1616658
20310020000	1312937
20340020000	174161
20370020000	90339
20400020000	83017
20430020000	104602
20460020000	82933
20490020000	174285
20520020000	97931
20550020000	143176
20580020000	113762
20610020000	127331
20640020000	140622
20670020000	167821
20700020000	69052
20730020000	51940
20760020000	158044
20790020000	87239
20820020000	95654
20850020000	69624
20880020000	143250
20910020000	44644
20940020000	107510
20970020000	38646
21000020000	58067
21030020000	167498
21060020000	144049
21090020000	165953
21120020000	168918
21150020000	165851
21180020000	132572
21210020000	98415
21240020000	120102
21270020000	72557
21300020000	105306
21330020000	104456
21360020000	60847
21390020000	151693
21420020000	158735
21450020000	61010
21480020000	50165
21510020000	39821
21540020000	158510
21570020000	80416
21600020000	42953
21630020000	107711
21660020000	72851
21690020000	132349
21720020000	132860
21750020000	80796
21780020000	79634
21810020000	159006
21840020000	129601
21870020000	68571
21900020000	232051
21930020000	72642
21960020000	106425
21990020000	170018
22020020000	175891
22050020000	118693
22080020000	165986
22110020000	91518
22140020000	167541
22170020000	74871
22200020000	79513
22230020000	50139
22260020000	67648
22290020000	150148
22320020000	116490
22350020000	77510
22380020000	124546
22410020000	71986
22440020000	65974
22470020000	59036
22500020000	71126
22530020000	176202
22560020000	92531
22590020000	61949
22620020000	85081
22650020000	73446
22680020000	66541
22710020000	146514
22740020000	140804
22770020000	84107
22800020000	134974
22830020000	73036
22860020000	63193
22890020000	143088
22920020000	88523
22950020000	153676
22980020000	164800
23010020000	87698
23040020000	78941
23070020000	106949
23100020000	69862
23130020000	174707
23160020000	141095
23190020000	66284
23220020000	159937
23250020000	40002
23280020000	132378
23310020000	79414
23340020000	136984
23370020000	167821
23400020000	61741
23430020000	57898
23460020000	126519
23490020000	143997
23520020000	135574
23550020000	139197
23580020000	65900
23610020000	155617
23640020000	168132
23670020000	102800
23700020000	149606
23730020000	103740
23760020000	155006
23790020000	103261
23820020000	168471
23850020000	39471
23880020000	138050
23910020000	143716
23940020000	76590
23970020000	177276
24000020000	76765
24030020000	72666
24060020000	157157
24090020000	61145
24120020000	171120
24150020000	47352
24180020000	95953
24210020000	65929
24240020000	152011
24270020000	141788
24300020000	44316
24330020000	165759
24360020000	123693
24390020000	160577
24420020000	44215
24450020000	65433
24480020000	100348
24510020000	174016
24540020000	128915
24570020000	150197
24600020000	150781
24630020000	162492
24660020000	103399
24690020000	50180
24720020000	160031
24750020000	129285
24780020000	56017
24810020000	114364
24840020000	156778
24870020000	99510
24900020000	94048
24930020000	154576
24960020000	163627
24990020000	62783
25020020000	152923
25050020000	142138
25080020000	44191
25110020000	116238
25140020000	150839
25170020000	53165
25200020000	72890
25230020000	134299
25260020000	160570
25290020000	92463
25320020000	52154
25350020000	62513
25380020000	137193
25410020000	69115
25440020000	75288
25470020000	174340
25500020000	80040
25530020000	109490
25560020000	68145
25590020000	143898
25620020000	163858
25650020000	129188
25680020000	167572
25710020000	78959
25740020000	59371
25770020000	162662
25800020000	120707
25830020000	145151
25860020000	75238
25890020000	86756
25920020000	158702
25950020000	153657
25980020000	154722
26010020000	64977
26040020000	81250
26070020000	66662
26100020000	162250
26130020000	147202
26160020000	156065
26190020000	48207
26220020000	138232
26250020000	39629
26280020000	69629
26310020000	162772
26340020000	143362
26370020000	55939
26400020000	60776
26430020000	59779
26460020000	69881
26490020000	80964
26520020000	88248
26550020000	66242
26580020000	80348
26610020000	69972
26640020000	166465
26670020000	142026
26700020000	170843
26730020000	79111
26760020000	56039
26790020000	41762
26820020000	58066
26850020000	153844
26880020000	126631
26910020000	72601
26940020000	51321
26970020000	138975
27000020000	118318
27030020000	76284
27060020000	149899
27090020000	52587
27120020000	149165
27150020000	70172
27180020000	62011
27210020000	145220
27240020000	165896
27270020000	144229
27300020000	122775
27330020000	137230
27360020000	117150
27390020000	144857
27420020000	152941
27450020000	46913
27480020000	113487
27510020000	78533
27540020000	135636
27570020000	76222
27600020000	50730
27630020000	51455
27660020000	70938
27690020000	91402
27720020000	161000
27750020000	94006
27780020000	91311
27810020000	88496
27840020000	45820
27870020000	152579
27900020000	162007
27930020000	58560
27960020000	70628
27990020000	165440
28020020000	139108
28050020000	69784
28080020000	153211
28110020000	95411
28140020000	167317
28170020000	91600
28200020000	165839
28230020000	137750
28260020000	41516
28290020000	146283
28320020000	120139
28350020000	66626
28380020000	152481
28410020000	98954
28440020000	151481
28470020000	79575
28500020000	58957
28530020000	50453
28560020000	53493
28590020000	139633
28620020000	65288
28650020000	167136
28680020000	117560
28710020000	72656
28740020000	137407
28770020000	148641
28800020000	54896
28830020000	96959
28860020000	55892
28890020000	138336
28920020000	101245
28950020000	47509
28980020000	137609
29010020000	67549
29040020000	155300
29070020000	65130
29100020000	148328
29130020000	90259
29160020000	164619
29190020000	154551
29220020000	94692
29250020000	65012
29280020000	44185
29310020000	124982
29340020000	78853
29370020000	87732
29400020000	168346
29430020000	134626
29460020000	163280
29490020000	65712
29520020000	52060
29550020000	80297
29580020000	73168
29610020000	148338
29640020000	162657
29670020000	91579
29700020000	156974
29730020000	119584
29760020000	118623
29790020000	44527
29820020000	174914
29850020000	84763
29880020000	114001
29910020000	69009
29940020000	145610
29970020000	157573
