20000	729651
30020000	80942
60020000	49956
90020000	51170
120020000	182320
150020000	52077
180020000	173709
210020000	148762
240020000	141379
270020000	162389
300020000	88530
330020000	167090
360020000	54260
390020000	163306
420020000	98411
450020000	159219
480020000	101254
510020000	174246
540020000	160523
570020000	153698
600020000	67621
630020000	89765
660020000	150938
690020000	113001
720020000	85616
750020000	107554
780020000	164122
810020000	116494
840020000	117067
870020000	88969
900020000	131360
930020000	107131
960020000	157607
990020000	176749
1020020000	67951
1050020000	76912
1080020000	109905
1110020000	157040
1140020000	101954
1170020000	82506
1200020000	147280
1230020000	154824
1260020000	156585
1290020000	116691
1320020000	155890
1350020000	140930
1380020000	82776
1410020000	50243
1440020000	176792
1470020000	183379
1500020000	185038
1530020000	99172
1560020000	178568
1590020000	79041
1620020000	174810
1650020000	82002
1680020000	153923
1710020000	81556
1740020000	130414
1770020000	114751
1800020000	48534
1830020000	59772
1860020000	46149
1890020000	109345
1920020000	128248
1950020000	85791
1980020000	79635
2010020000	183279
2040020000	118717
2070020000	164070
2100020000	166456
2130020000	76341
2160020000	193517
2190020000	158615
2220020000	96458
2250020000	155727
2280020000	144256
2310020000	72916
2340020000	126605
2370020000	69371
2400020000	179991
2430020000	92665
2460020000	150130
2490020000	136803
2520020000	156513
2550020000	697257
2580020000	153509
2610020000	81101
2640020000	184793
2670020000	107714
2700020000	197098
2730020000	166435
2760020000	158730
2790020000	154543
2820020000	69158
2850020000	68587
2880020000	39265
2910020000	159493
2940020000	170641
2970020000	53203
3000020000	80558
3030020000	180647
3060020000	82215
3090020000	142346
3120020000	59892
3150020000	64019
3180020000	163507
3210020000	39244
3240020000	712401
3270020000	108641
3300020000	82310
3330020000	134615
3360020000	183458
3390020000	136053
3420020000	158172
3450020000	142752
3480020000	189336
3510020000	91140
3540020000	51122
3570020000	73165
3600020000	47273
3630020000	57973
3660020000	81784
3690020000	175791
3720020000	67947
3750020000	168761
3780020000	183352
3810020000	130313
3840020000	67659
3870020000	63356
3900020000	48505
3930020000	62984
3960020000	185756
3990020000	187499
4020020000	129629
4050020000	149229
4080020000	180617
4110020000	51611
4140020000	507816
4170020000	391299
4200020000	138301
4230020000	119706
4260020000	126883
4290020000	54109
4320020000	755198
4350020000	182927
4380020000	45593
4410020000	55343
4440020000	195768
4470020000	82296
4500020000	148190
4530020000	141579
4560020000	1030515
4590020000	76452
4620020000	167010
4650020000	167388
4680020000	88481
4710020000	498929
4740020000	80526
4770020000	177622
4800020000	108573
4830020000	142427
4860020000	66338
4890020000	100753
4920020000	51101
4950020000	106177
4980020000	134856
5010020000	177844
5040020000	65860
5070020000	123348
5100020000	137912
5130020000	83018
5160020000	106401
5190020000	87263
5220020000	106772
5250020000	77169
5280020000	709141
5310020000	125737
5340020000	46910
5370020000	650796
5400020000	173073
5430020000	222187
5460020000	86820
5490020000	117182
5520020000	56186
5550020000	190599
5580020000	51101
5610020000	160615
5640020000	115707
5670020000	182532
5700020000	74306
5730020000	151643
5760020000	166855
5790020000	80078
5820020000	44728
5850020000	409740
5880020000	40242
5910020000	158677
5940020000	106879
5970020000	79253
6000020000	62683
6030020000	343762
6060020000	159386
6090020000	149624
6120020000	76726
6150020000	134242
6180020000	139064
6210020000	142379
6240020000	117233
6270020000	136365
6300020000	110517
6330020000	65381
6360020000	64799
6390020000	109240
6420020000	166742
6450020000	154830
6480020000	53958
6510020000	163568
6540020000	153025
6570020000	107111
6600020000	128034
6630020000	77083
6660020000	173539
6690020000	65189
6720020000	117640
6750020000	45324
6780020000	135850
6810020000	136474
6840020000	133809
6870020000	108944
6900020000	121282
6930020000	73611
6960020000	158443
6990020000	156847
7020020000	163698
7050020000	147378
7080020000	176126
7110020000	89384
7140020000	66075
7170020000	269971
7200020000	95221
7230020000	150355
7260020000	174467
7290020000	613512
7320020000	50891
7350020000	57856
7380020000	72297
7410020000	157094
7440020000	143596
7470020000	163180
7500020000	91057
7530020000	50023
7560020000	136944
7590020000	108405
7620020000	59306
7650020000	154714
7680020000	97976
7710020000	119856
7740020000	148889
7770020000	149865
7800020000	75895
7830020000	62393
7860020000	52813
7890020000	95428
7920020000	119093
7950020000	101098
7980020000	134573
8010020000	116940
8040020000	75408
8070020000	176776
8100020000	187909
8130020000	117198
8160020000	85015
8190020000	68602
8220020000	122845
8250020000	139092
8280020000	47215
8310020000	63303
8340020000	153207
8370020000	132207
8400020000	66728
8430020000	149699
8460020000	138962
8490020000	141556
8520020000	114214
8550020000	195386
8580020000	183827
8610020000	49382
8640020000	174345
8670020000	106631
8700020000	69898
8730020000	139104
8760020000	89009
8790020000	144623
8820020000	177329
8850020000	42250
8880020000	140913
8910020000	161884
8940020000	173502
8970020000	68939
9000020000	174843
9030020000	77787
9060020000	155476
9090020000	156925
9120020000	136587
9150020000	65062
9180020000	66524
9210020000	163325
9240020000	161645
9270020000	143126
9300020000	175850
9330020000	132739
9360020000	84085
9390020000	157195
9420020000	131420
9450020000	44364
9480020000	41733
9510020000	123499
9540020000	62516
9570020000	45734
9600020000	168663
9630020000	139519
9660020000	169288
9690020000	115622
9720020000	158725
9750020000	153406
9780020000	165689
9810020000	107666
9840020000	95254
9870020000	53682
9900020000	155525
9930020000	49978
9960020000	56335
9990020000	171912
10020020000	591412064
10050020000	561412064
10080020000	531412064
10110020000	501412064
10140020000	471412064
10170020000	441412064
10200020000	411412064
10230020000	381412064
10260020000	351412064
10290020000	321412064
10320020000	291412064
10350020000	261412064
10380020000	231412064
10410020000	201412064
10440020000	171412064
10470020000	141412064
10500020000	111412064
10530020000	81412064
10560020000	51412064
10590020000	26341443
10620020000	175772
10650020000	217511
10680020000	191257
10710020000	184421
10740020000	82977
10770020000	89572
10800020000	192462
10830020000	158348
10860020000	264296
10890020000	198668
10920020000	235128
10950020000	181138
10980020000	160664
11010020000	146735
11040020000	193090
11070020000	199474
11100020000	94732
11130020000	126895
11160020000	136601
11190020000	99049
11220020000	148332
11250020000	209122
11280020000	168954
11310020000	224173
11340020000	200957
11370020000	195808
11400020000	179148
11430020000	173953
11460020000	114491
11490020000	191484
11520020000	156496
11550020000	163695
11580020000	141235
11610020000	229127
11640020000	215303
11670020000	225890
11700020000	187176
11730020000	157535
11760020000	158998
11790020000	181626
11820020000	177140
11850020000	191877
11880020000	173335
11910020000	198795
11940020000	178724
11970020000	195583
12000020000	445685
12030020000	218934
12060020000	220634
12090020000	181840
12120020000	138257
12150020000	195257
12180020000	191963
12210020000	149660
12240020000	97171
12270020000	153265
12300020000	198601
12330020000	188747
12360020000	147635
12390020000	108945
12420020000	149615
12450020000	146878
12480020000	182483
12510020000	136263
12540020000	108797
12570020000	127053
12600020000	211870
12630020000	140598
12660020000	128130
12690020000	146411
12720020000	174926
12750020000	148495
12780020000	210722
12810020000	197434
12840020000	183982
12870020000	148575
12900020000	201685
12930020000	147803
12960020000	163418
12990020000	179238
13020020000	170461
13050020000	192707
13080020000	157531
13110020000	217909
13140020000	163194
13170020000	115718
13200020000	186927
13230020000	127091
13260020000	204281
13290020000	154970
13320020000	222787
13350020000	149585
13380020000	160927
13410020000	175040
13440020000	181764
13470020000	233748
13500020000	165484
13530020000	161798
13560020000	134926
13590020000	133677
13620020000	205607
13650020000	137951
13680020000	153999
13710020000	104878
13740020000	132693
13770020000	212395
13800020000	113206
13830020000	216170
13860020000	193832
13890020000	222216
13920020000	144502
13950020000	148514
13980020000	117094
14010020000	154353
14040020000	223603
14070020000	180120
14100020000	212988
14130020000	179306
14160020000	164801
14190020000	221192
14220020000	171539
14250020000	150428
14280020000	211246
14310020000	114640
14340020000	146711
14370020000	198029
14400020000	184983
14430020000	107492
14460020000	128562
14490020000	153167
14520020000	197455
14550020000	190203
14580020000	120406
14610020000	124026
14640020000	117121
14670020000	122021
14700020000	196557
14730020000	151939
14760020000	192410
14790020000	215720
14820020000	116862
14850020000	113734
14880020000	200463
14910020000	136596
14940020000	162812
14970020000	125824
15000020000	197607
15030020000	95552
15060020000	130387
15090020000	173922
15120020000	110990
15150020000	206677
15180020000	141654
15210020000	179473
15240020000	179415
15270020000	83888
15300020000	194320
15330020000	214272
15360020000	148523
15390020000	207644
15420020000	160982
15450020000	215375
15480020000	180401
15510020000	200481
15540020000	211082
15570020000	119459
15600020000	164068
15630020000	117852
15660020000	145988
15690020000	182195
15720020000	132915
15750020000	201822
15780020000	199077
15810020000	171745
15840020000	208957
15870020000	221625
15900020000	136403
15930020000	137185
15960020000	137347
15990020000	148246
16020020000	164263
16050020000	160030
16080020000	104464
16110020000	219664
16140020000	119862
16170020000	163031
16200020000	166513
16230020000	136376
16260020000	204770
16290020000	134788
16320020000	119780
16350020000	186974
16380020000	154636
16410020000	188229
16440020000	95818
16470020000	163209
16500020000	145509
16530020000	197793
16560020000	209956
16590020000	208910
16620020000	109544
16650020000	176017
16680020000	169889
16710020000	146583
16740020000	194089
16770020000	88049
16800020000	166076
16830020000	101344
16860020000	135271
16890020000	149530
16920020000	159316
16950020000	154940
16980020000	85392
17010020000	201685
17040020000	138536
17070020000	103824
17100020000	123664
17130020000	131500
17160020000	88197
17190020000	155017
17220020000	226509
17250020000	174117
17280020000	122916
17310020000	168789
17340020000	190306
17370020000	184031
17400020000	175745
17430020000	179008
17460020000	216722
17490020000	96653
17520020000	127730
17550020000	183944
17580020000	120188
17610020000	142005
17640020000	207966
17670020000	188585
17700020000	130325
17730020000	156786
17760020000	155879
17790020000	224266
17820020000	106243
17850020000	189074
17880020000	134124
17910020000	196683
17940020000	171220
17970020000	148155
18000020000	165251
18030020000	192408
18060020000	151067
18090020000	188565
18120020000	198771
18150020000	210540
18180020000	166949
18210020000	201995
18240020000	211100
18270020000	113380
18300020000	195609
18330020000	194757
18360020000	128914
18390020000	204799
18420020000	114671
18450020000	141534
18480020000	177130
18510020000	187815
18540020000	116405
18570020000	225895
18600020000	207415
18630020000	214411
18660020000	207018
18690020000	154908
18720020000	158788
18750020000	132729
18780020000	180859
18810020000	164731
18840020000	192423
18870020000	158618
18900020000	98533
18930020000	168248
18960020000	196685
18990020000	167142
19020020000	132346
19050020000	214360
19080020000	161360
19110020000	204828
19140020000	119885
19170020000	221079
19200020000	182152
19230020000	170026
19260020000	135911
19290020000	129155
19320020000	116865
19350020000	202105
19380020000	149454
19410020000	205838
19440020000	174034
19470020000	192541
19500020000	179508
19530020000	132816
19560020000	169499
19590020000	170922
19620020000	221201
19650020000	169993
19680020000	179721
19710020000	163048
19740020000	216642
19770020000	171139
19800020000	102629
19830020000	110905
19860020000	150860
19890020000	142457
19920020000	201025
19950020000	185148
19980020000	148955
20010020000	2680523
20040020000	408780
20070020000	1686258
20100020000	3094815
20130020000	708873
20160020000	2928370
20190020000	709603
20220020000	2442404
20250020000	340390
20280020000	2236060
20310020000	3508752
20340020000	1573392
20370020000	3428749
20400020000	1169675
20430020000	3035560
20460020000	1249747
20490020000	3787371
20520020000	142543
20550020000	148972
20580020000	162747
20610020000	127239
20640020000	124045
20670020000	54895
20700020000	109913
20730020000	137190
20760020000	67006
20790020000	114169
20820020000	121261
20850020000	67777
20880020000	162712
20910020000	158621
20940020000	107467
20970020000	43532
21000020000	62534
21030020000	135135
21060020000	126309
21090020000	47919
21120020000	179755
21150020000	108452
21180020000	158106
21210020000	165472
21240020000	58055
21270020000	165078
21300020000	137871
21330020000	64864
21360020000	156014
21390020000	164251
21420020000	96364
21450020000	103315
21480020000	70194
21510020000	151847
21540020000	85463
21570020000	39002
21600020000	172135
21630020000	70671
21660020000	182895
21690020000	83187
21720020000	168384
21750020000	162593
21780020000	45737
21810020000	155883
21840020000	142328
21870020000	148404
21900020000	81997
21930020000	161484
21960020000	59879
21990020000	61090
22020020000	187284
22050020000	169137
22080020000	58076
22110020000	171071
22140020000	113325
22170020000	126867
22200020000	170774
22230020000	187351
22260020000	167689
22290020000	43139
22320020000	168673
22350020000	152705
22380020000	57810
22410020000	143823
22440020000	49102
22470020000	101557
22500020000	153051
22530020000	133371
22560020000	178659
22590020000	175860
22620020000	151871
22650020000	77397
22680020000	67244
22710020000	65074
22740020000	99589
22770020000	89357
22800020000	61779
22830020000	160917
22860020000	136857
22890020000	67148
22920020000	74075
22950020000	85034
22980020000	45914
23010020000	150662
23040020000	122207
23070020000	146304
23100020000	155570
23130020000	154500
23160020000	41779
23190020000	80607
23220020000	164710
23250020000	114149
23280020000	69486
23310020000	152439
23340020000	65281
23370020000	97329
23400020000	62031
23430020000	148919
23460020000	176711
23490020000	169674
23520020000	96357
23550020000	87435
23580020000	128233
23610020000	85319
23640020000	78708
23670020000	74333
23700020000	175003
23730020000	104571
23760020000	67104
23790020000	77558
23820020000	146447
23850020000	53169
23880020000	71256
23910020000	72369
23940020000	42075
23970020000	54926
24000020000	146520
24030020000	152628
24060020000	74586
24090020000	46801
24120020000	179397
24150020000	180099
24180020000	133563
24210020000	159603
24240020000	154934
24270020000	70341
24300020000	65261
24330020000	155076
24360020000	170330
24390020000	176428
24420020000	79100
24450020000	167267
24480020000	158508
24510020000	54145
24540020000	177681
24570020000	48465
24600020000	75673
24630020000	182280
24660020000	134305
24690020000	164877
24720020000	121015
24750020000	104276
24780020000	153701
24810020000	97476
24840020000	48636
24870020000	139544
24900020000	81100
24930020000	150957
24960020000	163286
24990020000	100637
25020020000	151853
25050020000	42821
25080020000	144077
25110020000	157781
25140020000	90907
25170020000	60712
25200020000	77054
25230020000	152441
25260020000	124790
25290020000	139295
25320020000	77935
25350020000	54973
25380020000	94988
25410020000	153869
25440020000	75217
25470020000	144924
25500020000	105625
25530020000	45262
25560020000	141301
25590020000	67994
25620020000	46016
25650020000	53835
25680020000	116756
25710020000	132399
25740020000	94835
25770020000	152134
25800020000	99409
25830020000	54662
25860020000	114773
25890020000	65643
25920020000	81448
25950020000	167618
25980020000	141296
26010020000	176977
26040020000	76070
26070020000	136348
26100020000	90963
26130020000	116565
26160020000	50556
26190020000	132331
26220020000	53536
26250020000	137305
26280020000	155792
26310020000	57881
26340020000	76225
26370020000	126738
26400020000	187984
26430020000	105081
26460020000	159134
26490020000	45331
26520020000	170792
26550020000	75468
26580020000	53375
26610020000	146842
26640020000	154800
26670020000	148554
26700020000	137914
26730020000	86344
26760020000	155026
26790020000	158372
26820020000	116485
26850020000	68946
26880020000	45743
26910020000	91426
26940020000	95115
26970020000	134282
27000020000	69541
27030020000	85974
27060020000	50009
27090020000	90235
27120020000	69873
27150020000	164577
27180020000	80425
27210020000	99993
27240020000	77297
27270020000	151036
27300020000	103691
27330020000	89179
27360020000	170085
27390020000	95900
27420020000	122959
27450020000	40620
27480020000	147753
27510020000	83038
27540020000	166819
27570020000	58196
27600020000	120890
27630020000	156784
27660020000	169120
27690020000	84855
27720020000	81782
27750020000	173386
27780020000	115802
27810020000	186940
27840020000	140946
27870020000	151296
27900020000	146700
27930020000	158307
27960020000	172887
27990020000	67563
28020020000	61791
28050020000	115328
28080020000	153263
28110020000	74058
28140020000	87611
28170020000	56580
28200020000	96993
28230020000	170903
28260020000	97560
28290020000	180844
28320020000	141688
28350020000	132709
28380020000	67846
28410020000	162630
28440020000	55674
28470020000	85208
28500020000	156794
28530020000	114061
28560020000	49170
28590020000	138468
28620020000	57975
28650020000	127827
28680020000	55416
28710020000	91549
28740020000	128066
28770020000	90849
28800020000	153787
28830020000	161515
28860020000	42559
28890020000	81762
28920020000	153326
28950020000	140400
28980020000	169190
29010020000	140418
29040020000	157912
29070020000	141303
29100020000	45215
29130020000	171297
29160020000	162364
29190020000	79493
29220020000	71905
29250020000	146930
29280020000	176526
29310020000	88376
29340020000	70927
29370020000	100549
29400020000	159402
29430020000	169701
29460020000	141471
29490020000	68840
29520020000	88733
29550020000	61008
29580020000	54164
29610020000	77007
29640020000	74275
29670020000	181999
29700020000	152052
29730020000	118269
29760020000	61935
29790020000	41282
29820020000	109251
29850020000	135764
29880020000	69835
29910020000	96490
29940020000	158642
29970020000	175386
