args: Args { inner: ["target/release/examples/word_count", "10", "100000", "5120000", "open-loop", "-n", "2", "-p", "1", "-w", "1"] }
rounds: 10, batch: 100000, keys: 5120000, open_loop: true
worker 00:	36402	152700	2174145677	2474065677	(of 1500000 measurements)
00	latency	20000	779803
00	latency	30020000	155263
00	latency	60020000	99039
00	latency	90020000	67697
00	latency	120020000	155560
00	latency	150020000	85989
00	latency	180020000	177937
00	latency	210020000	148383
00	latency	240020000	80833
00	latency	270020000	79219
00	latency	300020000	65603
00	latency	330020000	153898
00	latency	360020000	142624
00	latency	390020000	132621
00	latency	420020000	62554
00	latency	450020000	150977
00	latency	480020000	149734
00	latency	510020000	91706
00	latency	540020000	140657
00	latency	570020000	145456
00	latency	600020000	175869
00	latency	630020000	58991
00	latency	660020000	70934
00	latency	690020000	168017
00	latency	720020000	190019
00	latency	750020000	172787
00	latency	780020000	139322
00	latency	810020000	76794
00	latency	840020000	157265
00	latency	870020000	58088
00	latency	900020000	67778
00	latency	930020000	83117
00	latency	960020000	153362
00	latency	990020000	176810
00	latency	1020020000	181758
00	latency	1050020000	158155
00	latency	1080020000	67025
00	latency	1110020000	153035
00	latency	1140020000	162760
00	latency	1170020000	165449
00	latency	1200020000	162596
00	latency	1230020000	140352
00	latency	1260020000	167454
00	latency	1290020000	145025
00	latency	1320020000	110426
00	latency	1350020000	114329
00	latency	1380020000	175436
00	latency	1410020000	168988
00	latency	1440020000	141922
00	latency	1470020000	122350
00	latency	1500020000	50604
00	latency	1530020000	175456
00	latency	1560020000	89188
00	latency	1590020000	95162
00	latency	1620020000	63446
00	latency	1650020000	72511
00	latency	1680020000	152848
00	latency	1710020000	72129
00	latency	1740020000	188746
00	latency	1770020000	108621
00	latency	1800020000	100454
00	latency	1830020000	152489
00	latency	1860020000	116251
00	latency	1890020000	167757
00	latency	1920020000	104718
00	latency	1950020000	170440
00	latency	1980020000	116071
00	latency	2010020000	169341
00	latency	2040020000	60536
00	latency	2070020000	150314
00	latency	2100020000	119322
00	latency	2130020000	92195
00	latency	2160020000	102088
00	latency	2190020000	56118
00	latency	2220020000	100479
00	latency	2250020000	59713
00	latency	2280020000	40765
00	latency	2310020000	195061
00	latency	2340020000	79294
00	latency	2370020000	62427
00	latency	2400020000	165683
00	latency	2430020000	80396
00	latency	2460020000	181168
00	latency	2490020000	68068
00	latency	2520020000	78982
00	latency	2550020000	75809
00	latency	2580020000	49117
00	latency	2610020000	73159
00	latency	2640020000	123270
00	latency	2670020000	166355
00	latency	2700020000	44994
00	latency	2730020000	149832
00	latency	2760020000	64400
00	latency	2790020000	58743
00	latency	2820020000	73459
00	latency	2850020000	165762
00	latency	2880020000	144786
00	latency	2910020000	140134
00	latency	2940020000	69121
00	latency	2970020000	39620
00	latency	3000020000	134846
00	latency	3030020000	160043
00	latency	3060020000	64787
00	latency	3090020000	171360
00	latency	3120020000	83878
00	latency	3150020000	177074
00	latency	3180020000	155405
00	latency	3210020000	182736
00	latency	3240020000	72794
00	latency	3270020000	79962
00	latency	3300020000	175725
00	latency	3330020000	180948
00	latency	3360020000	173975
00	latency	3390020000	100656
00	latency	3420020000	160321
00	latency	3450020000	51477
00	latency	3480020000	177033
00	latency	3510020000	88431
00	latency	3540020000	177802
00	latency	3570020000	153024
00	latency	3600020000	75713
00	latency	3630020000	48344
00	latency	3660020000	78200
00	latency	3690020000	152949
00	latency	3720020000	144224
00	latency	3750020000	49973
00	latency	3780020000	62838
00	latency	3810020000	173407
00	latency	3840020000	127375
00	latency	3870020000	153936
00	latency	3900020000	130947
00	latency	3930020000	94985
00	latency	3960020000	184689
00	latency	3990020000	110917
00	latency	4020020000	142622
00	latency	4050020000	63866
00	latency	4080020000	85517
00	latency	4110020000	60273
00	latency	4140020000	56021
00	latency	4170020000	152024
00	latency	4200020000	68965
00	latency	4230020000	150259
00	latency	4260020000	128514
00	latency	4290020000	57683
00	latency	4320020000	78451
00	latency	4350020000	48168
00	latency	4380020000	83161
00	latency	4410020000	130182
00	latency	4440020000	70930
00	latency	4470020000	152736
00	latency	4500020000	92232
00	latency	4530020000	157144
00	latency	4560020000	192206
00	latency	4590020000	145271
00	latency	4620020000	134128
00	latency	4650020000	48571
00	latency	4680020000	50937
00	latency	4710020000	129877
00	latency	4740020000	160232
00	latency	4770020000	68121
00	latency	4800020000	54823
00	latency	4830020000	148596
00	latency	4860020000	145534
00	latency	4890020000	119503
00	latency	4920020000	127863
00	latency	4950020000	73431
00	latency	4980020000	113176
00	latency	5010020000	150256
00	latency	5040020000	171116
00	latency	5070020000	177872
00	latency	5100020000	82966
00	latency	5130020000	193753
00	latency	5160020000	63796
00	latency	5190020000	95885
00	latency	5220020000	44262
00	latency	5250020000	137669
00	latency	5280020000	50137
00	latency	5310020000	94856
00	latency	5340020000	169313
00	latency	5370020000	152227
00	latency	5400020000	75711
00	latency	5430020000	138953
00	latency	5460020000	70133
00	latency	5490020000	95041
00	latency	5520020000	81844
00	latency	5550020000	154739
00	latency	5580020000	143907
00	latency	5610020000	135894
00	latency	5640020000	150025
00	latency	5670020000	76738
00	latency	5700020000	72622
00	latency	5730020000	189286
00	latency	5760020000	147937
00	latency	5790020000	168469
00	latency	5820020000	71524
00	latency	5850020000	188967
00	latency	5880020000	54450
00	latency	5910020000	120983
00	latency	5940020000	54770
00	latency	5970020000	80073
00	latency	6000020000	96756
00	latency	6030020000	84438
00	latency	6060020000	89516
00	latency	6090020000	177362
00	latency	6120020000	103815
00	latency	6150020000	160190
00	latency	6180020000	176647
00	latency	6210020000	145556
00	latency	6240020000	141212
00	latency	6270020000	92435
00	latency	6300020000	101842
00	latency	6330020000	60516
00	latency	6360020000	151418
00	latency	6390020000	210982
00	latency	6420020000	48362
00	latency	6450020000	122801
00	latency	6480020000	120594
00	latency	6510020000	187715
00	latency	6540020000	176838
00	latency	6570020000	60953
00	latency	6600020000	91265
00	latency	6630020000	66135
00	latency	6660020000	49452
00	latency	6690020000	137084
00	latency	6720020000	173026
00	latency	6750020000	177041
00	latency	6780020000	172742
00	latency	6810020000	39598
00	latency	6840020000	44598
00	latency	6870020000	91547
00	latency	6900020000	195470
00	latency	6930020000	181491
00	latency	6960020000	125770
00	latency	6990020000	174223
00	latency	7020020000	200104
00	latency	7050020000	44351
00	latency	7080020000	193598
00	latency	7110020000	88807
00	latency	7140020000	86391
00	latency	7170020000	133570
00	latency	7200020000	164786
00	latency	7230020000	142854
00	latency	7260020000	99747
00	latency	7290020000	49013
00	latency	7320020000	48908
00	latency	7350020000	180109
00	latency	7380020000	145516
00	latency	7410020000	173897
00	latency	7440020000	105034
00	latency	7470020000	114782
00	latency	7500020000	63610
00	latency	7530020000	174300
00	latency	7560020000	148814
00	latency	7590020000	94326
00	latency	7620020000	159588
00	latency	7650020000	106124
00	latency	7680020000	166965
00	latency	7710020000	182302
00	latency	7740020000	182176
00	latency	7770020000	39552
00	latency	7800020000	118323
00	latency	7830020000	169494
00	latency	7860020000	69394
00	latency	7890020000	55242
00	latency	7920020000	172393
00	latency	7950020000	79787
00	latency	7980020000	63204
00	latency	8010020000	147266
00	latency	8040020000	66350
00	latency	8070020000	187750
00	latency	8100020000	138011
00	latency	8130020000	200865
00	latency	8160020000	72064
00	latency	8190020000	150389
00	latency	8220020000	153216
00	latency	8250020000	168592
00	latency	8280020000	109502
00	latency	8310020000	53202
00	latency	8340020000	72345
00	latency	8370020000	185811
00	latency	8400020000	188652
00	latency	8430020000	159719
00	latency	8460020000	169616
00	latency	8490020000	107615
00	latency	8520020000	83960
00	latency	8550020000	180755
00	latency	8580020000	51108
00	latency	8610020000	134062
00	latency	8640020000	67294
00	latency	8670020000	121103
00	latency	8700020000	190143
00	latency	8730020000	161727
00	latency	8760020000	73347
00	latency	8790020000	74892
00	latency	8820020000	48391
00	latency	8850020000	56788
00	latency	8880020000	102685
00	latency	8910020000	98475
00	latency	8940020000	149194
00	latency	8970020000	120976
00	latency	9000020000	94544
00	latency	9030020000	89194
00	latency	9060020000	141934
00	latency	9090020000	77432
00	latency	9120020000	174333
00	latency	9150020000	83366
00	latency	9180020000	164506
00	latency	9210020000	148601
00	latency	9240020000	63125
00	latency	9270020000	166698
00	latency	9300020000	47095
00	latency	9330020000	182528
00	latency	9360020000	55782
00	latency	9390020000	179318
00	latency	9420020000	169358
00	latency	9450020000	55736
00	latency	9480020000	172908
00	latency	9510020000	173330
00	latency	9540020000	138337
00	latency	9570020000	77039
00	latency	9600020000	87287
00	latency	9630020000	53746
00	latency	9660020000	150963
00	latency	9690020000	141325
00	latency	9720020000	162283
00	latency	9750020000	191502
00	latency	9780020000	159669
00	latency	9810020000	78404
00	latency	9840020000	84669
00	latency	9870020000	75120
00	latency	9900020000	64283
00	latency	9930020000	126237
00	latency	9960020000	193348
00	latency	9990020000	81025
00	latency	10020020000	2454085677
00	latency	10050020000	2424085677
00	latency	10080020000	2394085677
00	latency	10110020000	2364085677
00	latency	10140020000	2334085677
00	latency	10170020000	2304085677
00	latency	10200020000	2274085677
00	latency	10230020000	2244085677
00	latency	10260020000	2214085677
00	latency	10290020000	2184085677
00	latency	10320020000	2154085677
00	latency	10350020000	2124085677
00	latency	10380020000	2094085677
00	latency	10410020000	2064085677
00	latency	10440020000	2034085677
00	latency	10470020000	2004085677
00	latency	10500020000	1974085677
00	latency	10530020000	1944085677
00	latency	10560020000	1914085677
00	latency	10590020000	1884085677
00	latency	10620020000	1854085677
00	latency	10650020000	1824085677
00	latency	10680020000	1794085677
00	latency	10710020000	1764085677
00	latency	10740020000	1734085677
00	latency	10770020000	1704085677
00	latency	10800020000	1674085677
00	latency	10830020000	1644085677
00	latency	10860020000	1614085677
00	latency	10890020000	1584085677
00	latency	10920020000	1554085677
00	latency	10950020000	1524085677
00	latency	10980020000	1494085677
00	latency	11010020000	1464085677
00	latency	11040020000	1434085677
00	latency	11070020000	1404085677
00	latency	11100020000	1374085677
00	latency	11130020000	1344085677
00	latency	11160020000	1314085677
00	latency	11190020000	1284085677
00	latency	11220020000	1254085677
00	latency	11250020000	1224085677
00	latency	11280020000	1194085677
00	latency	11310020000	1164085677
00	latency	11340020000	1134085677
00	latency	11370020000	1104085677
00	latency	11400020000	1074085677
00	latency	11430020000	1044085677
00	latency	11460020000	1014085677
00	latency	11490020000	984085677
00	latency	11520020000	954085677
00	latency	11550020000	924085677
00	latency	11580020000	894085677
00	latency	11610020000	864085677
00	latency	11640020000	834085677
00	latency	11670020000	804085677
00	latency	11700020000	774085677
00	latency	11730020000	744085677
00	latency	11760020000	714085677
00	latency	11790020000	684085677
00	latency	11820020000	654085677
00	latency	11850020000	624085677
00	latency	11880020000	594085677
00	latency	11910020000	564085677
00	latency	11940020000	534085677
00	latency	11970020000	504085677
00	latency	12000020000	474085677
00	latency	12030020000	444085677
00	latency	12060020000	414085677
00	latency	12090020000	384085677
00	latency	12120020000	354085677
00	latency	12150020000	324085677
00	latency	12180020000	294085677
00	latency	12210020000	264085677
00	latency	12240020000	257212469
00	latency	12270020000	227212469
00	latency	12300020000	197212469
00	latency	12330020000	167212469
00	latency	12360020000	137212469
00	latency	12390020000	107212469
00	latency	12420020000	77212469
00	latency	12450020000	47212469
00	latency	12480020000	19585470
00	latency	12510020000	181523
00	latency	12540020000	140135
00	latency	12570020000	226014
00	latency	12600020000	210095
00	latency	12630020000	154400
00	latency	12660020000	226170
00	latency	12690020000	110148
00	latency	12720020000	148622
00	latency	12750020000	215279
00	latency	12780020000	159093
00	latency	12810020000	175826
00	latency	12840020000	109635
00	latency	12870020000	146462
00	latency	12900020000	222023
00	latency	12930020000	190312
00	latency	12960020000	216688
00	latency	12990020000	191487
00	latency	13020020000	215877
00	latency	13050020000	213978
00	latency	13080020000	236570
00	latency	13110020000	198820
00	latency	13140020000	196782
00	latency	13170020000	113114
00	latency	13200020000	161998
00	latency	13230020000	103311
00	latency	13260020000	165252
00	latency	13290020000	98801
00	latency	13320020000	212479
00	latency	13350020000	226119
00	latency	13380020000	83490
00	latency	13410020000	221202
00	latency	13440020000	210130
00	latency	13470020000	107397
00	latency	13500020000	201050
00	latency	13530020000	216627
00	latency	13560020000	188097
00	latency	13590020000	199244
00	latency	13620020000	189680
00	latency	13650020000	191488
00	latency	13680020000	206565
00	latency	13710020000	178114
00	latency	13740020000	219408
00	latency	13770020000	251651
00	latency	13800020000	104483
00	latency	13830020000	149201
00	latency	13860020000	138567
00	latency	13890020000	223060
00	latency	13920020000	205495
00	latency	13950020000	138471
00	latency	13980020000	183454
00	latency	14010020000	180577
00	latency	14040020000	219221
00	latency	14070020000	181847
00	latency	14100020000	145227
00	latency	14130020000	167529
00	latency	14160020000	197076
00	latency	14190020000	194858
00	latency	14220020000	164337
00	latency	14250020000	177909
00	latency	14280020000	106792
00	latency	14310020000	215834
00	latency	14340020000	197772
00	latency	14370020000	212075
00	latency	14400020000	179046
00	latency	14430020000	226032
00	latency	14460020000	123860
00	latency	14490020000	172298
00	latency	14520020000	217939
00	latency	14550020000	198846
00	latency	14580020000	582377
00	latency	14610020000	189402
00	latency	14640020000	203262
00	latency	14670020000	189328
00	latency	14700020000	173666
00	latency	14730020000	206790
00	latency	14760020000	181288
00	latency	14790020000	173955
00	latency	14820020000	159926
00	latency	14850020000	159228
00	latency	14880020000	209518
00	latency	14910020000	1538667
00	latency	14940020000	148453
00	latency	14970020000	157405
00	latency	15000020000	207335
00	latency	15030020000	200361
00	latency	15060020000	108703
00	latency	15090020000	258760
00	latency	15120020000	162834
00	latency	15150020000	108013
00	latency	15180020000	190291
00	latency	15210020000	207788
00	latency	15240020000	107099
00	latency	15270020000	133995
00	latency	15300020000	239476
00	latency	15330020000	226394
00	latency	15360020000	88836
00	latency	15390020000	188751
00	latency	15420020000	215423
00	latency	15450020000	190082
00	latency	15480020000	217006
00	latency	15510020000	211947
00	latency	15540020000	144684
00	latency	15570020000	221597
00	latency	15600020000	212911
00	latency	15630020000	132890
00	latency	15660020000	211734
00	latency	15690020000	98522
00	latency	15720020000	196226
00	latency	15750020000	225089
00	latency	15780020000	225780
00	latency	15810020000	174493
00	latency	15840020000	203208
00	latency	15870020000	203649
00	latency	15900020000	205042
00	latency	15930020000	143350
00	latency	15960020000	253593
00	latency	15990020000	125317
00	latency	16020020000	136514
00	latency	16050020000	200739
00	latency	16080020000	183790
00	latency	16110020000	179985
00	latency	16140020000	238269
00	latency	16170020000	166391
00	latency	16200020000	220426
00	latency	16230020000	190973
00	latency	16260020000	168535
00	latency	16290020000	170144
00	latency	16320020000	106274
00	latency	16350020000	226238
00	latency	16380020000	195022
00	latency	16410020000	1238201
00	latency	16440020000	1784024
00	latency	16470020000	101658
00	latency	16500020000	128654
00	latency	16530020000	154302
00	latency	16560020000	217523
00	latency	16590020000	189011
00	latency	16620020000	106583
00	latency	16650020000	216232
00	latency	16680020000	206489
00	latency	16710020000	183161
00	latency	16740020000	81118
00	latency	16770020000	165001
00	latency	16800020000	2471917
00	latency	16830020000	213920
00	latency	16860020000	122751
00	latency	16890020000	196840
00	latency	16920020000	203995
00	latency	16950020000	247533
00	latency	16980020000	176330
00	latency	17010020000	198598
00	latency	17040020000	63271
00	latency	17070020000	178902
00	latency	17100020000	218729
00	latency	17130020000	2259476
00	latency	17160020000	184178
00	latency	17190020000	203866
00	latency	17220020000	141245
00	latency	17250020000	194217
00	latency	17280020000	153928
00	latency	17310020000	249328
00	latency	17340020000	110452
00	latency	17370020000	101193
00	latency	17400020000	372031
00	latency	17430020000	219437
00	latency	17460020000	115872
00	latency	17490020000	247556
00	latency	17520020000	220840
00	latency	17550020000	208324
00	latency	17580020000	137568
00	latency	17610020000	95614
00	latency	17640020000	1755611
00	latency	17670020000	151055
00	latency	17700020000	172869
00	latency	17730020000	240066
00	latency	17760020000	105680
00	latency	17790020000	178974
00	latency	17820020000	221656
00	latency	17850020000	175074
00	latency	17880020000	242104
00	latency	17910020000	161465
00	latency	17940020000	216826
00	latency	17970020000	237729
00	latency	18000020000	181291
00	latency	18030020000	169148
00	latency	18060020000	194069
00	latency	18090020000	300085
00	latency	18120020000	154147
00	latency	18150020000	154411
00	latency	18180020000	143478
00	latency	18210020000	1388197
00	latency	18240020000	2166318
00	latency	18270020000	150957
00	latency	18300020000	190143
00	latency	18330020000	191272
00	latency	18360020000	627849
00	latency	18390020000	181616
00	latency	18420020000	2026941
00	latency	18450020000	125545
00	latency	18480020000	207645
00	latency	18510020000	164925
00	latency	18540020000	174948
00	latency	18570020000	2461994
00	latency	18600020000	159929
00	latency	18630020000	187501
00	latency	18660020000	195494
00	latency	18690020000	184701
00	latency	18720020000	215158
00	latency	18750020000	150695
00	latency	18780020000	160017
00	latency	18810020000	195126
00	latency	18840020000	2430711
00	latency	18870020000	219474
00	latency	18900020000	107437
00	latency	18930020000	161258
00	latency	18960020000	206221
00	latency	18990020000	215677
00	latency	19020020000	172017
00	latency	19050020000	203690
00	latency	19080020000	165385
00	latency	19110020000	175525
00	latency	19140020000	176812
00	latency	19170020000	130936
00	latency	19200020000	220074
00	latency	19230020000	180891
00	latency	19260020000	155557
00	latency	19290020000	179555
00	latency	19320020000	182319
00	latency	19350020000	356111
00	latency	19380020000	169669
00	latency	19410020000	178228
00	latency	19440020000	92966
00	latency	19470020000	2688493
00	latency	19500020000	2010665
00	latency	19530020000	219638
00	latency	19560020000	269680
00	latency	19590020000	116858
00	latency	19620020000	2183097
00	latency	19650020000	149213
00	latency	19680020000	149338
00	latency	19710020000	161123
00	latency	19740020000	151069
00	latency	19770020000	152266
00	latency	19800020000	180489
00	latency	19830020000	149670
00	latency	19860020000	211038
00	latency	19890020000	172086
00	latency	19920020000	198485
00	latency	19950020000	159697
00	latency	19980020000	176374
00	latency	20010020000	6769581
00	latency	20040020000	1002542
00	latency	20070020000	9020478
00	latency	20100020000	13396390
00	latency	20130020000	11898665
00	latency	20160020000	9228368
00	latency	20190020000	2809715
00	latency	20220020000	2191453
00	latency	20250020000	11580127
00	latency	20280020000	10310679
00	latency	20310020000	7072596
00	latency	20340020000	5974493
00	latency	20370020000	424530
00	latency	20400020000	7598113
00	latency	20430020000	1150658
00	latency	20460020000	475262
00	latency	20490020000	14039322
00	latency	20520020000	658591
00	latency	20550020000	11254271
00	latency	20580020000	8247836
00	latency	20610020000	6755175
00	latency	20640020000	6727743
00	latency	20670020000	7537436
00	latency	20700020000	4101870
00	latency	20730020000	3837231
00	latency	20760020000	3892239
00	latency	20790020000	887367
00	latency	20820020000	11363517
00	latency	20850020000	7769373
00	latency	20880020000	3360709
00	latency	20910020000	508241
00	latency	20940020000	13023168
00	latency	20970020000	11253729
00	latency	21000020000	677513
00	latency	21030020000	10094207
00	latency	21060020000	8412174
00	latency	21090020000	4873022
00	latency	21120020000	2017303
00	latency	21150020000	1237490
00	latency	21180020000	2898152
00	latency	21210020000	10475971
00	latency	21240020000	4248740
00	latency	21270020000	1200807
00	latency	21300020000	7511494
00	latency	21330020000	6327299
00	latency	21360020000	9775463
00	latency	21390020000	6883019
00	latency	21420020000	3785043
00	latency	21450020000	994580
00	latency	21480020000	6816791
00	latency	21510020000	2877253
00	latency	21540020000	4219143
00	latency	21570020000	1467080
00	latency	21600020000	12727276
00	latency	21630020000	10093734
00	latency	21660020000	3895094
00	latency	21690020000	13095280
00	latency	21720020000	9825121
00	latency	21750020000	4168785
00	latency	21780020000	51665
00	latency	21810020000	67803
00	latency	21840020000	132578
00	latency	21870020000	117546
00	latency	21900020000	91011
00	latency	21930020000	61061
00	latency	21960020000	58992
00	latency	21990020000	178443
00	latency	22020020000	45745
00	latency	22050020000	90646
00	latency	22080020000	228893
00	latency	22110020000	54551
00	latency	22140020000	75581
00	latency	22170020000	63285
00	latency	22200020000	100401
00	latency	22230020000	84694
00	latency	22260020000	93865
00	latency	22290020000	54373
00	latency	22320020000	135692
00	latency	22350020000	58439
00	latency	22380020000	55952
00	latency	22410020000	93089
00	latency	22440020000	151024
00	latency	22470020000	64351
00	latency	22500020000	1383252
00	latency	22530020000	120377
00	latency	22560020000	95471
00	latency	22590020000	175570
00	latency	22620020000	66925
00	latency	22650020000	232889
00	latency	22680020000	126914
00	latency	22710020000	92038
00	latency	22740020000	162695
00	latency	22770020000	134672
00	latency	22800020000	141506
00	latency	22830020000	163755
00	latency	22860020000	69715
00	latency	22890020000	175853
00	latency	22920020000	109984
00	latency	22950020000	173807
00	latency	22980020000	74903
00	latency	23010020000	106795
00	latency	23040020000	65000
00	latency	23070020000	88580
00	latency	23100020000	52581
00	latency	23130020000	125422
00	latency	23160020000	151979
00	latency	23190020000	51683
00	latency	23220020000	48331
00	latency	23250020000	108034
00	latency	23280020000	167050
00	latency	23310020000	101002
00	latency	23340020000	60030
00	latency	23370020000	180268
00	latency	23400020000	69781
00	latency	23430020000	80016
00	latency	23460020000	63702
00	latency	23490020000	160935
00	latency	23520020000	69370
00	latency	23550020000	62657
00	latency	23580020000	119530
00	latency	23610020000	144692
00	latency	23640020000	119050
00	latency	23670020000	128178
00	latency	23700020000	91285
00	latency	23730020000	157456
00	latency	23760020000	121991
00	latency	23790020000	57612
00	latency	23820020000	161821
00	latency	23850020000	110859
00	latency	23880020000	142052
00	latency	23910020000	63258
00	latency	23940020000	173271
00	latency	23970020000	80763
00	latency	24000020000	136931
00	latency	24030020000	79430
00	latency	24060020000	45933
00	latency	24090020000	147149
00	latency	24120020000	72693
00	latency	24150020000	106930
00	latency	24180020000	74644
00	latency	24210020000	59768
00	latency	24240020000	166548
00	latency	24270020000	83801
00	latency	24300020000	40771
00	latency	24330020000	51852
00	latency	24360020000	98267
00	latency	24390020000	150208
00	latency	24420020000	88078
00	latency	24450020000	110465
00	latency	24480020000	51292
00	latency	24510020000	139874
00	latency	24540020000	71469
00	latency	24570020000	46699
00	latency	24600020000	66564
00	latency	24630020000	117966
00	latency	24660020000	160477
00	latency	24690020000	93597
00	latency	24720020000	185428
00	latency	24750020000	166571
00	latency	24780020000	72873
00	latency	24810020000	136274
00	latency	24840020000	166180
00	latency	24870020000	163704
00	latency	24900020000	60606
00	latency	24930020000	58034
00	latency	24960020000	111508
00	latency	24990020000	147585
00	latency	25020020000	158021
00	latency	25050020000	53216
00	latency	25080020000	42976
00	latency	25110020000	72339
00	latency	25140020000	49113
00	latency	25170020000	95739
00	latency	25200020000	178580
00	latency	25230020000	84931
00	latency	25260020000	150789
00	latency	25290020000	59274
00	latency	25320020000	166388
00	latency	25350020000	53357
00	latency	25380020000	68366
00	latency	25410020000	70430
00	latency	25440020000	61516
00	latency	25470020000	119980
00	latency	25500020000	78490
00	latency	25530020000	160328
00	latency	25560020000	139597
00	latency	25590020000	142226
00	latency	25620020000	162691
00	latency	25650020000	85354
00	latency	25680020000	80014
00	latency	25710020000	73098
00	latency	25740020000	136262
00	latency	25770020000	139120
00	latency	25800020000	156476
00	latency	25830020000	167406
00	latency	25860020000	81224
00	latency	25890020000	156908
00	latency	25920020000	46986
00	latency	25950020000	112190
00	latency	25980020000	53791
00	latency	26010020000	75699
00	latency	26040020000	143743
00	latency	26070020000	65648
00	latency	26100020000	45731
00	latency	26130020000	147895
00	latency	26160020000	79049
00	latency	26190020000	55307
00	latency	26220020000	165715
00	latency	26250020000	49092
00	latency	26280020000	156382
00	latency	26310020000	61887
00	latency	26340020000	82355
00	latency	26370020000	64056
00	latency	26400020000	176871
00	latency	26430020000	48921
00	latency	26460020000	72124
00	latency	26490020000	174007
00	latency	26520020000	64006
00	latency	26550020000	102954
00	latency	26580020000	40218
00	latency	26610020000	44814
00	latency	26640020000	64976
00	latency	26670020000	153723
00	latency	26700020000	64772
00	latency	26730020000	97945
00	latency	26760020000	102945
00	latency	26790020000	64441
00	latency	26820020000	162859
00	latency	26850020000	163783
00	latency	26880020000	48526
00	latency	26910020000	89089
00	latency	26940020000	65905
00	latency	26970020000	65806
00	latency	27000020000	135416
00	latency	27030020000	131653
00	latency	27060020000	75523
00	latency	27090020000	94667
00	latency	27120020000	54848
00	latency	27150020000	64903
00	latency	27180020000	80756
00	latency	27210020000	74440
00	latency	27240020000	110078
00	latency	27270020000	134630
00	latency	27300020000	61244
00	latency	27330020000	167106
00	latency	27360020000	59854
00	latency	27390020000	75265
00	latency	27420020000	131971
00	latency	27450020000	173588
00	latency	27480020000	167696
00	latency	27510020000	67829
00	latency	27540020000	60936
00	latency	27570020000	71992
00	latency	27600020000	176690
00	latency	27630020000	165583
00	latency	27660020000	51267
00	latency	27690020000	74718
00	latency	27720020000	145712
00	latency	27750020000	65550
00	latency	27780020000	57371
00	latency	27810020000	173902
00	latency	27840020000	62792
00	latency	27870020000	112102
00	latency	27900020000	134234
00	latency	27930020000	139051
00	latency	27960020000	127858
00	latency	27990020000	69751
00	latency	28020020000	65715
00	latency	28050020000	153941
00	latency	28080020000	148120
00	latency	28110020000	80617
00	latency	28140020000	62842
00	latency	28170020000	125257
00	latency	28200020000	157138
00	latency	28230020000	147928
00	latency	28260020000	93706
00	latency	28290020000	44760
00	latency	28320020000	131633
00	latency	28350020000	65509
00	latency	28380020000	117749
00	latency	28410020000	137763
00	latency	28440020000	49535
00	latency	28470020000	166436
00	latency	28500020000	172481
00	latency	28530020000	150938
00	latency	28560020000	93684
00	latency	28590020000	76256
00	latency	28620020000	50619
00	latency	28650020000	58994
00	latency	28680020000	62566
00	latency	28710020000	103695
00	latency	28740020000	74466
00	latency	28770020000	79151
00	latency	28800020000	49984
00	latency	28830020000	67589
00	latency	28860020000	67637
00	latency	28890020000	66806
00	latency	28920020000	103044
00	latency	28950020000	77327
00	latency	28980020000	173033
00	latency	29010020000	50916
00	latency	29040020000	74773
00	latency	29070020000	79531
00	latency	29100020000	105031
00	latency	29130020000	51059
00	latency	29160020000	79814
00	latency	29190020000	42394
00	latency	29220020000	161448
00	latency	29250020000	51174
00	latency	29280020000	149758
00	latency	29310020000	162111
00	latency	29340020000	60761
00	latency	29370020000	55909
00	latency	29400020000	55238
00	latency	29430020000	57242
00	latency	29460020000	42804
00	latency	29490020000	160930
00	latency	29520020000	181930
00	latency	29550020000	135483
00	latency	29580020000	172570
00	latency	29610020000	68643
00	latency	29640020000	70024
00	latency	29670020000	128322
00	latency	29700020000	154406
00	latency	29730020000	148104
00	latency	29760020000	179417
00	latency	29790020000	159334
00	latency	29820020000	53305
00	latency	29850020000	125131
00	latency	29880020000	85118
00	latency	29910020000	140489
00	latency	29940020000	164966
00	latency	29970020000	156107

00	redistr	10000023697	10000000
00	redistr	20002419773	10000000
00	redistr	20002822503	10000000
00	redistr	20016802271	10000000
00	redistr	20017181008	10000000
00	redistr	20029327333	10000000
00	redistr	20029750802	10000000
00	redistr	20041032699	10000000
00	redistr	20041412485	10000000
00	redistr	20052793238	10000000
00	redistr	20053203064	10000000
00	redistr	20066951131	10000000
00	redistr	20067456214	10000000
00	redistr	20079050661	10000000
00	redistr	20079396040	10000000
00	redistr	20096823256	10000000
00	redistr	20100334890	10000000
00	redistr	20114576937	10000000
00	redistr	20115102909	10000000
00	redistr	20127230950	10000000
00	redistr	20127720792	10000000
00	redistr	20141930862	10000000
00	redistr	20142520269	10000000
00	redistr	20156827948	10000000
00	redistr	20157530766	10000000
00	redistr	20169258639	10000000
00	redistr	20169893167	10000000
00	redistr	20181255821	10000000
00	redistr	20181827971	10000000
00	redistr	20192839804	10000000
00	redistr	20193478815	10000000
00	redistr	20205055822	10000000
00	redistr	20205699273	10000000
00	redistr	20221288642	10000000
00	redistr	20222497119	10000000
00	redistr	20233905897	10000000
00	redistr	20234493404	10000000
00	redistr	20245654670	10000000
00	redistr	20246168378	10000000
00	redistr	20261618219	10000000
00	redistr	20262120164	10000000
00	redistr	20273736796	10000000
00	redistr	20274330638	10000000
00	redistr	20290346277	10000000
00	redistr	20291257218	10000000
00	redistr	20302241587	10000000
00	redistr	20302833033	10000000
00	redistr	20317106808	10000000
00	redistr	20317921365	10000000
00	redistr	20333497646	10000000
00	redistr	20334610185	10000000
00	redistr	20346004508	10000000
00	redistr	20346588098	10000000
00	redistr	20357951933	10000000
00	redistr	20358671184	10000000
00	redistr	20369784402	10000000
00	redistr	20370445174	10000000
00	redistr	20383524282	10000000
00	redistr	20384252671	10000000
00	redistr	20395668984	10000000
00	redistr	20396278127	10000000
00	redistr	20407627906	10000000
00	redistr	20408179889	10000000
00	redistr	20419284054	10000000
00	redistr	20419801798	10000000
00	redistr	20431181809	10000000
00	redistr	20431599175	10000000
00	redistr	20447805455	10000000
00	redistr	20448369047	10000000
00	redistr	20460108415	10000000
00	redistr	20460629700	10000000
00	redistr	20472458666	10000000
00	redistr	20472946154	10000000
00	redistr	20488786215	10000000
00	redistr	20489521284	10000000
00	redistr	20504072921	10000000
00	redistr	20504660735	10000000
00	redistr	20519719385	10000000
00	redistr	20520679340	10000000
00	redistr	20535110408	10000000
00	redistr	20535866984	10000000
00	redistr	20547233242	10000000
00	redistr	20547804076	10000000
00	redistr	20561283782	10000000
00	redistr	20562118460	10000000
00	redistr	20576074795	10000000
00	redistr	20576817726	10000000
00	redistr	20588278000	10000000
00	redistr	20588877495	10000000
00	redistr	20600531221	10000000
00	redistr	20601119492	10000000
00	redistr	20616785061	10000000
00	redistr	20618185532	10000000
00	redistr	20632802565	10000000
00	redistr	20633411048	10000000
00	redistr	20646760512	10000000
00	redistr	20647389949	10000000
00	redistr	20663918701	10000000
00	redistr	20664620399	10000000
00	redistr	20677566008	10000000
00	redistr	20678333307	10000000
00	redistr	20689643130	10000000
00	redistr	20690250612	10000000
00	redistr	20704134664	10000000
00	redistr	20704771018	10000000
00	redistr	20718583672	10000000
00	redistr	20721881722	10000000
00	redistr	20733868722	10000000
00	redistr	20734451748	10000000
00	redistr	20745242037	10000000
00	redistr	20747738060	10000000
00	redistr	20763304075	10000000
00	redistr	20764127188	10000000
00	redistr	20775502514	10000000
00	redistr	20776167883	10000000
00	redistr	20787818289	10000000
00	redistr	20790910147	10000000
00	redistr	20802698058	10000000
00	redistr	20803293291	10000000
00	redistr	20814924158	10000000
00	redistr	20815585938	10000000
00	redistr	20831394645	10000000
00	redistr	20832405711	10000000
00	redistr	20845823485	10000000
00	redistr	20846422579	10000000
00	redistr	20857799391	10000000
00	redistr	20858407985	10000000
00	redistr	20869525074	10000000
00	redistr	20870176302	10000000
00	redistr	20883392334	10000000
00	redistr	20883994245	10000000
00	redistr	20895893674	10000000
00	redistr	20896528074	10000000
00	redistr	20909824982	10000000
00	redistr	20910529007	10000000
00	redistr	20924149010	10000000
00	redistr	20927397328	10000000
00	redistr	20938695561	10000000
00	redistr	20939256015	10000000
00	redistr	20953055606	10000000
00	redistr	20953718488	10000000
00	redistr	20964740466	10000000
00	redistr	20965333594	10000000
00	redistr	20982104275	10000000
00	redistr	20983615877	10000000
00	redistr	20999845486	10000000
00	redistr	21000698112	10000000
00	redistr	21012408013	10000000
00	redistr	21013204145	10000000
00	redistr	21029163110	10000000
00	redistr	21030034754	10000000
00	redistr	21041575144	10000000
00	redistr	21042167056	10000000
00	redistr	21056332308	10000000
00	redistr	21056966812	10000000
00	redistr	21068443210	10000000
00	redistr	21069040889	10000000
00	redistr	21082473937	10000000
00	redistr	21083319921	10000000
00	redistr	21094902993	10000000
00	redistr	21095498418	10000000
00	redistr	21106943620	10000000
00	redistr	21107525915	10000000
00	redistr	21121524285	10000000
00	redistr	21122222657	10000000
00	redistr	21136206730	10000000
00	redistr	21139352416	10000000
00	redistr	21151267850	10000000
00	redistr	21151832571	10000000
00	redistr	21169678210	10000000
00	redistr	21171106892	10000000
00	redistr	21182930084	10000000
00	redistr	21183558806	10000000
00	redistr	21195400243	10000000
00	redistr	21195942137	10000000
00	redistr	21207950900	10000000
00	redistr	21208554973	10000000
00	redistr	21220507020	10000000
00	redistr	21221113702	10000000
00	redistr	21232031691	10000000
00	redistr	21232607905	10000000
00	redistr	21244278914	10000000
00	redistr	21244848821	10000000
00	redistr	21256448156	10000000
00	redistr	21257085409	10000000
00	redistr	21270515594	10000000
00	redistr	21271510380	10000000
00	redistr	21282860642	10000000
00	redistr	21283371038	10000000
00	redistr	21295249965	10000000
00	redistr	21295737250	10000000
00	redistr	21307539124	10000000
00	redistr	21308038204	10000000
00	redistr	21322218191	10000000
00	redistr	21322771466	10000000
00	redistr	21336357683	10000000
00	redistr	21341403432	10000000
00	redistr	21353326827	10000000
00	redistr	21353812529	10000000
00	redistr	21369812774	10000000
00	redistr	21370388393	10000000
00	redistr	21382934136	10000000
00	redistr	21385402856	10000000
00	redistr	21396913672	10000000
00	redistr	21397518306	10000000
00	redistr	21409276423	10000000
00	redistr	21410026158	10000000
00	redistr	21423816373	10000000
00	redistr	21424442271	10000000
00	redistr	21435966885	10000000
00	redistr	21436551133	10000000
00	redistr	21450398667	10000000
00	redistr	21451216966	10000000
00	redistr	21462673058	10000000
00	redistr	21463255200	10000000
00	redistr	21474902540	10000000
00	redistr	21475425024	10000000
00	redistr	21486844068	10000000
00	redistr	21487431861	10000000
00	redistr	21498209495	10000000
00	redistr	21498869627	10000000
00	redistr	21512909403	10000000
00	redistr	21513679420	10000000
00	redistr	21526847970	10000000
00	redistr	21527532230	10000000
00	redistr	21543375518	10000000
00	redistr	21544472372	10000000
00	redistr	21556335864	10000000
00	redistr	21557001176	10000000
00	redistr	21570874587	10000000
00	redistr	21571718413	10000000
00	redistr	21582886569	10000000
00	redistr	21583468035	10000000
00	redistr	21597760754	10000000
00	redistr	21598628732	10000000
00	redistr	21612760710	10000000
00	redistr	21613657410	10000000
00	redistr	21627959411	10000000
00	redistr	21628606996	10000000
00	redistr	21640124357	10000000
00	redistr	21640748683	10000000
00	redistr	21651716353	10000000
00	redistr	21652174755	10000000
00	redistr	21663926467	10000000
00	redistr	21664489138	10000000
00	redistr	21676412563	10000000
00	redistr	21677075832	10000000
00	redistr	21688792500	10000000
00	redistr	21689443850	10000000
00	redistr	21703125573	10000000
00	redistr	21703963831	10000000
00	redistr	21715556279	10000000
00	redistr	21716009543	10000000
00	redistr	21729855548	10000000
00	redistr	21730521971	10000000
00	redistr	21742209064	10000000
00	redistr	21742821395	10000000
