20000	792687
30020000	68637
60020000	49239
90020000	184878
120020000	60490
150020000	127353
180020000	59960
210020000	84066
240020000	53056
270020000	61312
300020000	46930
330020000	163765
360020000	51247
390020000	167305
420020000	61513
450020000	180566
480020000	41112
510020000	148850
540020000	40679
570020000	132477
600020000	41240
630020000	169391
660020000	111643
690020000	141063
720020000	149911
750020000	166324
780020000	166462
810020000	70142
840020000	158187
870020000	71500
900020000	102132
930020000	124193
960020000	49404
990020000	121860
1020020000	80977
1050020000	51029
1080020000	105834
1110020000	73447
1140020000	47488
1170020000	76278
1200020000	44050
1230020000	65844
1260020000	69459
1290020000	184793
1320020000	121651
1350020000	66717
1380020000	95500
1410020000	51590
1440020000	47930
1470020000	46079
1500020000	48437
1530020000	48594
1560020000	42026
1590020000	133912
1620020000	61887
1650020000	158696
1680020000	116260
1710020000	59233
1740020000	142420
1770020000	72878
1800020000	64501
1830020000	161444
1860020000	139714
1890020000	67922
1920020000	45050
1950020000	141869
1980020000	138522
2010020000	54906
2040020000	52748
2070020000	58805
2100020000	46417
2130020000	151862
2160020000	44739
2190020000	66818
2220020000	83812
2250020000	104466
2280020000	177935
2310020000	108673
2340020000	166585
2370020000	179792
2400020000	171597
2430020000	57362
2460020000	56140
2490020000	167523
2520020000	158848
2550020000	124650
2580020000	50004
2610020000	146268
2640020000	52406
2670020000	80542
2700020000	84390
2730020000	72492
2760020000	131714
2790020000	49163
2820020000	49631
2850020000	92883
2880020000	50816
2910020000	65534
2940020000	52064
2970020000	128174
3000020000	71958
3030020000	138108
3060020000	75462
3090020000	105096
3120020000	134554
3150020000	143548
3180020000	69143
3210020000	64124
3240020000	44173
3270020000	171116
3300020000	70788
3330020000	52041
3360020000	69438
3390020000	159163
3420020000	68834
3450020000	190016
3480020000	157776
3510020000	60860
3540020000	60437
3570020000	182188
3600020000	43591
3630020000	99695
3660020000	138284
3690020000	124904
3720020000	144897
3750020000	184907
3780020000	74900
3810020000	54296
3840020000	177168
3870020000	150747
3900020000	68018
3930020000	122239
3960020000	95747
3990020000	59352
4020020000	57429
4050020000	108390
4080020000	55902
4110020000	146380
4140020000	87010
4170020000	55824
4200020000	50074
4230020000	49377
4260020000	57886
4290020000	165050
4320020000	155442
4350020000	59428
4380020000	82186
4410020000	119961
4440020000	117373
4470020000	64234
4500020000	86957
4530020000	61241
4560020000	57880
4590020000	177710
4620020000	59625
4650020000	39251
4680020000	62893
4710020000	175928
4740020000	57331
4770020000	141060
4800020000	66042
4830020000	87446
4860020000	102902
4890020000	174358
4920020000	70573
4950020000	166371
4980020000	70305
5010020000	54883
5040020000	81270
5070020000	127704
5100020000	66750
5130020000	178975
5160020000	126415
5190020000	169285
5220020000	124418
5250020000	175828
5280020000	184993
5310020000	52419
5340020000	65222
5370020000	137691
5400020000	85465
5430020000	147355
5460020000	94250
5490020000	178748
5520020000	74149
5550020000	167653
5580020000	61485
5610020000	172047
5640020000	161001
5670020000	88659
5700020000	39283
5730020000	158264
5760020000	46975
5790020000	169014
5820020000	135222
5850020000	60741
5880020000	70709
5910020000	135001
5940020000	70549
5970020000	171532
6000020000	55251
6030020000	159943
6060020000	71483
6090020000	159627
6120020000	76212
6150020000	75532
6180020000	127421
6210020000	57824
6240020000	148803
6270020000	63601
6300020000	121518
6330020000	64159
6360020000	64084
6390020000	141912
6420020000	65840
6450020000	176062
6480020000	62402
6510020000	131801
6540020000	54580
6570020000	77857
6600020000	76166
6630020000	172464
6660020000	82202
6690020000	40919
6720020000	67989
6750020000	60543
6780020000	102917
6810020000	192108
6840020000	57361
6870020000	128781
6900020000	70706
6930020000	63096
6960020000	67940
6990020000	65391
7020020000	90929
7050020000	148648
7080020000	167943
7110020000	64622
7140020000	127265
7170020000	90772
7200020000	167260
7230020000	44293
7260020000	59771
7290020000	152370
7320020000	89747
7350020000	47713
7380020000	143852
7410020000	122604
7440020000	83556
7470020000	50292
7500020000	146471
7530020000	56762
7560020000	129179
7590020000	182158
7620020000	172260
7650020000	74491
7680020000	127421
7710020000	73118
7740020000	48930
7770020000	171119
7800020000	143804
7830020000	78525
7860020000	187376
7890020000	112663
7920020000	82129
7950020000	50428
7980020000	53912
8010020000	136370
8040020000	79334
8070020000	70056
8100020000	63944
8130020000	155422
8160020000	47078
8190020000	151135
8220020000	65885
8250020000	45638
8280020000	122290
8310020000	162913
8340020000	191007
8370020000	142259
8400020000	72682
8430020000	54583
8460020000	104247
8490020000	175900
8520020000	143614
8550020000	148805
8580020000	49362
8610020000	186292
8640020000	153784
8670020000	177925
8700020000	69094
8730020000	174792
8760020000	113293
8790020000	86506
8820020000	47812
8850020000	73347
8880020000	112964
8910020000	176350
8940020000	98672
8970020000	153603
9000020000	111078
9030020000	86305
9060020000	63277
9090020000	153211
9120020000	169828
9150020000	142539
9180020000	91412
9210020000	129938
9240020000	131878
9270020000	46642
9300020000	85951
9330020000	70122
9360020000	45021
9390020000	43960
9420020000	168132
9450020000	40549
9480020000	97748
9510020000	170964
9540020000	106523
9570020000	137108
9600020000	153327
9630020000	83905
9660020000	157635
9690020000	53833
9720020000	182004
9750020000	56411
9780020000	48584
9810020000	192003
9840020000	167704
9870020000	71874
9900020000	82214
9930020000	147563
9960020000	61212
9990020000	90632
10020020000	5086815575
10050020000	5056815575
10080020000	5026815575
10110020000	4996815575
10140020000	4966815575
10170020000	4936815575
10200020000	4906815575
10230020000	4876815575
10260020000	4846815575
10290020000	4816815575
10320020000	4786815575
10350020000	4756815575
10380020000	4726815575
10410020000	4696815575
10440020000	4666815575
10470020000	4636815575
10500020000	4606815575
10530020000	4576815575
10560020000	4546815575
10590020000	4516815575
10620020000	4486815575
10650020000	4456815575
10680020000	4426815575
10710020000	4396815575
10740020000	4366815575
10770020000	4336815575
10800020000	4306815575
10830020000	4276815575
10860020000	4246815575
10890020000	4216815575
10920020000	4186815575
10950020000	4156815575
10980020000	4126815575
11010020000	4096815575
11040020000	4066815575
11070020000	4036815575
11100020000	4006815575
11130020000	3976815575
11160020000	3946815575
11190020000	3916815575
11220020000	3886815575
11250020000	3856815575
11280020000	3826815575
11310020000	3796815575
11340020000	3766815575
11370020000	3736815575
11400020000	3706815575
11430020000	3676815575
11460020000	3646815575
11490020000	3616815575
11520020000	3586815575
11550020000	3556815575
11580020000	3526815575
11610020000	3496815575
11640020000	3466815575
11670020000	3436815575
11700020000	3406815575
11730020000	3376815575
11760020000	3346815575
11790020000	3316815575
11820020000	3286815575
11850020000	3256815575
11880020000	3226815575
11910020000	3196815575
11940020000	3166815575
11970020000	3136815575
12000020000	3106815575
12030020000	3076815575
12060020000	3046815575
12090020000	3016815575
12120020000	2986815575
12150020000	2956815575
12180020000	2926815575
12210020000	2896815575
12240020000	2866815575
12270020000	2836815575
12300020000	2806815575
12330020000	2776815575
12360020000	2746815575
12390020000	2716815575
12420020000	2686815575
12450020000	2656815575
12480020000	2626815575
12510020000	2596815575
12540020000	2566815575
12570020000	2536815575
12600020000	2506815575
12630020000	2476815575
12660020000	2446815575
12690020000	2416815575
12720020000	2386815575
12750020000	2356815575
12780020000	2326815575
12810020000	2296815575
12840020000	2266815575
12870020000	2236815575
12900020000	2206815575
12930020000	2176815575
12960020000	2146815575
12990020000	2116815575
13020020000	2086815575
13050020000	2056815575
13080020000	2026815575
13110020000	1996815575
13140020000	1966815575
13170020000	1936815575
13200020000	1906815575
13230020000	1876815575
13260020000	1846815575
13290020000	1816815575
13320020000	1786815575
13350020000	1756815575
13380020000	1726815575
13410020000	1696815575
13440020000	1666815575
13470020000	1636815575
13500020000	1606815575
13530020000	1576815575
13560020000	1546815575
13590020000	1516815575
13620020000	1486815575
13650020000	1456815575
13680020000	1426815575
13710020000	1396815575
13740020000	1366815575
13770020000	1336815575
13800020000	1306815575
13830020000	1276815575
13860020000	1246815575
13890020000	1216815575
13920020000	1186815575
13950020000	1156815575
13980020000	1126815575
14010020000	1096815575
14040020000	1066815575
14070020000	1036815575
14100020000	1006815575
14130020000	976815575
14160020000	946815575
14190020000	916815575
14220020000	886815575
14250020000	856815575
14280020000	826815575
14310020000	796815575
14340020000	766815575
14370020000	736815575
14400020000	706815575
14430020000	676815575
14460020000	646815575
14490020000	616815575
14520020000	586815575
14550020000	556815575
14580020000	526815575
14610020000	496815575
14640020000	466815575
14670020000	476928936
14700020000	446928936
14730020000	416928936
14760020000	386928936
14790020000	356928936
14820020000	326928936
14850020000	296928936
14880020000	266928936
14910020000	236928936
14940020000	206928936
14970020000	176928936
15000020000	146928936
15030020000	116928936
15060020000	86928936
15090020000	56928936
15120020000	30394063
15150020000	997675
15180020000	132310
15210020000	172304
15240020000	122635
15270020000	168193
15300020000	100840
15330020000	129375
15360020000	166831
15390020000	197179
15420020000	219840
15450020000	225430
15480020000	143138
15510020000	216944
15540020000	72439
15570020000	215926
15600020000	74599
15630020000	85881
15660020000	150413
15690020000	113367
15720020000	119970
15750020000	116884
15780020000	114679
15810020000	174568
15840020000	186647
15870020000	129693
15900020000	96323
15930020000	97285
15960020000	150402
15990020000	161451
16020020000	209661
16050020000	138319
16080020000	210084
16110020000	160879
16140020000	70800
16170020000	194620
16200020000	94105
16230020000	131113
16260020000	194953
16290020000	125451
16320020000	138446
16350020000	127987
16380020000	202386
16410020000	212957
16440020000	195113
16470020000	142516
16500020000	202586
16530020000	156755
16560020000	179317
16590020000	131844
16620020000	161537
16650020000	163799
16680020000	110534
16710020000	137243
16740020000	197433
16770020000	185443
16800020000	104164
16830020000	123358
16860020000	185645
16890020000	203837
16920020000	182835
16950020000	173124
16980020000	86020
17010020000	101245
17040020000	214447
17070020000	140883
17100020000	161319
17130020000	144500
17160020000	108017
17190020000	154035
17220020000	134763
17250020000	214145
17280020000	153529
17310020000	98297
17340020000	100398
17370020000	75937
17400020000	81655
17430020000	172071
17460020000	100635
17490020000	187180
17520020000	80366
17550020000	78926
17580020000	114705
17610020000	149534
17640020000	81008
17670020000	219327
17700020000	134977
17730020000	137215
17760020000	178980
17790020000	145636
17820020000	91935
17850020000	230661
17880020000	104598
17910020000	161836
17940020000	120024
17970020000	175354
18000020000	152767
18030020000	188555
18060020000	114173
18090020000	193396
18120020000	195601
18150020000	231576
18180020000	153832
18210020000	168502
18240020000	158054
18270020000	157437
18300020000	148983
18330020000	217311
18360020000	108489
18390020000	113667
18420020000	181081
18450020000	167316
18480020000	145252
18510020000	132682
18540020000	107659
18570020000	121892
18600020000	89218
18630020000	152268
18660020000	136863
18690020000	247104
18720020000	120837
18750020000	154807
18780020000	212757
18810020000	221120
18840020000	175652
18870020000	116251
18900020000	78059
18930020000	99409
18960020000	180319
18990020000	208281
19020020000	130299
19050020000	98649
19080020000	192052
19110020000	206442
19140020000	205777
19170020000	211181
19200020000	161695
19230020000	106983
19260020000	238722
19290020000	88294
19320020000	189397
19350020000	198189
19380020000	191119
19410020000	154850
19440020000	127268
19470020000	159960
19500020000	197150
19530020000	212514
19560020000	56930
19590020000	154617
19620020000	90237
19650020000	198878
19680020000	223783
19710020000	157776
19740020000	143157
19770020000	129335
19800020000	93599
19830020000	126589
19860020000	79809
19890020000	110675
19920020000	163633
19950020000	96586
19980020000	194308
20010020000	15662883
20040020000	7396548
20070020000	21048364
20100020000	12333839
20130020000	3202743
20160020000	15728408
20190020000	6559713
20220020000	18471023
20250020000	8902163
20280020000	1067149
20310020000	14548504
20340020000	5216041
20370020000	16412549
20400020000	7687272
20430020000	18743610
20460020000	10080714
20490020000	1466395
20520020000	15115065
20550020000	5713048
20580020000	18496505
20610020000	8444535
20640020000	21113091
20670020000	12824565
20700020000	3542625
20730020000	17116066
20760020000	8333270
20790020000	1152373
20820020000	11508731
20850020000	5038542
20880020000	18696663
20910020000	11874304
20940020000	3394947
20970020000	17192270
21000020000	9411530
21030020000	1541889
21060020000	14479937
21090020000	6296402
21120020000	18454633
21150020000	11017838
21180020000	2757404
21210020000	18045961
21240020000	9392562
21270020000	2184724
21300020000	15823573
21330020000	8154638
21360020000	1334089
21390020000	14533399
21420020000	5583331
21450020000	18425336
21480020000	9805596
21510020000	2964687
21540020000	16442059
21570020000	8757079
21600020000	851683
21630020000	13622107
21660020000	5563124
21690020000	18993716
21720020000	10410051
21750020000	2842595
21780020000	17471880
21810020000	9144473
21840020000	1931808
21870020000	16643549
21900020000	10503022
21930020000	2711399
21960020000	19380693
21990020000	12161934
22020020000	4112065
22050020000	18064746
22080020000	10024391
22110020000	3715688
22140020000	16645358
22170020000	12754485
22200020000	4090516
22230020000	19511666
22260020000	11508373
22290020000	4757839
22320020000	18632715
22350020000	10682060
22380020000	2156932
22410020000	17081627
22440020000	10252534
22470020000	3107569
22500020000	17815336
22530020000	9149140
22560020000	2679042
22590020000	17791844
22620020000	10126370
22650020000	3020015
22680020000	18353001
22710020000	9694511
22740020000	2873523
22770020000	18009099
22800020000	9943805
22830020000	74259
22860020000	69653
22890020000	95410
22920020000	48745
22950020000	76286
22980020000	78941
23010020000	134436
23040020000	172066
23070020000	63555
23100020000	112775
23130020000	102712
23160020000	146580
23190020000	47305
23220020000	156388
23250020000	83257
23280020000	128474
23310020000	101617
23340020000	55662
23370020000	167954
23400020000	71558
23430020000	86928
23460020000	183787
23490020000	62971
23520020000	67704
23550020000	150064
23580020000	74894
23610020000	73914
23640020000	48049
23670020000	58131
23700020000	45786
23730020000	168698
23760020000	149530
23790020000	70503
23820020000	55981
23850020000	49795
23880020000	104882
23910020000	139082
23940020000	167495
23970020000	46880
24000020000	166973
24030020000	145933
24060020000	63028
24090020000	193510
24120020000	158363
24150020000	44051
24180020000	63852
24210020000	86902
24240020000	147323
24270020000	113907
24300020000	66744
24330020000	51016
24360020000	56987
24390020000	134088
24420020000	78560
24450020000	168213
24480020000	113023
24510020000	139780
24540020000	170132
24570020000	47616
24600020000	94528
24630020000	51054
24660020000	48594
24690020000	42509
24720020000	145020
24750020000	83682
24780020000	148290
24810020000	159473
24840020000	194704
24870020000	56222
24900020000	64955
24930020000	183691
24960020000	175007
24990020000	148912
25020020000	149187
25050020000	165775
25080020000	91510
25110020000	179011
25140020000	180269
25170020000	171495
25200020000	142833
25230020000	165857
25260020000	124190
25290020000	48656
25320020000	52874
25350020000	63670
25380020000	100765
25410020000	143889
25440020000	83837
25470020000	185336
25500020000	54691
25530020000	121785
25560020000	75640
25590020000	151841
25620020000	185201
25650020000	51893
25680020000	4739860
25710020000	83342
25740020000	86093
25770020000	87205
25800020000	155063
25830020000	67327
25860020000	173163
25890020000	103123
25920020000	126413
25950020000	75502
25980020000	59640
26010020000	131163
26040020000	110760
26070020000	76149
26100020000	158301
26130020000	111528
26160020000	89023
26190020000	176465
26220020000	75247
26250020000	71145
26280020000	39127
26310020000	180006
26340020000	100643
26370020000	47991
26400020000	65111
26430020000	177592
26460020000	169493
26490020000	57044
26520020000	123724
26550020000	59930
26580020000	62016
26610020000	76300
26640020000	93162
26670020000	159201
26700020000	152362
26730020000	181686
26760020000	80492
26790020000	70236
26820020000	71994
26850020000	161224
26880020000	79490
26910020000	40541
26940020000	91459
26970020000	47908
27000020000	60525
27030020000	40858
27060020000	70364
27090020000	184972
27120020000	123467
27150020000	173759
27180020000	149753
27210020000	130128
27240020000	54086
27270020000	182191
27300020000	95284
27330020000	159932
27360020000	203811
27390020000	162211
27420020000	216108
27450020000	151070
27480020000	168081
27510020000	222067
27540020000	130081
27570020000	166799
27600020000	80220
27630020000	165394
27660020000	154966
27690020000	61672
27720020000	176710
27750020000	58565
27780020000	56384
27810020000	182030
27840020000	183681
27870020000	77947
27900020000	98694
27930020000	126792
27960020000	177033
27990020000	124117
28020020000	168406
28050020000	66103
28080020000	69343
28110020000	64354
28140020000	174005
28170020000	47945
28200020000	169939
28230020000	177837
28260020000	101042
28290020000	50514
28320020000	59666
28350020000	103361
28380020000	1400315
28410020000	88280
28440020000	119635
28470020000	58191
28500020000	167610
28530020000	119888
28560020000	73399
28590020000	73614
28620020000	128619
28650020000	69811
28680020000	147002
28710020000	51613
28740020000	120546
28770020000	119587
28800020000	73011
28830020000	84421
28860020000	136487
28890020000	62078
28920020000	194177
28950020000	86881
28980020000	71938
29010020000	199869
29040020000	43728
29070020000	4409890
29100020000	152695
29130020000	144172
29160020000	102328
29190020000	78301
29220020000	74739
29250020000	176599
29280020000	126854
29310020000	69188
29340020000	84297
29370020000	194193
29400020000	96951
29430020000	66408
29460020000	61309
29490020000	53472
29520020000	140005
29550020000	149037
29580020000	162200
29610020000	53428
29640020000	158294
29670020000	217805
29700020000	156780
29730020000	79051
29760020000	102704
29790020000	74169
29820020000	159011
29850020000	143464
29880020000	109233
29910020000	46770
29940020000	153312
29970020000	144834
