20000	909317
30020000	485011
60020000	397139
90020000	487470
120020000	539551
150020000	466255
180020000	321243
210020000	413857
240020000	349005
270020000	740542
300020000	623187
330020000	440018
360020000	100692
390020000	163869
420020000	129629
450020000	141640
480020000	68870
510020000	70333
540020000	142616
570020000	73065
600020000	57009
630020000	196868
660020000	132036
690020000	163820
720020000	98104
750020000	129182
780020000	146322
810020000	132351
840020000	118490
870020000	149594
900020000	43720
930020000	129662
960020000	65254
990020000	74992
1020020000	73822
1050020000	62093
1080020000	105483
1110020000	102785
1140020000	86279
1170020000	71672
1200020000	97168
1230020000	76676
1260020000	143339
1290020000	110597
1320020000	86510
1350020000	134456
1380020000	159571
1410020000	128799
1440020000	149269
1470020000	54901
1500020000	129017
1530020000	158284
1560020000	156230
1590020000	64436
1620020000	106363
1650020000	44459
1680020000	78982
1710020000	89321
1740020000	148933
1770020000	124856
1800020000	39257
1830020000	126735
1860020000	76054
1890020000	128947
1920020000	156334
1950020000	45426
1980020000	106755
2010020000	44754
2040020000	51211
2070020000	108225
2100020000	95340
2130020000	159279
2160020000	51771
2190020000	153618
2220020000	81507
2250020000	71007
2280020000	152906
2310020000	101380
2340020000	65898
2370020000	56171
2400020000	157875
2430020000	141452
2460020000	130153
2490020000	163252
2520020000	73136
2550020000	110312
2580020000	166821
2610020000	129127
2640020000	139798
2670020000	104575
2700020000	145541
2730020000	74503
2760020000	82632
2790020000	107091
2820020000	100444
2850020000	127297
2880020000	51919
2910020000	140925
2940020000	43261
2970020000	105503
3000020000	99515
3030020000	58688
3060020000	147341
3090020000	76404
3120020000	123155
3150020000	134283
3180020000	130723
3210020000	121950
3240020000	65178
3270020000	86534
3300020000	165734
3330020000	83254
3360020000	117344
3390020000	161727
3420020000	133448
3450020000	100041
3480020000	124838
3510020000	162730
3540020000	150079
3570020000	101001
3600020000	126290
3630020000	154681
3660020000	64376
3690020000	145912
3720020000	161056
3750020000	161051
3780020000	46857
3810020000	170533
3840020000	170381
3870020000	52557
3900020000	112944
3930020000	127077
3960020000	158504
3990020000	41878
4020020000	127553
4050020000	80536
4080020000	56949
4110020000	149881
4140020000	124897
4170020000	89602
4200020000	95237
4230020000	148502
4260020000	56482
4290020000	152215
4320020000	129376
4350020000	82018
4380020000	63244
4410020000	84180
4440020000	136762
4470020000	128322
4500020000	77022
4530020000	163011
4560020000	147290
4590020000	82096
4620020000	123988
4650020000	40388
4680020000	85741
4710020000	115082
4740020000	53884
4770020000	163820
4800020000	166236
4830020000	110983
4860020000	149120
4890020000	73553
4920020000	156966
4950020000	53331
4980020000	76465
5010020000	91892
5040020000	74027
5070020000	132831
5100020000	138005
5130020000	143428
5160020000	162743
5190020000	143677
5220020000	77314
5250020000	61120
5280020000	82129
5310020000	84080
5340020000	102895
5370020000	84983
5400020000	161557
5430020000	62206
5460020000	155677
5490020000	153351
5520020000	63355
5550020000	158020
5580020000	130063
5610020000	124313
5640020000	168715
5670020000	164546
5700020000	59304
5730020000	137872
5760020000	132964
5790020000	80349
5820020000	130846
5850020000	128817
5880020000	140575
5910020000	85580
5940020000	158113
5970020000	118160
6000020000	140284
6030020000	148874
6060020000	164182
6090020000	142657
6120020000	76515
6150020000	71187
6180020000	173206
6210020000	155303
6240020000	118126
6270020000	64051
6300020000	154242
6330020000	74617
6360020000	70650
6390020000	169504
6420020000	167450
6450020000	162373
6480020000	75686
6510020000	164319
6540020000	164353
6570020000	164884
6600020000	147520
6630020000	107421
6660020000	104574
6690020000	152295
6720020000	134351
6750020000	156687
6780020000	150910
6810020000	136792
6840020000	83249
6870020000	101262
6900020000	141247
6930020000	135479
6960020000	120503
6990020000	111908
7020020000	145819
7050020000	58761
7080020000	140036
7110020000	139969
7140020000	111230
7170020000	142160
7200020000	136545
7230020000	148898
7260020000	106253
7290020000	49191
7320020000	126690
7350020000	128824
7380020000	44574
7410020000	68609
7440020000	144166
7470020000	86572
7500020000	60120
7530020000	83545
7560020000	64088
7590020000	134034
7620020000	148554
7650020000	149767
7680020000	163680
7710020000	68573
7740020000	131699
7770020000	83072
7800020000	133115
7830020000	41993
7860020000	151968
7890020000	84233
7920020000	73976
7950020000	113144
7980020000	128357
8010020000	68799
8040020000	87350
8070020000	139625
8100020000	104657
8130020000	139019
8160020000	143036
8190020000	87506
8220020000	140690
8250020000	57331
8280020000	64533
8310020000	157016
8340020000	79410
8370020000	153592
8400020000	125534
8430020000	131549
8460020000	112467
8490020000	142529
8520020000	109133
8550020000	147639
8580020000	151656
8610020000	157436
8640020000	47058
8670020000	61926
8700020000	74938
8730020000	124190
8760020000	53419
8790020000	134893
8820020000	141375
8850020000	59010
8880020000	45856
8910020000	85029
8940020000	117888
8970020000	167821
9000020000	157554
9030020000	167069
9060020000	147156
9090020000	49939
9120020000	120292
9150020000	113508
9180020000	149423
9210020000	63505
9240020000	95644
9270020000	86270
9300020000	142655
9330020000	115712
9360020000	59765
9390020000	157032
9420020000	140318
9450020000	163772
9480020000	130471
9510020000	101978
9540020000	139814
9570020000	134258
9600020000	140695
9630020000	66895
9660020000	139650
9690020000	69010
9720020000	154618
9750020000	54994
9780020000	155169
9810020000	133987
9840020000	84238
9870020000	162151
9900020000	157355
9930020000	62765
9960020000	77056
9990020000	163287
10020020000	48824028
10050020000	18824028
10080020000	86769
10110020000	142665
10140020000	183747
10170020000	155978
10200020000	86241
10230020000	100298
10260020000	159934
10290020000	225030
10320020000	144968
10350020000	148007
10380020000	99475
10410020000	182301
10440020000	166315
10470020000	132826
10500020000	155450
10530020000	191602
10560020000	94835
10590020000	111177
10620020000	167564
10650020000	119725
10680020000	203008
10710020000	149044
10740020000	190852
10770020000	92251
10800020000	185261
10830020000	115744
10860020000	216274
10890020000	177749
10920020000	83029
10950020000	152592
10980020000	106434
11010020000	168965
11040020000	179594
11070020000	136341
11100020000	113235
11130020000	183239
11160020000	181592
11190020000	161769
11220020000	106125
11250020000	191458
11280020000	82906
11310020000	182145
11340020000	188366
11370020000	224560
11400020000	155829
11430020000	176925
11460020000	137995
11490020000	145521
11520020000	195429
11550020000	167201
11580020000	155594
11610020000	210148
11640020000	202051
11670020000	158424
11700020000	134351
11730020000	146893
11760020000	221076
11790020000	214475
11820020000	131153
11850020000	168194
11880020000	191329
11910020000	182017
11940020000	164213
11970020000	191666
12000020000	194257
12030020000	93921
12060020000	140349
12090020000	99383
12120020000	133206
12150020000	130371
12180020000	137211
12210020000	191132
12240020000	140391
12270020000	91652
12300020000	106413
12330020000	173552
12360020000	149646
12390020000	158129
12420020000	227208
12450020000	177247
12480020000	83822
12510020000	162516
12540020000	200840
12570020000	164115
12600020000	199465
12630020000	173157
12660020000	163416
12690020000	90858
12720020000	139500
12750020000	100768
12780020000	202175
12810020000	186083
12840020000	147897
12870020000	94275
12900020000	126781
12930020000	141513
12960020000	201216
12990020000	184140
13020020000	167197
13050020000	135319
13080020000	187870
13110020000	217892
13140020000	127679
13170020000	205857
13200020000	124164
13230020000	214371
13260020000	170519
13290020000	179842
13320020000	182622
13350020000	163508
13380020000	179702
13410020000	133781
13440020000	199960
13470020000	159896
13500020000	159961
13530020000	182600
13560020000	175088
13590020000	208641
13620020000	167638
13650020000	127787
13680020000	95715
13710020000	132695
13740020000	120453
13770020000	148922
13800020000	165479
13830020000	212469
13860020000	81884
13890020000	102372
13920020000	99848
13950020000	186385
13980020000	229558
14010020000	141359
14040020000	120229
14070020000	100809
14100020000	203846
14130020000	171499
14160020000	195872
14190020000	220507
14220020000	136975
14250020000	219891
14280020000	162001
14310020000	216826
14340020000	87702
14370020000	143543
14400020000	128135
14430020000	165139
14460020000	181933
14490020000	202313
14520020000	102357
14550020000	88738
14580020000	125173
14610020000	140517
14640020000	140043
14670020000	132977
14700020000	110839
14730020000	211956
14760020000	119705
14790020000	165811
14820020000	97405
14850020000	153813
14880020000	211514
14910020000	110820
14940020000	164754
14970020000	180732
15000020000	164837
15030020000	107111
15060020000	193965
15090020000	199564
15120020000	146317
15150020000	93652
15180020000	198907
15210020000	188629
15240020000	91080
15270020000	90620
15300020000	208159
15330020000	197578
15360020000	197179
15390020000	147063
15420020000	157866
15450020000	140382
15480020000	101760
15510020000	180307
15540020000	209990
15570020000	104729
15600020000	129386
15630020000	142604
15660020000	109692
15690020000	123025
15720020000	203074
15750020000	197776
15780020000	182508
15810020000	221202
15840020000	121783
15870020000	189318
15900020000	209590
15930020000	213041
15960020000	199284
15990020000	184167
16020020000	174376
16050020000	158575
16080020000	174050
16110020000	195100
16140020000	165012
16170020000	137594
16200020000	179787
16230020000	174345
16260020000	123685
16290020000	189057
16320020000	210640
16350020000	150300
16380020000	91788
16410020000	159605
16440020000	101081
16470020000	160107
16500020000	142767
16530020000	100832
16560020000	166549
16590020000	149609
16620020000	193045
16650020000	198994
16680020000	240625
16710020000	199028
16740020000	159649
16770020000	172130
16800020000	207853
16830020000	205184
16860020000	137889
16890020000	131188
16920020000	198839
16950020000	146516
16980020000	117476
17010020000	172417
17040020000	121697
17070020000	190763
17100020000	178537
17130020000	179349
17160020000	125413
17190020000	193790
17220020000	149058
17250020000	203201
17280020000	85382
17310020000	226735
17340020000	146527
17370020000	160926
17400020000	197022
17430020000	148108
17460020000	190588
17490020000	206586
17520020000	125571
17550020000	218489
17580020000	158187
17610020000	208792
17640020000	101063
17670020000	148460
17700020000	132833
17730020000	170869
17760020000	93227
17790020000	102036
17820020000	149613
17850020000	145747
17880020000	123664
17910020000	170374
17940020000	205822
17970020000	169863
18000020000	184371
18030020000	113593
18060020000	93129
18090020000	207411
18120020000	195471
18150020000	186518
18180020000	197625
18210020000	167959
18240020000	128555
18270020000	131603
18300020000	98229
18330020000	226838
18360020000	113764
18390020000	204802
18420020000	159309
18450020000	141435
18480020000	190144
18510020000	105990
18540020000	123211
18570020000	186379
18600020000	199088
18630020000	130196
18660020000	143216
18690020000	180397
18720020000	209534
18750020000	141355
18780020000	184548
18810020000	184783
18840020000	186116
18870020000	102277
18900020000	190328
18930020000	98776
18960020000	183828
18990020000	99716
19020020000	152538
19050020000	196301
19080020000	135835
19110020000	120943
19140020000	180170
19170020000	172897
19200020000	155290
19230020000	172890
19260020000	161882
19290020000	211309
19320020000	142033
19350020000	105334
19380020000	96536
19410020000	158080
19440020000	134953
19470020000	91026
19500020000	108169
19530020000	115051
19560020000	100233
19590020000	137577
19620020000	140329
19650020000	87829
19680020000	84699
19710020000	158426
19740020000	130016
19770020000	199980
19800020000	188898
19830020000	181688
19860020000	204738
19890020000	122750
19920020000	215088
19950020000	163474
19980020000	157582
20010020000	737875
20040020000	678971
20070020000	314171
20100020000	505419
20130020000	537862
20160020000	163826
20190020000	108502
20220020000	138375
20250020000	68096
20280020000	121131
20310020000	88300
20340020000	151447
20370020000	119027
20400020000	98428
20430020000	135448
20460020000	170787
20490020000	139146
20520020000	156963
20550020000	85976
20580020000	131162
20610020000	155300
20640020000	168754
20670020000	86856
20700020000	165371
20730020000	68151
20760020000	93742
20790020000	61726
20820020000	169887
20850020000	144884
20880020000	49721
20910020000	148105
20940020000	46448
20970020000	56670
21000020000	151409
21030020000	120136
21060020000	164321
21090020000	57386
21120020000	127193
21150020000	47932
21180020000	165857
21210020000	148592
21240020000	114138
21270020000	94564
21300020000	163717
21330020000	150739
21360020000	122666
21390020000	98223
21420020000	60901
21450020000	153943
21480020000	139738
21510020000	78450
21540020000	163962
21570020000	141566
21600020000	99294
21630020000	122966
21660020000	100843
21690020000	48196
21720020000	106936
21750020000	142741
21780020000	168798
21810020000	154698
21840020000	137587
21870020000	122731
21900020000	48626
21930020000	134740
21960020000	132502
21990020000	134561
22020020000	132832
22050020000	68613
22080020000	43841
22110020000	151764
22140020000	97120
22170020000	153445
22200020000	73493
22230020000	121258
22260020000	144039
22290020000	79268
22320020000	95661
22350020000	121417
22380020000	160034
22410020000	152441
22440020000	154531
22470020000	124305
22500020000	142337
22530020000	109101
22560020000	152881
22590020000	71545
22620020000	90977
22650020000	125962
22680020000	102092
22710020000	163202
22740020000	93044
22770020000	96710
22800020000	57215
22830020000	61821
22860020000	122995
22890020000	106596
22920020000	64727
22950020000	155871
22980020000	64810
23010020000	57660
23040020000	137086
23070020000	143923
23100020000	172020
23130020000	94865
23160020000	59141
23190020000	140464
23220020000	157343
23250020000	97332
23280020000	51225
23310020000	80487
23340020000	145170
23370020000	153667
23400020000	74033
23430020000	78751
23460020000	78012
23490020000	100943
23520020000	60920
23550020000	60707
23580020000	78376
23610020000	73958
23640020000	107688
23670020000	155348
23700020000	122039
23730020000	127217
23760020000	43232
23790020000	108491
23820020000	124839
23850020000	157690
23880020000	140453
23910020000	137876
23940020000	121965
23970020000	135897
24000020000	153075
24030020000	145604
24060020000	149290
24090020000	132598
24120020000	100545
24150020000	145755
24180020000	46123
24210020000	89460
24240020000	141134
24270020000	155839
24300020000	147890
24330020000	139954
24360020000	68505
24390020000	47570
24420020000	68408
24450020000	144353
24480020000	134068
24510020000	87138
24540020000	133242
24570020000	62528
24600020000	72227
24630020000	153550
24660020000	70462
24690020000	69975
24720020000	44991
24750020000	128005
24780020000	115817
24810020000	42269
24840020000	40079
24870020000	147512
24900020000	162178
24930020000	80521
24960020000	142471
24990020000	150767
25020020000	145543
25050020000	65956
25080020000	90731
25110020000	110254
25140020000	58271
25170020000	98245
25200020000	48243
25230020000	44838
25260020000	152072
25290020000	126175
25320020000	136429
25350020000	98755
25380020000	108887
25410020000	118540
25440020000	69423
25470020000	83510
25500020000	132841
25530020000	161806
25560020000	102130
25590020000	120466
25620020000	133446
25650020000	122728
25680020000	58976
25710020000	163304
25740020000	42002
25770020000	49851
25800020000	91842
25830020000	166746
25860020000	126504
25890020000	113339
25920020000	156978
25950020000	112474
25980020000	135707
26010020000	86910
26040020000	160839
26070020000	151148
26100020000	147576
26130020000	78862
26160020000	155536
26190020000	53797
26220020000	141651
26250020000	115560
26280020000	84035
26310020000	94479
26340020000	116677
26370020000	151256
26400020000	147034
26430020000	155349
26460020000	156773
26490020000	157822
26520020000	44123
26550020000	149333
26580020000	89606
26610020000	137261
26640020000	49894
26670020000	45484
26700020000	61242
26730020000	169569
26760020000	77102
26790020000	153569
26820020000	162906
26850020000	158835
26880020000	140454
26910020000	66267
26940020000	137746
26970020000	81054
27000020000	130232
27030020000	122971
27060020000	161637
27090020000	63950
27120020000	82733
27150020000	52641
27180020000	165076
27210020000	77473
27240020000	100881
27270020000	71635
27300020000	156309
27330020000	86102
27360020000	142902
27390020000	107715
27420020000	93957
27450020000	54842
27480020000	77582
27510020000	137042
27540020000	140708
27570020000	168267
27600020000	104404
27630020000	145867
27660020000	83808
27690020000	137488
27720020000	77419
27750020000	103188
27780020000	91245
27810020000	71388
27840020000	89678
27870020000	82964
27900020000	93273
27930020000	68876
27960020000	123378
27990020000	83646
28020020000	144918
28050020000	78585
28080020000	148368
28110020000	140818
28140020000	156534
28170020000	64205
28200020000	143199
28230020000	90538
28260020000	156554
28290020000	47026
28320020000	140476
28350020000	148097
28380020000	139030
28410020000	67502
28440020000	107341
28470020000	144335
28500020000	172061
28530020000	65656
28560020000	59147
28590020000	141586
28620020000	41710
28650020000	111982
28680020000	138990
28710020000	155148
28740020000	95720
28770020000	151698
28800020000	44296
28830020000	162153
28860020000	147077
28890020000	134269
28920020000	45850
28950020000	162625
28980020000	121078
29010020000	88433
29040020000	98757
29070020000	66934
29100020000	123748
29130020000	73791
29160020000	72783
29190020000	104837
29220020000	151963
29250020000	43148
29280020000	165284
29310020000	166081
29340020000	148830
29370020000	163387
29400020000	115140
29430020000	54804
29460020000	71987
29490020000	78134
29520020000	65356
29550020000	157128
29580020000	57517
29610020000	68022
29640020000	115516
29670020000	145480
29700020000	53548
29730020000	60676
29760020000	68063
29790020000	80056
29820020000	53458
29850020000	77131
29880020000	143789
29910020000	69588
29940020000	61162
29970020000	57869
