4000	24348929
40004000	32249076
80004000	13858917
120004000	2489767
160004000	1715095
200004000	2563957
240004000	1497876
280004000	1704618
320004000	2980480
360004000	2766039
400004000	2344221
440004000	3643195
480004000	2105574
520004000	2074848
560004000	3023933
600004000	2946472
640004000	2561115
680004000	2110679
720004000	1958610
760004000	3216196
800004000	2980717
840004000	2666642
880004000	2109173
920004000	2850316
960004000	2604433
1000004000	2219385
1040004000	1754575
1080004000	4069531
1120004000	1904930
1160004000	2685071
1200004000	3684666
1240004000	2739503
1280004000	1967400
1320004000	2528782
1360004000	2740749
1400004000	2321055
1440004000	1813967
1480004000	2147477
1520004000	1724676
1560004000	1677923
1600004000	2256071
1640004000	2500321
1680004000	1987557
1720004000	2339979
1760004000	2791069
1800004000	2541746
1840004000	2344435
1880004000	2402601
1920004000	3156195
1960004000	2777282
2000004000	1500209
2040004000	2361481
2080004000	2492892
2120004000	5581540
2160004000	2179118
2200004000	1765250
2240004000	3292808
2280004000	2549771
2320004000	2331161
2360004000	2497900
2400004000	2887326
2440004000	2716861
2480004000	1698931
2520004000	1849107
2560004000	1875895
2600004000	2367708
2640004000	2243472
2680004000	2160893
2720004000	2048512
2760004000	1634476
2800004000	2340889
2840004000	2789862
2880004000	2245788
2920004000	1993841
2960004000	2504638
3000004000	1387109
3040004000	2687487
3080004000	2977974
3120004000	2425748
3160004000	10609132
3200004000	2655142
3240004000	2512314
3280004000	1509353
3320004000	1859626
3360004000	2434547
3400004000	1995522
3440004000	2960568
3480004000	2145844
3520004000	2383383
3560004000	3135645
3600004000	2056900
3640004000	2444812
3680004000	5902294
3720004000	2527723
3760004000	2171558
3800004000	2591512
3840004000	2466138
3880004000	2793735
3920004000	2197938
3960004000	1788758
4000004000	2360606
4040004000	2992963
4080004000	3161757
4120004000	2405619
4160004000	3093555
4200004000	14081838
4240004000	2639717
4280004000	3208219
4320004000	2526412
4360004000	2795108
4400004000	2983293
4440004000	1907209
4480004000	2333944
4520004000	3097111
4560004000	2845348
4600004000	2244752
4640004000	2710884
4680004000	2391279
4720004000	8717137
4760004000	2385006
4800004000	3063190
4840004000	2955016
4880004000	1682970
4920004000	2851502
4960004000	2885236
5000004000	2419872
5040004000	2716261
5080004000	2622907
5120004000	2697880
5160004000	1605430
5200004000	2836076
5240004000	1952468
5280004000	2396378
5320004000	2153877
5360004000	2660205
5400004000	1806063
5440004000	3048837
5480004000	2433317
5520004000	1656120
5560004000	2160577
5600004000	1678359
5640004000	2998328
5680004000	2180683
5720004000	2758523
5760004000	2610494
5800004000	2791154
5840004000	2543411
5880004000	2461314
5920004000	2763762
5960004000	2746312
6000004000	2114797
6040004000	2253600
6080004000	2080795
6120004000	2685099
6160004000	2444472
6200004000	2424258
6240004000	2450625
6280004000	1659832
6320004000	2776670
6360004000	1662467
6400004000	2104928
6440004000	2292622
6480004000	1620141
6520004000	2683955
6560004000	2369663
6600004000	2437428
6640004000	1982538
6680004000	2111419
6720004000	2798196
6760004000	2178816
6800004000	2453461
6840004000	1656571
6880004000	2653976
6920004000	1949336
6960004000	2684633
7000004000	2510053
7040004000	2124795
7080004000	1967717
7120004000	2396865
7160004000	3040523
7200004000	2580841
7240004000	3253311
7280004000	2194550
7320004000	2322178
7360004000	7866918
7400004000	1950278
7440004000	2257029
7480004000	3076896
7520004000	2670052
7560004000	2869246
7600004000	2034501
7640004000	2665101
7680004000	1912148
7720004000	2090505
7760004000	2945152
7800004000	2396027
7840004000	1802999
7880004000	3204203
7920004000	2586783
7960004000	2488703
8000004000	2561992
8040004000	2591379
8080004000	1928626
8120004000	2959960
8160004000	2150589
8200004000	2797546
8240004000	3310676
8280004000	2972396
8320004000	2938009
8360004000	2783215
8400004000	11356795
8440004000	2109047
8480004000	2615100
8520004000	1707770
8560004000	1945605
8600004000	3259904
8640004000	2021330
8680004000	2425039
8720004000	1740306
8760004000	2886560
8800004000	1733204
8840004000	2404715
8880004000	1815120
8920004000	4833461
8960004000	2115613
9000004000	3281697
9040004000	2533607
9080004000	2292818
9120004000	2515980
9160004000	2043846
9200004000	2781852
9240004000	1643625
9280004000	2656806
9320004000	1947970
9360004000	2801171
9400004000	2917759
9440004000	12769551
9480004000	1851026
9520004000	2321439
9560004000	2804844
9600004000	2690265
9640004000	1967244
9680004000	1764180
9720004000	2110326
9760004000	3041390
9800004000	1835835
9840004000	2580632
9880004000	3017008
9920004000	1857587
9960004000	1745210
10000004000	4332195912
10040004000	5595522934
10080004000	5555522934
10120004000	5515522934
10160004000	5475522934
10200004000	5435522934
10240004000	5395522934
10280004000	5355522934
10320004000	5315522934
10360004000	5275522934
10400004000	5235522934
10440004000	5195522934
10480004000	5155522934
10520004000	5115522934
10560004000	5075522934
10600004000	5035522934
10640004000	4995522934
10680004000	4955522934
10720004000	4915522934
10760004000	4875522934
10800004000	4835522934
10840004000	4795522934
10880004000	4755522934
10920004000	4715522934
10960004000	4675522934
11000004000	4635522934
11040004000	4595522934
11080004000	4555522934
11120004000	4515522934
11160004000	4475522934
11200004000	4435522934
11240004000	4395522934
11280004000	4355522934
11320004000	4315522934
11360004000	4275522934
11400004000	4235522934
11440004000	4195522934
11480004000	4155522934
11520004000	4115522934
11560004000	4075522934
11600004000	4035522934
11640004000	3995522934
11680004000	3955522934
11720004000	3915522934
11760004000	3875522934
11800004000	3835522934
11840004000	3795522934
11880004000	3755522934
11920004000	3715522934
11960004000	3675522934
12000004000	3635522934
12040004000	3595522934
12080004000	3555522934
12120004000	3515522934
12160004000	3475522934
12200004000	3435522934
12240004000	3395522934
12280004000	3355522934
12320004000	3315522934
12360004000	3275522934
12400004000	3235522934
12440004000	3195522934
12480004000	3155522934
12520004000	3115522934
12560004000	3075522934
12600004000	3035522934
12640004000	2995522934
12680004000	2955522934
12720004000	2915522934
12760004000	2875522934
12800004000	2835522934
12840004000	2795522934
12880004000	2755522934
12920004000	2715522934
12960004000	2675522934
13000004000	2635522934
13040004000	2595522934
13080004000	2555522934
13120004000	2515522934
13160004000	2475522934
13200004000	2435522934
13240004000	2395522934
13280004000	2355522934
13320004000	2315522934
13360004000	2275522934
13400004000	2235522934
13440004000	2195522934
13480004000	2155522934
13520004000	2115522934
13560004000	2075522934
13600004000	2035522934
13640004000	1995522934
13680004000	1955522934
13720004000	1915522934
13760004000	1875522934
13800004000	1835522934
13840004000	1795522934
13880004000	1755522934
13920004000	1715522934
13960004000	1675522934
14000004000	1635522934
14040004000	1595522934
14080004000	1555522934
14120004000	1515522934
14160004000	1475522934
14200004000	1435522934
14240004000	1395522934
14280004000	1355522934
14320004000	1315522934
14360004000	1864177075
14400004000	1824177075
14440004000	1784177075
14480004000	1744177075
14520004000	1704177075
14560004000	1664177075
14600004000	1624177075
14640004000	1584177075
14680004000	1544177075
14720004000	1504177075
14760004000	1464177075
14800004000	1424177075
14840004000	1384177075
14880004000	1344177075
14920004000	1304177075
14960004000	1264177075
15000004000	1224177075
15040004000	1184177075
15080004000	1144177075
15120004000	1104177075
15160004000	1064177075
15200004000	1024177075
15240004000	984177075
15280004000	944177075
15320004000	904177075
15360004000	864177075
15400004000	824177075
15440004000	784177075
15480004000	744177075
15520004000	704177075
15560004000	664177075
15600004000	624177075
15640004000	584177075
15680004000	819331447
15720004000	779331447
15760004000	739331447
15800004000	699331447
15840004000	659331447
15880004000	619331447
15920004000	579331447
15960004000	539331447
16000004000	499331447
16040004000	459331447
16080004000	419331447
16120004000	379331447
16160004000	339331447
16200004000	299331447
16240004000	389125919
16280004000	349125919
16320004000	309125919
16360004000	269125919
16400004000	229125919
16440004000	189125919
16480004000	149125919
16520004000	167723849
16560004000	127723849
16600004000	87723849
16640004000	74222869
16680004000	34222869
16720004000	13133714
16760004000	2179892
16800004000	2271364
16840004000	2002617
16880004000	2032036
16920004000	1982417
16960004000	1428724
17000004000	1645513
17040004000	1752457
17080004000	1663309
17120004000	1715882
17160004000	2693830
17200004000	2085566
17240004000	1974204
17280004000	1444757
17320004000	2242695
17360004000	1774994
17400004000	1273043
17440004000	3552535
17480004000	1632401
17520004000	1791878
17560004000	1719679
17600004000	2140422
17640004000	1861631
17680004000	1643181
17720004000	2373834
17760004000	1689093
17800004000	2466208
17840004000	6389759
17880004000	2045112
17920004000	1670046
17960004000	1917426
18000004000	1430067
18040004000	1736072
18080004000	2235259
18120004000	1949200
18160004000	1701355
18200004000	1349424
18240004000	1965432
18280004000	1430127
18320004000	2535612
18360004000	2904194
18400004000	1756123
18440004000	2024914
18480004000	2471463
18520004000	1776058
18560004000	2020036
18600004000	1738196
18640004000	1646272
18680004000	1502647
18720004000	1307504
18760004000	2280012
18800004000	2081353
18840004000	1533922
18880004000	11581636
18920004000	1466560
18960004000	1438785
19000004000	2579901
19040004000	2444168
19080004000	1426056
19120004000	2196206
19160004000	2015136
19200004000	1794831
19240004000	2198199
19280004000	1650424
19320004000	2457400
19360004000	2024156
19400004000	6562122
19440004000	2021758
19480004000	1512831
19520004000	1920719
19560004000	1316818
19600004000	2674706
19640004000	1643325
19680004000	2426645
19720004000	1843279
19760004000	2478250
19800004000	2247920
19840004000	1460114
19880004000	2740151
19920004000	1348128
19960004000	2425704
20000004000	2486645
20040004000	39193331
20080004000	12566687
20120004000	40336161
20160004000	7857666
20200004000	47124836
20240004000	15410360
20280004000	49861604
20320004000	17588964
20360004000	46222618
20400004000	13314953
20440004000	45357309
20480004000	15604238
20520004000	46088543
20560004000	13338106
20600004000	42657501
20640004000	9861985
20680004000	40864748
20720004000	8166688
20760004000	36435731
20800004000	7269137
20840004000	33299397
20880004000	4516107
20920004000	29800258
20960004000	50496920
21000004000	33635766
21040004000	11923117
21080004000	38627025
21120004000	9972516
21160004000	36707196
21200004000	8409550
21240004000	35413649
21280004000	7098068
21320004000	32440720
21360004000	53019388
21400004000	28318683
21440004000	65063213
21480004000	25063213
21520004000	53166256
21560004000	29540360
21600004000	50156781
21640004000	25300777
21680004000	62106131
21720004000	22106131
21760004000	59866291
21800004000	19866291
21840004000	59361840
21880004000	19361840
21920004000	56670083
21960004000	16670083
22000004000	58989922
22040004000	33886866
22080004000	54052312
22120004000	31300081
22160004000	56799611
22200004000	33632542
22240004000	6009175
22280004000	30822765
22320004000	52816757
22360004000	28819212
22400004000	55616898
22440004000	33286106
22480004000	6423261
22520004000	36120143
22560004000	15048608
22600004000	42349964
22640004000	10237688
22680004000	40746174
22720004000	8588215
22760004000	43646664
22800004000	12007976
22840004000	44934259
22880004000	13116585
22920004000	43976495
22960004000	12015091
23000004000	42274262
23040004000	10198554
23080004000	53427620
23120004000	27457574
23160004000	65232897
23200004000	25232897
23240004000	65709714
23280004000	25709714
23320004000	65377773
23360004000	25377773
23400004000	69771671
23440004000	29771671
23480004000	55621579
23520004000	32776023
23560004000	6020430
23600004000	37869300
23640004000	14695501
23680004000	42998147
23720004000	11412701
23760004000	48312210
23800004000	17352014
23840004000	52444773
23880004000	21216317
23920004000	53248226
23960004000	21663682
24000004000	54050752
24040004000	22742835
24080004000	60550081
24120004000	20550081
24160004000	62267255
24200004000	40381534
24240004000	9529961
24280004000	41831858
24320004000	10437929
24360004000	42635331
24400004000	11199758
24440004000	48344646
24480004000	17593673
24520004000	53399674
24560004000	22882812
24600004000	56403355
24640004000	29083461
24680004000	66521841
24720004000	26521841
24760004000	54193695
24800004000	32284982
24840004000	6560869
24880004000	37113959
24920004000	11354308
24960004000	40382579
25000004000	9253433
25040004000	43149018
25080004000	12243595
25120004000	50937219
25160004000	22231278
25200004000	72792218
25240004000	32792218
25280004000	8383915
25320004000	37928820
25360004000	12046003
25400004000	40973296
25440004000	10165079
25480004000	48867356
25520004000	18402583
25560004000	55255962
25600004000	24766306
25640004000	58626739
25680004000	18626739
25720004000	70886174
25760004000	30886174
25800004000	6017403
25840004000	39580123
25880004000	14809291
25920004000	47039385
25960004000	16900474
26000004000	51972859
26040004000	21214391
26080004000	57011931
26120004000	26608609
26160004000	66446741
26200004000	26446741
26240004000	14983036
26280004000	50271724
26320004000	20356586
26360004000	56840680
26400004000	26588766
26440004000	62759266
26480004000	22759266
26520004000	74472312
26560004000	34472312
26600004000	11083888
26640004000	43353295
26680004000	13238321
26720004000	52607105
26760004000	27098169
26800004000	68405036
26840004000	28405036
26880004000	60850388
26920004000	40520044
26960004000	11027138
27000004000	49404221
27040004000	19428020
27080004000	56864617
27120004000	26930482
27160004000	63143382
27200004000	23143382
27240004000	82101834
27280004000	42101834
27320004000	18441982
27360004000	61614286
27400004000	21614286
27440004000	70550096
27480004000	30550096
27520004000	6979985
27560004000	39336400
27600004000	15490558
27640004000	52389591
27680004000	23128050
27720004000	61243682
27760004000	21243682
27800004000	77867538
27840004000	37867538
27880004000	15791020
27920004000	49110085
27960004000	19687217
28000004000	62032988
28040004000	22032988
28080004000	72799191
28120004000	32799191
28160004000	9538057
28200004000	41605103
28240004000	12064967
28280004000	51495864
28320004000	31835882
28360004000	61746341
28400004000	42942179
28440004000	14509769
28480004000	55663076
28520004000	26614356
28560004000	65795700
28600004000	25795700
28640004000	56787681
28680004000	36166458
28720004000	13118703
28760004000	50481973
28800004000	21851542
28840004000	66265779
28880004000	26265779
28920004000	8102120
28960004000	42215596
29000004000	13233590
29040004000	53966169
29080004000	25061125
29120004000	69082158
29160004000	29082158
29200004000	7304466
29240004000	41340720
29280004000	12584972
29320004000	53762156
29360004000	31659550
29400004000	62724934
29440004000	43690688
29480004000	15436271
29520004000	59825692
29560004000	31654675
29600004000	73692084
29640004000	33692084
29680004000	12044988
29720004000	46953743
29760004000	18430386
29800004000	60313908
29840004000	20313908
29880004000	82431066
29920004000	42431066
29960004000	17409569
30000004000	61235638
30040004000	21235638
30080004000	54776558
30120004000	35099163
30160004000	13805673
30200004000	49027920
30240004000	20832678
30280004000	66243670
30320004000	26243670
30360004000	61506242
30400004000	45563656
30440004000	26085912
30480004000	76205810
30520004000	36205810
30560004000	15914638
30600004000	52617621
30640004000	24638660
30680004000	72781284
30720004000	32781284
30760004000	12885064
30800004000	49053217
30840004000	20985486
30880004000	65258517
30920004000	25258517
30960004000	11708637
31000004000	52115768
31040004000	24792989
31080004000	74837805
31120004000	34837805
31160004000	15652433
31200004000	51988716
31240004000	90089811
31280004000	79162621
31320004000	39162621
31360004000	105635638
31400004000	65635638
31440004000	116488265
31480004000	118274287
31520004000	78274287
31560004000	122199118
31600004000	113599475
31640004000	73599475
31680004000	33599475
31720004000	109577180
31760004000	69577180
31800004000	108941694
31840004000	98249111
31880004000	58249111
31920004000	95078322
31960004000	85886561
32000004000	45886561
32040004000	84736524
32080004000	72716732
32120004000	32716732
32160004000	98356826
32200004000	58356826
32240004000	93888987
32280004000	80328372
32320004000	40328372
32360004000	83056915
32400004000	71282031
32440004000	31282031
32480004000	100669801
32520004000	60669801
32560004000	107719865
32600004000	97194990
32640004000	57194990
32680004000	92467005
32720004000	78361289
32760004000	38361289
32800004000	96187649
32840004000	56187649
32880004000	87996980
32920004000	72414874
32960004000	32414874
33000004000	103624580
33040004000	63624580
33080004000	99269192
33120004000	84432361
33160004000	44432361
33200004000	73282055
33240004000	55839903
33280004000	86999692
33320004000	69912803
33360004000	29912803
33400004000	95017760
33440004000	55017760
33480004000	85071370
33520004000	69922598
33560004000	29922598
33600004000	105691910
33640004000	65691910
33680004000	97444465
33720004000	80324456
33760004000	40324456
33800004000	79098185
33840004000	63421923
33880004000	94022773
33920004000	76159923
33960004000	36159923
34000004000	100562813
34040004000	60562813
34080004000	104904722
34120004000	92116782
34160004000	52116782
34200004000	94420274
34240004000	80027060
34280004000	40027060
34320004000	72376197
34360004000	54880808
34400004000	86047967
34440004000	68085101
34480004000	28085101
34520004000	92807891
34560004000	52807891
34600004000	26641322
34640004000	6209707
34680004000	2065068
34720004000	1471776
34760004000	1740396
34800004000	2055170
34840004000	2652780
34880004000	1836159
34920004000	2438697
34960004000	1672751
35000004000	1601256
35040004000	2219021
35080004000	2594195
35120004000	1375186
35160004000	1349922
35200004000	2016463
35240004000	2547004
35280004000	1494781
35320004000	1643634
35360004000	2216469
35400004000	2489019
35440004000	1641096
35480004000	2445424
35520004000	1586855
35560004000	2192492
35600004000	1581275
35640004000	1737624
35680004000	2001359
35720004000	2619279
35760004000	2170213
35800004000	2442131
35840004000	1365840
35880004000	1677552
35920004000	1803753
35960004000	2549017
36000004000	1647888
36040004000	2110001
36080004000	1774186
36120004000	1949602
36160004000	2406919
36200004000	1740607
36240004000	2100209
36280004000	2317297
36320004000	1517979
36360004000	1644329
36400004000	2120953
36440004000	1874857
36480004000	1977652
36520004000	2414261
36560004000	1501500
36600004000	1551167
36640004000	2061985
36680004000	2338285
36720004000	2423841
36760004000	1744223
36800004000	2412824
36840004000	1391704
36880004000	2112764
36920004000	2372845
36960004000	1315124
37000004000	1381009
37040004000	2737333
37080004000	2660377
37120004000	1623800
37160004000	2038868
37200004000	2471639
37240004000	1761524
37280004000	2084012
37320004000	1662434
37360004000	1924123
37400004000	2288506
37440004000	1254880
37480004000	1583588
37520004000	2078209
37560004000	2465686
37600004000	1752331
37640004000	2429293
37680004000	1372054
37720004000	1562436
37760004000	5554474
37800004000	1641835
37840004000	1514209
37880004000	1619805
37920004000	2107073
37960004000	2392117
38000004000	2394782
38040004000	1341681
38080004000	2136599
38120004000	1373910
38160004000	1487692
38200004000	1397887
38240004000	1524160
38280004000	4687853
38320004000	2012328
38360004000	1903659
38400004000	1868825
38440004000	2489478
38480004000	2405466
38520004000	1450865
38560004000	1646826
38600004000	1289053
38640004000	2047917
38680004000	1255012
38720004000	1640841
38760004000	2571062
38800004000	10367025
38840004000	2289618
38880004000	2400377
38920004000	1433469
38960004000	1799807
39000004000	2179933
39040004000	2387573
39080004000	1700368
39120004000	2262354
39160004000	2411239
39200004000	1285283
39240004000	1700041
39280004000	1686325
39320004000	1486710
39360004000	1705178
39400004000	1977003
39440004000	2584784
39480004000	1801345
39520004000	1477334
39560004000	2098156
39600004000	1560063
39640004000	1756510
39680004000	2075099
39720004000	2370446
39760004000	1422907
39800004000	1935598
39840004000	1810679
39880004000	2423321
39920004000	2353534
39960004000	1507636
