3328	23431476
62403328	34994934
124803328	22943109
187203328	21651841
249603328	10145402
312003328	4725560
374403328	5440800
436803328	9938345
499203328	9161072
561603328	5856983
624003328	4629556
686403328	4380298
748803328	4082005
811203328	5942177
873603328	15426595
936003328	13217114
998403328	7332628
1056126176	13774791
1113726176	14045928
1171326176	17316317
1228926176	12538675
1286526176	22158905
1344126176	18386659
1401726176	21397474
1459326176	17454593
1516926176	10212557
1574526176	11198715
1632126176	11328077
1689726176	29084869
1747326176	21332473
1804926176	18219189
1862526176	21724629
1920126176	20023067
1977726176	13770659
2041603328	4516215
2104003328	13865820
2166403328	7234095
2228803328	7631596
2291203328	6467607
2353603328	6058286
2416003328	5593719
2478403328	4003276
2540803328	19909673
2603203328	11996874
2665603328	5643810
2728003328	7609809
2790403328	4909914
2852803328	4775530
2915203328	5857101
2977603328	9629624
3036926176	12246904
3094526176	13595221
3152126176	16372183
3209726176	11471614
3267326176	11369855
3324926176	15991934
3382526176	14187331
3440126176	29658176
3497726176	14476344
3555326176	18402277
3612926176	16321824
3670526176	10921841
3728126176	13352733
3785726176	18293947
3843326176	22307486
3900926176	18412017
3958526176	21154883
4020803328	8521946
4083203328	5831750
4145603328	5407517
4208003328	20754016
4270403328	11827165
4332803328	4486235
4395203328	7664508
4457603328	7770925
4520003328	6518197
4582403328	4117694
4644803328	12573763
4707203328	7203067
4769603328	5710826
4832003328	5665965
4894403328	5217246
4956803328	7577756
5017726176	12205226
5075326176	25504472
5132926176	19245767
5190526176	17128279
5248126176	20006731
5305726176	16796817
5363326176	10575062
5420926176	12420371
5478526176	17231954
5536126176	15044511
5593726176	15135724
5651326176	23604450
5708926176	14247841
5766526176	12407987
5824126176	17309230
5881726176	37154797
5939326176	28110347
6000003328	13017290
6062403328	4650428
6124803328	4739145
6187203328	4905671
6249603328	5011755
6312003328	14264386
6374403328	7779342
6436803328	4462561
6499203328	6948745
6561603328	5819384
6624003328	4835323
6686403328	6755004
6748803328	16951226
6811203328	6815600
6873603328	5718121
6936003328	4375000
6998403328	6907898
7056126176	9793496
7113726176	14893352
7171326176	24710304
7228926176	16186004
7286526176	13231961
7344126176	15853409
7401726176	15469315
7459326176	11932322
7516926176	15577905
7574526176	22902506
7632126176	26840870
7689726176	19420465
7747326176	17613339
7804926176	11146266
7862526176	12285578
7920126176	11046421
7977726176	24319835
8041603328	5073629
8104003328	6336295
8166403328	4598965
8228803328	6482758
8291203328	4127283
8353603328	5124786
8416003328	19734522
8478403328	10713526
8540803328	4794372
8603203328	7140883
8665603328	4181131
8728003328	4267546
8790403328	7237909
8852803328	15691599
8915203328	5908825
8977603328	6220287
9036926176	8820148
9094526176	10114016
9152126176	9290129
9209726176	10206931
9267326176	29410602
9324926176	17515444
9382526176	23545624
9440126176	19992721
9497726176	11646436
9555326176	10502202
9612926176	14563743
9670526176	15006720
9728126176	19578227
9785726176	16457677
9843326176	19122090
9900926176	10550765
9958526176	17366665
10020803328	3883137
10083203328	17599039
10145603328	8952454
10208003328	6615300
10270403328	7207771
10332803328	6864890
10395203328	5820616
10457603328	7396249
10520003328	14492351
10582403328	7435371
10644803328	5525410
10707203328	5490200
10769603328	5931859
10832003328	6607489
10894403328	5416522
10956803328	23321413
11017726176	11896874
11075326176	11896310
11132926176	13650526
11190526176	17061523
11248126176	10918378
11305726176	12884550
11363326176	14460280
11420926176	19926098
11478526176	17644294
11536126176	11030115
11593726176	16980804
11651326176	11360295
11708926176	13916950
11766526176	25733909
11824126176	15273047
11881726176	22299959
11939326176	20650331
12000003328	6001660
12062403328	3819633
12124803328	3975398
12187203328	9618777
12249603328	6259854
12312003328	4294949
12374403328	4033874
12436803328	5074685
12499203328	6944823
12561603328	4583551
12624003328	17699917
12686403328	8726675
12748803328	5657832
12811203328	3661972
12873603328	4670046
12936003328	6735884
12998403328	4997388
13056126176	16255273
13113726176	13139562
13171326176	15606340
13228926176	14430909
13286526176	9304009
13344126176	10265571
13401726176	13378746
13459326176	24420519
13516926176	25585086
13574526176	16604005
13632126176	12864477
13689726176	15260458
13747326176	14219186
13804926176	10325872
13862526176	27449559
13920126176	18892818
13977726176	15562876
14041603328	4357190
14104003328	6632771
14166403328	3700907
14228803328	4223899
14291203328	18019363
14353603328	6162671
14416003328	4735181
14478403328	7000669
14540803328	6995487
14603203328	4583623
14665603328	5696803
14728003328	8230024
14790403328	4410359
14852803328	7539537
14915203328	6712655
14977603328	4402206
15036926176	7449682685
15094526176	7392082685
15152126176	7334482685
15209726176	7276882685
15267326176	7219282685
15324926176	7161682685
15382526176	7104082685
15440126176	7046482685
15497726176	6988882685
15555326176	6931282685
15612926176	6873682685
15670526176	6816082685
15728126176	6758482685
15785726176	6700882685
15843326176	6643282685
15900926176	6585682685
15958526176	6528082685
16020803328	6465805533
16083203328	6403405533
16145603328	6341005533
16208003328	6278605533
16270403328	6216205533
16332803328	6153805533
16395203328	6091405533
16457603328	6029005533
16520003328	5966605533
16582403328	5904205533
16644803328	5841805533
16707203328	5779405533
16769603328	5717005533
16832003328	5654605533
16894403328	5592205533
16956803328	5529805533
17017726176	5468882685
17075326176	5411282685
17132926176	5353682685
17190526176	5296082685
17248126176	5238482685
17305726176	5180882685
17363326176	5123282685
17420926176	5065682685
17478526176	5008082685
17536126176	4950482685
17593726176	4892882685
17651326176	4835282685
17708926176	4777682685
17766526176	4720082685
17824126176	4662482685
17881726176	4604882685
17939326176	4547282685
18000003328	4486605533
18062403328	4424205533
18124803328	4361805533
18187203328	4299405533
18249603328	4237005533
18312003328	4174605533
18374403328	4112205533
18436803328	4049805533
18499203328	3987405533
18561603328	3925005533
18624003328	3862605533
18686403328	3800205533
18748803328	3737805533
18811203328	3675405533
18873603328	3613005533
18936003328	3550605533
18998403328	3488205533
19056126176	3430482685
19113726176	3372882685
19171326176	3315282685
19228926176	3257682685
19286526176	3200082685
19344126176	3142482685
19401726176	3084882685
19459326176	3027282685
19516926176	2969682685
19574526176	2912082685
19632126176	2854482685
19689726176	2796882685
19747326176	2739282685
19804926176	2681682685
19862526176	2624082685
19920126176	2566482685
19977726176	2508882685
20041603328	4152294516
20104003328	4089894516
20166403328	4027494516
20228803328	3965094516
20291203328	3902694516
20353603328	3840294516
20416003328	3777894516
20478403328	3715494516
20540803328	3653094516
20603203328	3590694516
20665603328	3528294516
20728003328	3465894516
20790403328	3403494516
20852803328	3341094516
20915203328	3278694516
20977603328	3216294516
21036926176	3156971668
21094526176	3099371668
21152126176	3041771668
21209726176	2984171668
21267326176	2926571668
21324926176	2868971668
21382526176	2811371668
21440126176	2753771668
21497726176	2696171668
21555326176	2638571668
21612926176	2580971668
21670526176	2523371668
21728126176	2465771668
21785726176	2408171668
21843326176	2350571668
21900926176	2292971668
21958526176	2235371668
22020803328	2173094516
22083203328	2110694516
22145603328	2048294516
22208003328	1985894516
22270403328	1923494516
22332803328	1861094516
22395203328	1798694516
22457603328	1736294516
22520003328	2870707506
22582403328	2808307506
22644803328	2745907506
22707203328	2683507506
22769603328	2621107506
22832003328	2558707506
22894403328	2496307506
22956803328	2433907506
23017726176	2372984658
23075326176	2315384658
23132926176	2257784658
23190526176	2200184658
23248126176	2142584658
23305726176	2084984658
23363326176	2027384658
23420926176	1969784658
23478526176	1912184658
23536126176	1854584658
23593726176	1796984658
23651326176	1739384658
23708926176	1681784658
23766526176	1624184658
23824126176	1566584658
23881726176	1508984658
23939326176	1451384658
24000003328	1390707506
24062403328	1328307506
24124803328	1265907506
24187203328	1203507506
24249603328	2011895621
24312003328	1949495621
24374403328	1887095621
24436803328	1824695621
24499203328	1762295621
24561603328	1699895621
24624003328	1637495621
24686403328	1575095621
24748803328	1512695621
24811203328	1450295621
24873603328	1387895621
24936003328	1325495621
24998403328	1263095621
25056126176	1205372773
25113726176	1147772773
25171326176	1090172773
25228926176	1032572773
25286526176	974972773
25344126176	917372773
25401726176	859772773
25459326176	1425055894
25516926176	1367455894
25574526176	1309855894
25632126176	1252255894
25689726176	1194655894
25747326176	1137055894
25804926176	1079455894
25862526176	1021855894
25920126176	964255894
25977726176	906655894
26041603328	842778742
26104003328	780378742
26166403328	717978742
26228803328	655578742
26291203328	1038995081
26353603328	976595081
26416003328	914195081
26478403328	851795081
26540803328	789395081
26603203328	726995081
26665603328	664595081
26728003328	602195081
26790403328	539795081
26852803328	477395081
26915203328	766478802
26977603328	704078802
27036926176	644755954
27094526176	587155954
27152126176	529555954
27209726176	471955954
27267326176	414355954
27324926176	356755954
27382526176	577082976
27440126176	519482976
27497726176	461882976
27555326176	404282976
27612926176	346682976
27670526176	289082976
27728126176	451981623
27785726176	394381623
27843326176	336781623
27900926176	279181623
27958526176	221581623
28020803328	313604713
28083203328	251204713
28145603328	188804713
28208003328	235553151
28270403328	173153151
28332803328	110753151
28395203328	121657101
28457603328	108832178
28520003328	84636442
28582403328	55008188
28644803328	29777549
28707203328	3555884
28769603328	2277516
28832003328	3270850
28894403328	3237359
28956803328	3777356
29017726176	5010783
29075326176	4046728
29132926176	2782770
29190526176	5580795
29248126176	5745744
29305726176	3978698
29363326176	5075986
29420926176	7964485
29478526176	4496220
29536126176	4956846
29593726176	4577687
29651326176	4597853
29708926176	4429085
29766526176	4132521
29824126176	7069999
29881726176	5355619
29939326176	4802786
30000003328	2875285575
30062403328	4366239920
30124803328	4303839920
30187203328	4241439920
30249603328	4179039920
30312003328	4116639920
30374403328	4054239920
30436803328	3991839920
30499203328	3929439920
30561603328	3867039920
30624003328	3804639920
30686403328	3742239920
30748803328	3679839920
30811203328	3617439920
30873603328	3555039920
30936003328	3492639920
30998403328	3430239920
31056126176	3372517072
31113726176	3314917072
31171326176	3257317072
31228926176	3199717072
31286526176	3142117072
31344126176	3084517072
31401726176	3026917072
31459326176	2969317072
31516926176	2911717072
31574526176	2854117072
31632126176	2796517072
31689726176	2738917072
31747326176	2681317072
31804926176	2623717072
31862526176	2566117072
31920126176	2508517072
31977726176	2450917072
32041603328	2387039920
32104003328	2324639920
32166403328	2262239920
32228803328	2199839920
32291203328	2137439920
32353603328	2075039920
32416003328	2012639920
32478403328	1950239920
32540803328	1887839920
32603203328	1825439920
32665603328	1763039920
32728003328	1700639920
32790403328	1638239920
32852803328	1575839920
32915203328	2643371804
32977603328	2580971804
33036926176	2521648956
33094526176	2464048956
33152126176	2406448956
33209726176	2348848956
33267326176	2291248956
33324926176	2233648956
33382526176	2176048956
33440126176	2118448956
33497726176	2060848956
33555326176	2003248956
33612926176	1945648956
33670526176	1888048956
33728126176	1830448956
33785726176	1772848956
33843326176	1715248956
33900926176	1657648956
33958526176	1600048956
34020803328	1537771804
34083203328	1475371804
34145603328	1412971804
34208003328	1350571804
34270403328	1288171804
34332803328	1225771804
34395203328	1163371804
34457603328	1956372236
34520003328	1893972236
34582403328	1831572236
34644803328	1769172236
34707203328	1706772236
34769603328	1644372236
34832003328	1581972236
34894403328	1519572236
34956803328	1457172236
35017726176	1396249388
35075326176	1338649388
35132926176	1281049388
35190526176	1223449388
35248126176	1165849388
35305726176	1108249388
35363326176	1050649388
35420926176	993049388
35478526176	935449388
35536126176	877849388
35593726176	1437715568
35651326176	1380115568
35708926176	1322515568
35766526176	1264915568
35824126176	1207315568
35881726176	1149715568
35939326176	1092115568
36000003328	1031438416
36062403328	969038416
36124803328	906638416
36187203328	844238416
36249603328	781838416
36312003328	719438416
36374403328	657038416
36436803328	1050380195
36499203328	987980195
36561603328	925580195
36624003328	863180195
36686403328	800780195
36748803328	738380195
36811203328	675980195
36873603328	613580195
36936003328	551180195
36998403328	488780195
37056126176	796239747
37113726176	738639747
37171326176	681039747
37228926176	623439747
37286526176	565839747
37344126176	508239747
37401726176	450639747
37459326176	393039747
37516926176	626086707
37574526176	568486707
37632126176	510886707
37689726176	453286707
37747326176	395686707
37804926176	338086707
37862526176	499718189
37920126176	442118189
37977726176	384518189
38041603328	320641037
38104003328	258241037
38166403328	355041793
38228803328	292641793
38291203328	230241793
38353603328	167841793
38416003328	219345801
38478403328	156945801
38540803328	178056911
38603203328	115656911
38665603328	122989423
38728003328	110580721
38790403328	85442347
38852803328	51086054
38915203328	28015611
38977603328	12515185
39036926176	9887052
39094526176	13634981
39152126176	10700205
39209726176	11380956
39267326176	14107503
39324926176	13134771
39382526176	11765238
39440126176	9430525
39497726176	27724371
39555326176	20474072
39612926176	18210478
39670526176	18360706
39728126176	12762843
39785726176	11023886
39843326176	8538633
39900926176	11925622
39958526176	18980966
40020803328	4940704
40083203328	3360263
40145603328	5383017
40208003328	3492107
40270403328	5191413
40332803328	11279029
40395203328	7379485
40457603328	5241256
40520003328	3239663
40582403328	3459885
40644803328	4488860
40707203328	5963761
40769603328	7546393
40832003328	4104942
40894403328	4744331
40956803328	6909503
41017726176	9207577
41075326176	11576180
41132926176	10926893
41190526176	17327832
41248126176	22515610
41305726176	18178869
41363326176	17021585
41420926176	10844260
41478526176	9741342
41536126176	16435927
41593726176	20375634
41651326176	14794613
41708926176	13323853
41766526176	16642397
41824126176	15594046
41881726176	14829112
41939326176	12647720
42000003328	12094263
42062403328	8415041
42124803328	4074885
42187203328	3984773
42249603328	5137410
42312003328	3469075
42374403328	4503866
42436803328	5279950
42499203328	3275960
42561603328	5089677
42624003328	5502827
42686403328	5600004
42748803328	5746088
42811203328	8046890
42873603328	12221779
42936003328	5944472
42998403328	3500118
43056126176	9310388
43113726176	8985352
43171326176	12166902
43228926176	8331569
43286526176	12666351
43344126176	17652480
43401726176	17029268
43459326176	10988340
43516926176	10432887
43574526176	8394456
43632126176	17382773
43689726176	24685339
43747326176	17533813
43804926176	14844484
43862526176	16733375
43920126176	13376957
43977726176	15077312
44041603328	8798692
44104003328	7238606
44166403328	4287844
44228803328	4037397
44291203328	4393359
44353603328	4860672
44416003328	5247819
44478403328	10580714
44540803328	11501714
44603203328	4950308
44665603328	4869298
44728003328	6188813
44790403328	6161872
44852803328	3950709
44915203328	9511584
44977603328	4973795
45036926176	130621389
45094526176	73021389
45152126176	150099280
45209726176	182942689
45267326176	125342689
45324926176	228889402
45382526176	171289402
45440126176	227335551
45497726176	169735551
45555326176	282895252
45612926176	225295252
45670526176	287619670
45728126176	230019670
45785726176	172419670
45843326176	287074565
45900926176	229474565
45958526176	171874565
46020803328	213781359
46083203328	151381359
46145603328	247430149
46208003328	185030149
46270403328	217541029
46332803328	155141029
46395203328	228482164
46457603328	166082164
46520003328	184038061
46582403328	121638061
46644803328	188254000
46707203328	199373559
46769603328	136973559
46832003328	74573559
46894403328	142545267
46956803328	158798937
47017726176	97876089
47075326176	189275854
47132926176	225965724
47190526176	168365724
47248126176	110765724
47305726176	203152776
47363326176	244561645
47420926176	186961645
47478526176	129361645
47536126176	217404160
47593726176	159804160
47651326176	194691935
47708926176	137091935
47766526176	232083488
47824126176	174483488
47881726176	214166053
47939326176	156566053
48000003328	226998857
48062403328	164598857
48124803328	174201503
48187203328	111801503
48249603328	165441565
48312003328	167427465
48374403328	105027465
48436803328	152164378
48499203328	147237769
48561603328	84837769
48624003328	138500179
48686403328	144225624
48748803328	81825624
48811203328	131925174
48873603328	128426526
48936003328	66026526
48998403328	125455388
49056126176	138715088
49113726176	81115088
49171326176	151061472
49228926176	170098097
49286526176	112498097
49344126176	192024637
49401726176	217817502
49459326176	160217502
49516926176	102617502
49574526176	184096679
49632126176	210840459
49689726176	153240459
49747326176	95640459
49804926176	180402750
49862526176	206103974
49920126176	148503974
49977726176	90903974
50041603328	149215380
50104003328	151304403
50166403328	88904403
50228803328	146401101
50291203328	148155854
50353603328	85755854
50416003328	139032943
50478403328	136199315
50540803328	73799315
50603203328	127705208
50665603328	124082246
50728003328	61682246
50790403328	163337800
50852803328	100937800
50915203328	145757619
50977603328	143547046
51036926176	84224198
51094526176	146598424
51152126176	161691883
51209726176	104091883
51267326176	189415526
51324926176	218580463
51382526176	160980463
51440126176	103380463
51497726176	192488132
51555326176	226541203
51612926176	168941203
51670526176	111341203
51728126176	120916067
51785726176	111722543
51843326176	54122543
51900926176	56681951
51958526176	32066300
52020803328	12101788
52083203328	3683274
52145603328	3350163
52208003328	2224258
52270403328	3366687
52332803328	1887335
52395203328	3253477
52457603328	5154195
52520003328	3629145
52582403328	3642036
52644803328	3140606
52707203328	3391182
52769603328	2308545
52832003328	2144039
52894403328	11962636
52956803328	2051341
53017726176	3689234
53075326176	2894385
53132926176	3694758
53190526176	2406545
53248126176	2728156
53305726176	6549864
53363326176	4776862
53420926176	4508496
53478526176	3413191
53536126176	3999443
53593726176	2859436
53651326176	3546740
53708926176	13050448
53766526176	3536798
53824126176	3130739
53881726176	2891645
53939326176	4316612
54000003328	949313
54062403328	2235241
54124803328	3840250
54187203328	3947171
54249603328	3027337
54312003328	1976567
54374403328	3609722
54436803328	2906004
54499203328	2310337
54561603328	8272572
54624003328	3578762
54686403328	1819643
54748803328	3594315
54811203328	2641241
54873603328	2086283
54936003328	2626958
54998403328	4675334
55056126176	3986929
55113726176	4533722
55171326176	2726031
55228926176	2976437
55286526176	2848525
55344126176	3805734
55401726176	14863696
55459326176	2750488
55516926176	2925067
55574526176	3078378
55632126176	3746746
55689726176	4122765
55747326176	2560927
55804926176	8189526
55862526176	3811103
55920126176	3044318
55977726176	4666459
56041603328	4005516
56104003328	2608536
56166403328	3622816
56228803328	11963405
56291203328	2148140
56353603328	3200730
56416003328	2149880
56478403328	2159409
56540803328	4037035
56603203328	2327519
56665603328	3343440
56728003328	4007110
56790403328	3808364
56852803328	4162033
56915203328	2554769
56977603328	2203242
57036926176	3918311
57094526176	14253572
57152126176	5248443
57209726176	3588192
57267326176	3813212
57324926176	2902005
57382526176	2891270
57440126176	2940325
57497726176	6497204
57555326176	4048927
57612926176	3940576
57670526176	3676518
57728126176	3668568
57785726176	3437787
57843326176	2633644
57900926176	14540474
57958526176	4633162
58020803328	3483359
58083203328	3929350
58145603328	2715198
58208003328	3651550
58270403328	3683301
58332803328	3319355
58395203328	2266271
58457603328	3582179
58520003328	3723372
58582403328	3363592
58644803328	3296187
58707203328	2359297
58769603328	9754047
58832003328	3707116
58894403328	3297986
58956803328	2950704
59017726176	3441685
59075326176	5068533
59132926176	4330518
59190526176	7851904
59248126176	4451386
59305726176	4200290
59363326176	4240498
59420926176	5057780
59478526176	3715903
59536126176	2719043
59593726176	15359878
59651326176	5180653
59708926176	2615824
59766526176	2675029
59824126176	4860763
59881726176	3463927
59939326176	3726012
