2752	8640494
61922752	55075693
123842752	47068437
185762752	36486181
247682752	47838991
309602752	32711438
371522752	44380215
433442752	36476197
495362752	26707147
557282752	38988676
619202752	24502270
681122752	31733408
743042752	52890737
804962752	55011602
866882752	53034259
928802752	48132107
990722752	42427843
1049276070	47220973
1107236070	71705970
1165196070	60991394
1223156070	53129181
1281116070	103969898
1339076070	105153613
1397036070	114128070
1454996070	134523991
1512956070	157184979
1570916070	99224979
1628876070	125181228
1686836070	154015796
1744796070	96055796
1802756070	133337522
1860716070	173219604
1918676070	115259604
1976636070	149181654
2039216688	173826159
2101136688	111906159
2163056688	140804463
2224976688	161799327
2286896688	99879327
2348816688	115386122
2410736688	125708626
2472656688	136580282
2534576688	74660282
2596496688	80156486
2658416688	81250181
2720336688	78402356
2782256688	72016771
2844176688	68109881
2906096688	67005219
2968016688	61358694
3028022138	58344253
3085982138	59708054
3143942138	63327075
3201902138	72001056
3259862138	85955489
3317822138	101677893
3375782138	120023531
3433742138	140933912
3491702138	82973912
3549662138	115805779
3607622138	153476127
3665582138	95516127
3723542138	135470366
3781502138	178983063
3839462138	121023063
3897422138	170594278
3955382138	112634278
4016510624	150572196
4078430624	179912449
4140350624	117992449
4202270624	146472386
4264190624	174248892
4326110624	112328892
4388030624	132983226
4449950624	147472892
4511870624	85552892
4573790624	96723426
4635710624	106606141
4697630624	111320978
4759550624	111545278
4821470624	107675000
4883390624	101668393
4945310624	104215378
5006768206	108221892
5064728206	118438913
5122688206	131035931
5180648206	73075931
5238608206	88264174
5296568206	110082232
5354528206	135789165
5412488206	163339432
5470448206	105379432
5528408206	135612939
5586368206	175418929
5644328206	117458929
5702288206	164074085
5760248206	106114085
5818208206	154149515
5876168206	201712771
5934128206	143752771
5992088206	187475951
6055724560	123839597
6117644560	154448674
6179564560	92528674
6241484560	115835952
6303404560	140071667
6365324560	162290243
6427244560	100370243
6489164560	115249990
6551084560	124685095
6613004560	130011766
6674924560	68091766
6736844560	74085927
6798764560	74947827
6860684560	71723063
6922604560	64446335
6984524560	54264129
7043474274	119061663
7101434274	129584799
7159394274	71624799
7217354274	84323786
7275314274	98682001
7333274274	117189768
7391234274	143511695
7449194274	85551695
7507154274	113259358
7565114274	143502892
7623074274	176858264
7681034274	118898264
7738994274	168404476
7796954274	110444476
7854914274	162536238
7912874274	209440523
7970834274	151480523
8033018496	190172454
8094938496	128252454
8156858496	162283652
8218778496	100363652
8280698496	126671877
8342618496	146953209
8404538496	85033209
8466458496	109726310
8528378496	126619161
8590298496	137741667
8652218496	75821667
8714138496	82189240
8776058496	87220147
8837978496	91110251
8899898496	90150689
8961818496	86473533
9022220342	85795853
9080180342	95150725
9138140342	118650484
9196100342	144069407
9254060342	86109407
9312020342	113790395
9369980342	144299445
9427940342	181659082
9485900342	123699082
9543860342	167245411
9601820342	109285411
9659780342	154666432
9717740342	204664153
9775700342	146704153
9833660342	210070540
9891620342	152110540
9949580342	207940779
10010312432	147208689
10072232432	191404704
10134152432	129484704
10196072432	170293980
10257992432	108373980
10319912432	140421130
10381832432	165492679
10443752432	103572679
10505672432	128006358
10567592432	152229590
10629512432	90309590
10691432432	106878596
10753352432	117348124
10815272432	123661788
10877192432	130803147
10939112432	68883147
11000966410	73575231
11058926410	84350981
11116886410	97580945
11174846410	114100642
11232806410	144078105
11290766410	175953024
11348726410	117993024
11406686410	152275893
11464646410	94315893
11522606410	131518475
11580566410	175851247
11638526410	117891247
11696486410	163846426
11754446410	105886426
11812406410	154490694
11870366410	211497973
11928326410	153537973
11986286410	203479924
12049526368	140239966
12111446368	176927253
12173366368	115007253
12235286368	146592334
12297206368	174041767
12359126368	112121767
12421046368	132170937
12482966368	146314444
12544886368	84394444
12606806368	97614865
12668726368	112982970
12730646368	121828658
12792566368	125910186
12854486368	126192926
12916406368	64272926
12978326368	63492905
13037672478	70375844
13095632478	80312785
13153592478	92370480
13211552478	107033696
13269512478	126729840
13327472478	157823126
13385432478	99863126
13443392478	132131573
13501352478	166176800
13559312478	108216800
13617272478	145621898
13675232478	189325973
13733192478	131365973
13791152478	176866137
13849112478	118906137
13907072478	163929834
13965032478	105969834
14026820304	149447345
14088740304	183903781
14150660304	121983781
14212580304	148717002
14274500304	169901561
14336420304	107981561
14398340304	127657218
14460260304	141215121
14522180304	79295121
14584100304	87304398
14646020304	90309652
14707940304	95965203
14769860304	100918340
14831780304	100391218
14893700304	95799711
14955620304	88665298
15016418546	1316944850
15074378546	2123307691
15132338546	2065347691
15190298546	2007387691
15248258546	1949427691
15306218546	1891467691
15364178546	1833507691
15422138546	1775547691
15480098546	1717587691
15538058546	1659627691
15596018546	1601667691
15653978546	1543707691
15711938546	1485747691
15769898546	1427787691
15827858546	1369827691
15885818546	1311867691
15943778546	1253907691
16004114240	1193571997
16066034240	1131651997
16127954240	1069731997
16189874240	1007811997
16251794240	945891997
16313714240	883971997
16375634240	1579335171
16437554240	1517415171
16499474240	1455495171
16561394240	1393575171
16623314240	1331655171
16685234240	1269735171
16747154240	1207815171
16809074240	1145895171
16870994240	1083975171
16932914240	1022055171
16994834240	960135171
17053124614	901844797
17111084614	843884797
17169044614	785924797
17227004614	1396737919
17284964614	1338777919
17342924614	1280817919
17400884614	1222857919
17458844614	1164897919
17516804614	1106937919
17574764614	1048977919
17632724614	991017919
17690684614	933057919
17748644614	875097919
17806604614	817137919
17864564614	759177919
17922524614	701217919
17980484614	1211363684
18043328176	1148520122
18105248176	1086600122
18167168176	1024680122
18229088176	962760122
18291008176	900840122
18352928176	838920122
18414848176	777000122
18476768176	715080122
18538688176	653160122
18600608176	591240122
18662528176	1046986785
18724448176	985066785
18786368176	923146785
18848288176	861226785
18910208176	799306785
18972128176	737386785
19031870682	677644279
19089830682	619684279
19147790682	561724279
19205750682	983027228
19263710682	925067228
19321670682	867107228
19379630682	809147228
19437590682	751187228
19495550682	693227228
19553510682	635267228
19611470682	577307228
19669430682	519347228
19727390682	873345620
19785350682	815385620
19843310682	757425620
19901270682	699465620
19959230682	641505620
20020622112	580114190
20082542112	518194190
20144462112	456274190
20206382112	745970987
20268302112	684050987
20330222112	622130987
20392142112	560210987
20454062112	498290987
20515982112	436370987
20577902112	374450987
20639822112	616429658
20701742112	554509658
20763662112	492589658
20825582112	430669658
20887502112	368749658
20949422112	306829658
21010616750	532592283
21068576750	474632283
21126536750	416672283
21184496750	358712283
21242456750	300752283
21300416750	512640048
21358376750	454680048
21416336750	396720048
21474296750	338760048
21532256750	280800048
21590216750	478389056
21648176750	420429056
21706136750	362469056
21764096750	304509056
21822056750	475999193
21880016750	418039193
21937976750	360079193
21995936750	302119193
22059836048	238219895
22121756048	371710376
22183676048	309790376
22245596048	247870376
22307516048	352333114
22369436048	290413114
22431356048	228493114
22493276048	166573114
22555196048	245935084
22617116048	184015084
22679036048	238854624
22740956048	176934624
22802876048	214754158
22864796048	152834158
22926716048	176272105
22988636048	114352105
23047322818	135975327
23105282818	160966338
23163242818	103006338
23221202818	119538960
23279162818	129840947
23337122818	71880947
23395082818	77019953
23453042818	81565012
23511002818	81783160
23568962818	76601246
23626922818	67258523
23684882818	54157951
23742842818	80405790
23800802818	67872194
23858762818	50414624
23916722818	63724361
23974682818	36255300
24037129984	36403344
24099049984	15570810
24160969984	12019453
24222889984	8833131
24284809984	5458120
24346729984	8121355
24408649984	7423406
24470569984	25266918
24532489984	11324308
24594409984	6885205
24656329984	4904368
24718249984	6753362
24780169984	8507718
24842089984	12574215
24904009984	6033984
24965929984	6199088
25026068886	8916159
25084028886	11005276
25141988886	8336997
25199948886	17292290
25257908886	16088802
25315868886	14600174
25373828886	12053764
25431788886	7772457
25489748886	7411834
25547708886	19647712
25605668886	16110724
25663628886	12597040
25721588886	12020343
25779548886	9397379
25837508886	14006903
25895468886	20667632
25953428886	14706794
26014423920	6834688
26076343920	6868972
26138263920	5790368
26200183920	15437805
26262103920	5463016
26324023920	4948065
26385943920	6965949
26447863920	4984653
26509783920	7969005
26571703920	28072872
26633623920	11776636
26695543920	6023100
26757463920	5580229
26819383920	7725593
26881303920	5588260
26943223920	10165528
27004814954	6020545
27062774954	10484298
27120734954	13356362
27178694954	9647990
27236654954	13112073
27294614954	30959657
27352574954	13544549
27410534954	12148497
27468494954	11099918
27526454954	9502770
27584414954	8582050
27642374954	13727955
27700334954	14462854
27758294954	13914552
27816254954	7685348
27874214954	13796731
27932174954	11703910
27990134954	18429164
28053637856	7274944
28115557856	6046626
28177477856	7718325
28239397856	4934632
28301317856	15818217
28363237856	7523515
28425157856	7033173
28487077856	8965660
28548997856	5035320
28610917856	9445224
28672837856	14189166
28734757856	8283816
28796677856	8936092
28858597856	6343521
28920517856	7769241
28982437856	7905527
29041521022	19561127
29099481022	14293650
29157441022	10079680
29215401022	8446913
29273361022	12939993
29331321022	9947291
29389281022	27065814
29447241022	23307128
29505201022	11064370
29563161022	9350208
29621121022	7816847
29679081022	14096270
29737041022	12869614
29795001022	12423257
29852961022	10832631
29910921022	10335346
29968881022	8468230
30030931792	1329804745
30092851792	1267884745
30154771792	1205964745
30216691792	1144044745
30278611792	1082124745
30340531792	1020204745
30402451792	958284745
30464371792	896364745
30526291792	834444745
30588211792	772524745
30650131792	710604745
30712051792	648684745
30773971792	586764745
30835891792	1083977569
30897811792	1022057569
30959731792	960137569
31020267090	899602271
31078227090	841642271
31136187090	783682271
31194147090	725722271
31252107090	667762271
31310067090	609802271
31368027090	1100039200
31425987090	1042079200
31483947090	984119200
31541907090	926159200
31599867090	868199200
31657827090	810239200
31715787090	752279200
31773747090	694319200
31831707090	636359200
31889667090	578399200
31947627090	1019667353
32008225728	959068715
32070145728	897148715
32132065728	835228715
32193985728	773308715
32255905728	711388715
32317825728	649468715
32379745728	587548715
32441665728	525628715
32503585728	933027357
32565505728	871107357
32627425728	809187357
32689345728	747267357
32751265728	685347357
32813185728	623427357
32875105728	561507357
32937025728	499587357
32998945728	911291645
33056973158	853264215
33114933158	795304215
33172893158	737344215
33230853158	679384215
33288813158	621424215
33346773158	563464215
33404733158	505504215
33462693158	922322280
33520653158	864362280
33578613158	806402280
33636573158	748442280
33694533158	690482280
33752493158	632522280
33810453158	574562280
33868413158	516602280
33926373158	894275672
33984333158	836315672
34047439664	773209166
34109359664	711289166
34171279664	649369166
34233199664	587449166
34295119664	525529166
34357039664	463609166
34418959664	807921173
34480879664	746001173
34542799664	684081173
34604719664	622161173
34666639664	560241173
34728559664	498321173
34790479664	436401173
34852399664	778864545
34914319664	716944545
34976239664	655024545
35035719226	595544983
35093679226	537584983
35151639226	479624983
35209599226	421664983
35267559226	776380655
35325519226	718420655
35383479226	660460655
35441439226	602500655
35499399226	544540655
35557359226	486580655
35615319226	428620655
35673279226	773395193
35731239226	715435193
35789199226	657475193
35847159226	599515193
35905119226	541555193
35963079226	483595193
36024733600	421940819
36086653600	727782327
36148573600	665862327
36210493600	603942327
36272413600	542022327
36334333600	480102327
36396253600	418182327
36458173600	696915371
36520093600	634995371
36582013600	573075371
36643933600	511155371
36705853600	449235371
36767773600	387315371
36829693600	661994914
36891613600	600074914
36953533600	538154914
37014465294	477223220
37072425294	419263220
37130385294	361303220
37188345294	647818918
37246305294	589858918
37304265294	531898918
37362225294	473938918
37420185294	415978918
37478145294	358018918
37536105294	647565849
37594065294	589605849
37652025294	531645849
37709985294	473685849
37767945294	415725849
37825905294	357765849
37883865294	627023884
37941825294	569063884
38002027536	508861642
38063947536	446941642
38125867536	385021642
38187787536	624089288
38249707536	562169288
38311627536	500249288
38373547536	438329288
38435467536	376409288
38497387536	314489288
38559307536	533901114
38621227536	471981114
38683147536	410061114
38745067536	348141114
38806987536	286221114
38868907536	500114028
38930827536	438194028
38992747536	376274028
39051171362	317850202
39109131362	542141482
39167091362	484181482
39225051362	426221482
39283011362	368261482
39340971362	310301482
39398931362	542576104
39456891362	484616104
39514851362	426656104
39572811362	368696104
39630771362	310736104
39688731362	540741435
39746691362	482781435
39804651362	424821435
39862611362	366861435
39920571362	308901435
39978531362	520858679
40041241472	458148569
40103161472	396228569
40165081472	334308569
40227001472	272388569
40288921472	459259327
40350841472	397339327
40412761472	335419327
40474681472	273499327
40536601472	447403966
40598521472	385483966
40660441472	323563966
40722361472	261643966
40784281472	426253788
40846201472	364333788
40908121472	302413788
40970041472	240493788
41029917430	412722219
41087877430	354762219
41145837430	296802219
41203797430	238842219
41261757430	424369300
41319717430	366409300
41377677430	308449300
41435637430	250489300
41493597430	443962801
41551557430	386002801
41609517430	328042801
41667477430	270082801
41725437430	463494536
41783397430	405534536
41841357430	347574536
41899317430	289614536
41957277430	471535758
42018535408	410277780
42080455408	348357780
42142375408	286437780
42204295408	447529827
42266215408	385609827
42328135408	323689827
42390055408	261769827
42451975408	408184612
42513895408	346264612
42575815408	284344612
42637735408	222424612
42699655408	362466216
42761575408	300546216
42823495408	238626216
42885415408	375271118
42947335408	313351118
43008663498	252023028
43066623498	402131850
43124583498	344171850
43182543498	286211850
43240503498	228251850
43298463498	389525977
43356423498	331565977
43414383498	273605977
43472343498	442966693
43530303498	385006693
43588263498	327046693
43646223498	269086693
43704183498	442286972
43762143498	384326972
43820103498	326366972
43878063498	268406972
43936023498	429816950
43993983498	371856950
44057749344	308091104
44119669344	246171104
44181589344	392509302
44243509344	330589302
44305429344	268669302
44367349344	206749302
44429269344	339631155
44491189344	277711155
44553109344	215791155
44615029344	334269490
44676949344	272349490
44738869344	210429490
44800789344	326471731
44862709344	264551731
44924629344	202631731
44986549344	340145967
45045369566	281325745
45103329566	223365745
45161289566	368168493
45219249566	310208493
45277209566	252248493
45335169566	425220067
45393129566	367260067
45451089566	309300067
45509049566	251340067
45567009566	426603190
45624969566	368643190
45682929566	310683190
45740889566	252723190
45798849566	441234103
45856809566	383274103
45914769566	325314103
45972729566	267354103
46035043280	426856339
46096963280	364936339
46158883280	303016339
46220803280	241096339
46282723280	402637930
46344643280	340717930
46406563280	278797930
46468483280	416139717
46530403280	354219717
46592323280	292299717
46654243280	230379717
46716163280	369580610
46778083280	307660610
46840003280	245740610
46901923280	382125717
46963843280	320205717
47024115634	259933363
47082075634	201973363
47140035634	359570646
47197995634	301610646
47255955634	243650646
47313915634	394116709
47371875634	336156709
47429835634	278196709
47487795634	220236709
47545755634	391557176
47603715634	333597176
47661675634	275637176
47719635634	434000345
47777595634	376040345
47835555634	318080345
47893515634	260120345
47951475634	414083133
48012337216	353221551
48074257216	291301551
48136177216	229381551
48198097216	354735970
48260017216	292815970
48321937216	230895970
48383857216	352179435
48445777216	290259435
48507697216	228339435
48569617216	325217498
48631537216	263297498
48693457216	201377498
48755377216	296933032
48817297216	235013032
48879217216	173093032
48941137216	258800605
49002861702	197076119
49060821702	299810103
49118781702	241850103
49176741702	183890103
49234701702	273187019
49292661702	215227019
49350621702	157267019
49408581702	258689950
49466541702	200729950
49524501702	289900669
49582461702	231940669
49640421702	173980669
49698381702	282050945
49756341702	224090945
49814301702	166130945
49872261702	255836804
49930221702	197876804
49988181702	285112631
50051551152	221743181
50113471152	159823181
50175391152	214160740
50237311152	152240740
50299231152	215673988
50361151152	153753988
50423071152	193056495
50484991152	131136495
50546911152	173460945
50608831152	111540945
50670751152	134262784
50732671152	163142482
50794591152	101222482
50856511152	111397402
50918431152	131371681
50980351152	144311165
51039567770	85094547
51097527770	123863271
51155487770	149076203
51213447770	91116203
51271407770	128413051
51329367770	155591888
51387327770	97631888
51445287770	141035820
51503247770	170633040
51561207770	112673040
51619167770	153689440
51677127770	191310116
51735087770	133350116
51793047770	184671173
51851007770	126711173
51908967770	161793980
51966927770	103833980
52028845088	138624659
52090765088	156780985
52152685088	94860985
52214605088	117101359
52276525088	121063537
52338445088	132620676
52400365088	137782488
52462285088	75862488
52524205088	86601917
52586125088	86829879
52648045088	95614914
52709965088	89017384
52771885088	95119189
52833805088	87282045
52895725088	88704790
52957645088	75820333
53018313838	77988477
53076273838	73279379
53134233838	91991530
53192193838	102117755
53250153838	106273062
53308113838	105029434
53366073838	99290857
53424033838	90865850
53481993838	82946385
53539953838	70207477
53597913838	53473737
53655873838	66751712
53713833838	40055483
53771793838	38522455
53829753838	48702682
53887713838	47727946
53945673838	38357344
54006139024	29786940
54068059024	8341818
54129979024	11020123
54191899024	9248213
54253819024	6912304
54315739024	5057970
54377659024	6137360
54439579024	6270559
54501499024	22318658
54563419024	9146714
54625339024	4420658
54687259024	5917756
54749179024	6819635
54811099024	4525048
54873019024	11664469
54934939024	8604137
54996859024	7067332
55055019906	11643545
55112979906	7839589
55170939906	10682894
55228899906	22304248
55286859906	18128655
55344819906	14324657
55402779906	9129054
55460739906	12602975
55518699906	11247724
55576659906	15616650
55634619906	13818295
55692579906	10033687
55750539906	8088457
55808499906	10286231
55866459906	13087890
55924419906	19967039
55982379906	14058796
56045352960	6766789
56107272960	6076522
56169192960	6657507
56231112960	10601046
56293032960	6432637
56354952960	4759968
56416872960	4812382
56478792960	6364830
56540712960	7707253
56602632960	13620948
56664552960	10817264
56726472960	6262425
56788392960	7641523
56850312960	7840491
56912232960	4939243
56974152960	9209222
57033765974	8741985
57091725974	8944593
57149685974	9676617
57207645974	10408501
57265605974	11182839
57323565974	23668033
57381525974	16257214
57439485974	18140143
57497445974	8460649
57555405974	12199949
57613365974	12715436
57671325974	14169794
57729285974	13898300
57787245974	12481520
57845205974	8055398
57903165974	9141671
57961125974	12114545
58022646896	12329119
58084566896	5443564
58146486896	6786811
58208406896	6080164
58270326896	5095230
58332246896	13043996
58394166896	8457923
58456086896	5208667
58518006896	4800663
58579926896	7981311
58641846896	7519639
58703766896	16193467
58765686896	8838743
58827606896	7045761
58889526896	6677601
58951446896	6431176
59012512042	10047837
59070472042	16540223
59128432042	11118077
59186392042	10899055
59244352042	11640881
59302312042	11721118
59360272042	11600889
59418232042	27403894
59476192042	18667453
59534152042	8935342
59592112042	13353424
59650072042	9510497
59708032042	11681804
59765992042	15632433
59823952042	8451551
59881912042	8027324
