4208	19766829
63124208	17777672
126244208	2612963
189364208	1877857
252484208	2558948
315604208	2455060
378724208	2520625
441844208	1543505
504964208	3034364
568084208	3124623
631204208	2897040
694324208	2333232
757444208	1736831
820564208	1940529
883684208	3117181
946804208	2042908
1008980858	2930833
1066100858	2448299
1123220858	6536288
1180340858	2980117
1237460858	3110875
1294580858	3525181
1351700858	2779234
1408820858	2457261
1465940858	3007405
1523060858	2421707
1580180858	3481317
1637300858	4219111
1694420858	2557337
1751540858	2920501
1808660858	3410926
1865780858	3810505
1922900858	3549944
1980020858	3616527
2042084208	3033158
2105204208	15496556
2168324208	1914785
2231444208	2537067
2294564208	2215013
2357684208	2550929
2420804208	2486189
2483924208	2163110
2547044208	2812896
2610164208	2086555
2673284208	2691110
2736404208	2848998
2799524208	1869560
2862644208	2321532
2925764208	2022855
2988884208	2000738
3047060858	2748105
3104180858	2488372
3161300858	3284305
3218420858	5868167
3275540858	3779397
3332660858	2301700
3389780858	2624733
3446900858	2323672
3504020858	3266084
3561140858	3707180
3618260858	3834257
3675380858	2272364
3732500858	3364356
3789620858	3479021
3846740858	2268745
3903860858	3344696
3960980858	2477039
4021044208	2508279
4084164208	2905227
4147284208	2834766
4210404208	15387993
4273524208	2372392
4336644208	2603445
4399764208	1734883
4462884208	1962698
4526004208	2370366
4589124208	1944759
4652244208	2916679
4715364208	2164248
4778484208	3167088
4841604208	2195392
4904724208	2401561
4967844208	1908644
5028020858	3267230
5085140858	2903786
5142260858	3372877
5199380858	3664022
5256500858	3076464
5313620858	8928050
5370740858	2653410
5427860858	3283769
5484980858	2477881
5542100858	2465617
5599220858	2394049
5656340858	3637951
5713460858	2107575
5770580858	3373374
5827700858	2264313
5884820858	3161928
5941940858	3065469
6000004208	1942226
6063124208	1837669
6126244208	3022743
6189364208	2862656
6252484208	3007663
6315604208	14355059
6378724208	2116931
6441844208	2366227
6504964208	2256846
6568084208	2885106
6631204208	1528005
6694324208	1548027
6757444208	2974284
6820564208	2482655
6883684208	2646606
6946804208	2608747
7008980858	2584335
7066100858	2537754
7123220858	2260146
7180340858	2212883
7237460858	2493678
7294580858	2821722
7351700858	2524882
7408820858	3865613
7465940858	2992243
7523060858	2615537
7580180858	3529799
7637300858	3156756
7694420858	3757980
7751540858	2634068
7808660858	2787254
7865780858	2932850
7922900858	3789545
7980020858	3183735
8042084208	1603390
8105204208	2465958
8168324208	4323654
8231444208	1739048
8294564208	2983658
8357684208	3073444
8420804208	12457658
8483924208	2685796
8547044208	1877986
8610164208	1844710
8673284208	2047541
8736404208	2770043
8799524208	2112001
8862644208	2550238
8925764208	3259443
8988884208	3918961
9047060858	2588553
9104180858	2938318
9161300858	3616788
9218420858	3912921
9275540858	3975060
9332660858	2775813
9389780858	2591203
9446900858	3597028
9504020858	3995306
9561140858	3036717
9618260858	2123557
9675380858	3876935
9732500858	2824972
9789620858	3028670
9846740858	2696961
9903860858	3404967
9960980858	3166449
10021044208	2212184
10084164208	2998444
10147284208	1962733
10210404208	2242437
10273524208	2684901
10336644208	2864176
10399764208	1576204
10462884208	2032722
10526004208	10624907
10589124208	2571477
10652244208	1915813
10715364208	2800643
10778484208	2361583
10841604208	3069723
10904724208	2452963
10967844208	2598580
11028020858	3234461
11085140858	3422303
11142260858	2523399
11199380858	2448237
11256500858	2392612
11313620858	2867671
11370740858	2950338
11427860858	3249805
11484980858	3748695
11542100858	4100498
11599220858	2865802
11656340858	3838433
11713460858	2409537
11770580858	2583386
11827700858	2042804
11884820858	2135790
11941940858	3665428
12000004208	1531716
12063124208	7815529
12126244208	2582597
12189364208	1900258
12252484208	2127238
12315604208	2777502
12378724208	2352332
12441844208	2481597
12504964208	2929604
12568084208	1568362
12631204208	6355215
12694324208	2988534
12757444208	2857149
12820564208	3024235
12883684208	2714025
12946804208	3066988
13008980858	2066406
13066100858	2011581
13123220858	4032724
13180340858	2693528
13237460858	2080807
13294580858	2573079
13351700858	2268711
13408820858	3067400
13465940858	3103616
13523060858	3420384
13580180858	3423950
13637300858	3103739
13694420858	4661425
13751540858	3716091
13808660858	3920467
13865780858	2567500
13922900858	2387001
13980020858	3808146
14042084208	3083499
14105204208	2315870
14168324208	6576777
14231444208	2803317
14294564208	2912039
14357684208	1805768
14420804208	3031308
14483924208	2938287
14547044208	2384972
14610164208	2220480
14673284208	2766181
14736404208	7562200
14799524208	1678847
14862644208	2289026
14925764208	2318949
14988884208	1558760
15047060858	6013551743
15104180858	5956431743
15161300858	5899311743
15218420858	5842191743
15275540858	5785071743
15332660858	5727951743
15389780858	5670831743
15446900858	5613711743
15504020858	5556591743
15561140858	5499471743
15618260858	5442351743
15675380858	5385231743
15732500858	5328111743
15789620858	5270991743
15846740858	5213871743
15903860858	5156751743
15960980858	5099631743
16021044208	5039568393
16084164208	4976448393
16147284208	4913328393
16210404208	4850208393
16273524208	4787088393
16336644208	4723968393
16399764208	4660848393
16462884208	4597728393
16526004208	4534608393
16589124208	4471488393
16652244208	4408368393
16715364208	4345248393
16778484208	4282128393
16841604208	4219008393
16904724208	4155888393
16967844208	4092768393
17028020858	4032591743
17085140858	3975471743
17142260858	3918351743
17199380858	3861231743
17256500858	3804111743
17313620858	3746991743
17370740858	3689871743
17427860858	3632751743
17484980858	3575631743
17542100858	3518511743
17599220858	3461391743
17656340858	3404271743
17713460858	3347151743
17770580858	3290031743
17827700858	3232911743
17884820858	3175791743
17941940858	3118671743
18000004208	3060608393
18063124208	2997488393
18126244208	2934368393
18189364208	2871248393
18252484208	2808128393
18315604208	2745008393
18378724208	2681888393
18441844208	2618768393
18504964208	2555648393
18568084208	2492528393
18631204208	2429408393
18694324208	2366288393
18757444208	2303168393
18820564208	2240048393
18883684208	2176928393
18946804208	2113808393
19008980858	2051631743
19066100858	1994511743
19123220858	1937391743
19180340858	1880271743
19237460858	1823151743
19294580858	1766031743
19351700858	1708911743
19408820858	1651791743
19465940858	1594671743
19523060858	2336040393
19580180858	2278920393
19637300858	2221800393
19694420858	2164680393
19751540858	2107560393
19808660858	2050440393
19865780858	1993320393
19922900858	1936200393
19980020858	1879080393
20042084208	1817017043
20105204208	1753897043
20168324208	1690777043
20231444208	1627657043
20294564208	1564537043
20357684208	1501417043
20420804208	1438297043
20483924208	1375177043
20547044208	1312057043
20610164208	1248937043
20673284208	1185817043
20736404208	1122697043
20799524208	1059577043
20862644208	996457043
20925764208	933337043
20988884208	870217043
21047060858	812040393
21104180858	1196127585
21161300858	1139007585
21218420858	1081887585
21275540858	1024767585
21332660858	967647585
21389780858	910527585
21446900858	853407585
21504020858	796287585
21561140858	739167585
21618260858	682047585
21675380858	624927585
21732500858	567807585
21789620858	510687585
21846740858	453567585
21903860858	623297917
21960980858	566177917
22021044208	506114567
22084164208	442994567
22147284208	379874567
22210404208	316754567
22273524208	253634567
22336644208	304489334
22399764208	241369334
22462884208	178249334
22526004208	115129334
22589124208	108551602
22652244208	74988235
22715364208	26197152
22778484208	1723344
22841604208	2223275
22904724208	1637888
22967844208	2110856
23028020858	2209382
23085140858	2407667
23142260858	1847138
23199380858	2106718
23256500858	2951674
23313620858	2861384
23370740858	2392057
23427860858	2851668
23484980858	2621544
23542100858	2048629
23599220858	1840154
23656340858	3047706
23713460858	1619568
23770580858	1984600
23827700858	1826623
23884820858	2411208
23941940858	2034157
24000004208	1182404
24063124208	2534575
24126244208	14368221
24189364208	1356672
24252484208	1320397
24315604208	2150569
24378724208	2625317
24441844208	2351488
24504964208	2641724
24568084208	1867693
24631204208	1799617
24694324208	1802865
24757444208	2184346
24820564208	2249790
24883684208	1873022
24946804208	2547869
25008980858	2360522
25066100858	2045134
25123220858	1615796
25180340858	2614978
25237460858	2575305
25294580858	2364936
25351700858	2468749
25408820858	2486010
25465940858	1979185
25523060858	1916329
25580180858	2259362
25637300858	2296228
25694420858	2965952
25751540858	2117395
25808660858	2146688
25865780858	2860541
25922900858	2560542
25980020858	2384904
26042084208	2285598
26105204208	1353862
26168324208	2119057
26231444208	11558596
26294564208	1754416
26357684208	1400785
26420804208	2406160
26483924208	1502621
26547044208	2278482
26610164208	2211633
26673284208	1800442
26736404208	1889694
26799524208	1713059
26862644208	2190366
26925764208	2303335
26988884208	1853262
27047060858	2477678
27104180858	2037030
27161300858	1685469
27218420858	2788072
27275540858	2768657
27332660858	2820869
27389780858	1710904
27446900858	2385832
27504020858	1891196
27561140858	1632375
27618260858	2550580
27675380858	1832138
27732500858	1909930
27789620858	1849298
27846740858	2667064
27903860858	2319561
27960980858	2588146
28021044208	2221346
28084164208	2131067
28147284208	2111695
28210404208	2562437
28273524208	1991188
28336644208	9146281
28399764208	1858696
28462884208	2325296
28526004208	1927315
28589124208	2606778
28652244208	2285210
28715364208	1943010
28778484208	1873093
28841604208	1739359
28904724208	1920678
28967844208	2239985
29028020858	2940381
29085140858	2562189
29142260858	2410350
29199380858	2195895
29256500858	2697286
29313620858	2625076
29370740858	1606993
29427860858	3200808
29484980858	1821317
29542100858	3092968
29599220858	1590294
29656340858	1888212
29713460858	1723689
29770580858	1657265
29827700858	2855469
29884820858	2740696
29941940858	1649886
30000004208	1794988
30063124208	25607699
30126244208	37179415
30189364208	61145124
30252484208	11573657
30315604208	20259995
30378724208	37605007
30441844208	62818740
30504964208	12972255
30568084208	25696559
30631204208	45463928
30694324208	63329712
30757444208	8701200
30820564208	17673830
30883684208	36207341
30946804208	53553366
31008980858	12303976
31066100858	29866810
31123220858	66923604
31180340858	21472581
31237460858	48904440
31294580858	13452531
31351700858	34243432
31408820858	73994095
31465940858	28993589
31523060858	70861227
31580180858	26919370
31637300858	53488923
31694420858	15476930
31751540858	36850982
31808660858	75002288
31865780858	29950945
31922900858	62080811
31980020858	19668112
32042084208	41994111
32105204208	66146404
32168324208	12190424
32231444208	22753056
32294564208	41507072
32357684208	59748498
32420804208	10499500
32483924208	17584017
32547044208	44263693
32610164208	57129076
32673284208	23225634
32736404208	42232089
32799524208	66063213
32862644208	12282968
32925764208	23846361
32988884208	46647457
33047060858	65183102
33104180858	35018621
33161300858	60818390
33218420858	25867309
33275540858	67024402
33332660858	22722979
33389780858	49354788
33446900858	12990414
33504020858	37590043
33561140858	59441625
33618260858	32346768
33675380858	63147547
33732500858	28759699
33789620858	71781337
33846740858	27744406
33903860858	61540948
33960980858	18178181
34021044208	40275491
34084164208	66443134
34147284208	15496709
34210404208	30111190
34273524208	56500238
34336644208	9013423
34399764208	28349540
34462884208	41521532
34526004208	63325968
34589124208	9814127
34652244208	34432852
34715364208	69645730
34778484208	16720466
34841604208	30134588
34904724208	53996419
34967844208	6481793
35028020858	24037196
35085140858	69438526
35142260858	26474789
35199380858	65863148
35256500858	24214079
35313620858	57450806
35370740858	14475235
35427860858	50740008
35484980858	17732235
35542100858	41926167
35599220858	66337425
35656340858	32566328
35713460858	74487184
35770580858	42385570
35827700858	10127218
35884820858	38379414
35941940858	64602714
36000004208	28174411
36063124208	56609705
36126244208	9850603
36189364208	32111924
36252484208	53611839
36315604208	7606671
36378724208	27666883
36441844208	43258539
36504964208	69893952
36568084208	17417212
36631204208	37159754
36694324208	67275782
36757444208	24538520
36820564208	48482514
36883684208	57875673
36946804208	25164413
37008980858	50579211
37066100858	17667154
37123220858	43721282
37180340858	11606426
37237460858	36900523
37294580858	72534862
37351700858	40987343
37408820858	10505961
37465940858	41602617
37523060858	11215660
37580180858	37898442
37637300858	66316667
37694420858	34119882
37751540858	62750163
37808660858	38573906
37865780858	16360793
37922900858	50733352
37980020858	21642606
38042084208	36797587
38105204208	67427960
38168324208	15725708
38231444208	33345045
38294564208	69862073
38357684208	21700373
38420804208	42749645
38483924208	72821846
38547044208	21140969
38610164208	40164543
38673284208	74050106
38736404208	22962576
38799524208	41644025
38862644208	66626734
38925764208	25886093
38988884208	62966821
39047060858	19954232
39104180858	61658695
39161300858	21530153
39218420858	60954128
39275540858	20556977
39332660858	62110394
39389780858	25997004
39446900858	71627376
39504020858	31690865
39561140858	75697495
39618260858	35869967
39675380858	77095994
39732500858	36865922
39789620858	77891130
39846740858	42965542
39903860858	70865656
39960980858	42745137
40021044208	68321035
40084164208	27509129
40147284208	60965686
40210404208	17481674
40273524208	30341610
40336644208	64251847
40399764208	16171816
40462884208	47043979
40526004208	60841115
40589124208	31223051
40652244208	53231789
40715364208	10564712
40778484208	24997918
40841604208	63248996
40904724208	13147091
40967844208	42873617
41028020858	15070370
41085140858	48408750
41142260858	21633842
41199380858	54327742
41256500858	27335721
41313620858	62650303
41370740858	24106363
41427860858	72057783
41484980858	37096674
41542100858	86669086
41599220858	29549086
41656340858	66865520
41713460858	38354792
41770580858	12858002
41827700858	49793017
41884820858	24850766
41941940858	65402811
42000004208	30764826
42063124208	63106230
42126244208	13750646
42189364208	39695537
42252484208	81992896
42315604208	32812321
42378724208	57403906
42441844208	16341740
42504964208	36835801
42568084208	60220621
42631204208	34177899
42694324208	61377573
42757444208	20707683
42820564208	36930468
42883684208	4996758
42946804208	2532744
43008980858	3833472
43066100858	8634122
43123220858	3764523
43180340858	2290483
43237460858	3022422
43294580858	3366835
43351700858	2231727
43408820858	3852148
43465940858	4209936
43523060858	2521538
43580180858	3443539
43637300858	3693247
43694420858	2537176
43751540858	3463266
43808660858	3903096
43865780858	2495156
43922900858	2247235
43980020858	3920853
44042084208	6938715
44105204208	1918225
44168324208	1594735
44231444208	2418329
44294564208	1977920
44357684208	2898225
44420804208	2152133
44483924208	2630415
44547044208	2924575
44610164208	3287185
44673284208	2068667
44736404208	1601033
44799524208	1971267
44862644208	2085866
44925764208	2360358
44988884208	2505324
45047060858	72429357
45104180858	115090297
45161300858	111646487
45218420858	54526487
45275540858	152170321
45332660858	95050321
45389780858	132632076
45446900858	119293563
45504020858	62173563
45561140858	95808410
45618260858	81551032
45675380858	127468460
45732500858	116206770
45789620858	59086770
45846740858	94650367
45903860858	79447350
45960980858	107624024
46021044208	80518145
46084164208	105142993
46147284208	81904378
46210404208	110870678
46273524208	81334944
46336644208	97257555
46399764208	62982097
46462884208	85113684
46526004208	52267582
46589124208	96817858
46652244208	33697858
46715364208	87988259
46778484208	104166786
46841604208	69987745
46904724208	95800013
46967844208	64181998
47028020858	93598902
47085140858	72415477
47142260858	100462668
47199380858	80551028
47256500858	122994442
47313620858	105524931
47370740858	48404931
47427860858	114605553
47484980858	57485553
47542100858	91532554
47599220858	70266264
47656340858	97582876
47713460858	76438247
47770580858	105738160
47827700858	82783175
47884820858	108188619
47941940858	82627729
48000004208	98748348
48063124208	60579488
48126244208	92524319
48189364208	29404319
48252484208	80052696
48315604208	96185869
48378724208	59596007
48441844208	104178382
48504964208	41058382
48568084208	77063419
48631204208	94672905
48694324208	57681092
48757444208	95399912
48820564208	32279912
48883684208	2230196
48946804208	2035395
49008980858	2204600
49066100858	2773690
49123220858	2725628
49180340858	1650235
49237460858	2102254
49294580858	2078823
49351700858	1820195
49408820858	2031773
49465940858	2980522
49523060858	2032874
49580180858	2218467
49637300858	2533074
49694420858	1967493
49751540858	2152794
49808660858	2551972
49865780858	2088353
49922900858	2503408
49980020858	1689476
50042084208	1455016
50105204208	1332547
50168324208	1373587
50231444208	2486569
50294564208	2281909
50357684208	10655248
50420804208	1633330
50483924208	1266814
50547044208	1615824
50610164208	1800563
50673284208	1992151
50736404208	2026550
50799524208	1653398
50862644208	1506896
50925764208	2701555
50988884208	2523389
51047060858	1443004
51104180858	2862735
51161300858	1545812
51218420858	1532473
51275540858	2756082
51332660858	1551049
51389780858	2922813
51446900858	2746112
51504020858	1842253
51561140858	1608539
51618260858	1565355
51675380858	2214704
51732500858	2015722
51789620858	2140689
51846740858	1976302
51903860858	1766592
51960980858	2396659
52021044208	2525060
52084164208	2284097
52147284208	2252741
52210404208	2163579
52273524208	2176978
52336644208	1345687
52399764208	2504160
52462884208	6658650
52526004208	1923044
52589124208	1990276
52652244208	1853924
52715364208	1757944
52778484208	2074840
52841604208	2427090
52904724208	2305116
52967844208	1410682
53028020858	1622645
53085140858	1672524
53142260858	1744732
53199380858	1707226
53256500858	1499087
53313620858	1618532
53370740858	2905320
53427860858	1822488
53484980858	2523588
53542100858	1840596
53599220858	2086547
53656340858	2205880
53713460858	1951630
53770580858	2872624
53827700858	2617766
53884820858	2851175
53941940858	1692169
54000004208	786964
54063124208	2396659
54126244208	1452401
54189364208	1467780
54252484208	2335440
54315604208	2187391
54378724208	2314232
54441844208	1401741
54504964208	1481975
54568084208	5883035
54631204208	2282629
54694324208	2259457
54757444208	1760076
54820564208	2252132
54883684208	1585628
54946804208	1802195
55008980858	2066022
55066100858	1863778
55123220858	1889050
55180340858	2614864
55237460858	1985653
55294580858	2220888
55351700858	1702755
55408820858	2407187
55465940858	2303824
55523060858	2854147
55580180858	1970486
55637300858	2817374
55694420858	1827924
55751540858	2999689
55808660858	1843374
55865780858	1750802
55922900858	2383839
55980020858	2182844
56042084208	1690558
56105204208	7788046
56168324208	2270439
56231444208	2005775
56294564208	2551260
56357684208	1530067
56420804208	2041940
56483924208	2225819
56547044208	1376331
56610164208	1420743
56673284208	3142420
56736404208	2446437
56799524208	1892187
56862644208	2374688
56925764208	2205313
56988884208	2373777
57047060858	1857992
57104180858	2331407
57161300858	2814947
57218420858	1719803
57275540858	1578945
57332660858	2284954
57389780858	2798318
57446900858	1486094
57504020858	1972270
57561140858	1546654
57618260858	2107840
57675380858	2518189
57732500858	1490197
57789620858	2481879
57846740858	1794246
57903860858	2537575
57960980858	2054863
58021044208	2307602
58084164208	2386550
58147284208	2542729
58210404208	5654819
58273524208	1284621
58336644208	2073317
58399764208	1381176
58462884208	1416906
58526004208	2355848
58589124208	2005900
58652244208	1577790
58715364208	2274219
58778484208	2458415
58841604208	1380018
58904724208	1969420
58967844208	1905382
59028020858	2239468
59085140858	1707428
59142260858	2140272
59199380858	2473713
59256500858	1925068
59313620858	2398792
59370740858	2773903
59427860858	3011482
59484980858	2167893
59542100858	2751858
59599220858	1878142
59656340858	1531506
59713460858	2724614
59770580858	2344375
59827700858	2953778
59884820858	2272187
59941940858	2459167
