3808	bash: line 1: 20957 Terminated              hwloc-bind socket:1 -- cargo run --release --example word_count -- 15 2200000 10240000 open-loop-square half-all-halfsudden-all -n 2 -p 1 -w 4
439827808	3082220
502659808	11120884
565491808	3106305
628323808	2607677
691155808	2958395
753987808	3322068
816819808	1918953
879651808	3391799
942483808	3002631
1004846794	15513720
1062134794	3628944
1119422794	2831302
1176710794	3135546
1233998794	6388370
1291286794	4112321
1348574794	4649181
1405862794	3696431
1463150794	6725060
1520438794	4516039
1577726794	4078872
1635014794	4816025
1692302794	3587584
1749590794	3594449
1806878794	3949243
1864166794	4370745
1921454794	13262158
1978742794	4958283
2039517520	3312809
2102349520	2690132
2165181520	2281547
2228013520	3243492
2290845520	2749872
2353677520	2370471
2416509520	5023644
2479341520	3349095
2542173520	7554832
2605005520	3558757
2667837520	3609751
2730669520	3394292
2793501520	2941479
2856333520	3116121
2919165520	11002431
2981997520	3784581
3040874002	3506563
3098162002	3824827
3155450002	4178700
3212738002	4278325
3270026002	3017325
3327314002	4699530
3384602002	8301474
3441890002	2936475
3499178002	4670901
3556466002	3933619
3613754002	4248973
3671042002	2923484
3728330002	4568393
3785618002	4658339
3842906002	14254306
3900194002	5137086
3957482002	4232660
4016199232	2005412
4079031232	2717321
4141863232	3419939
4204695232	3437198
4267527232	3543012
4330359232	2187982
4393191232	3003068
4456023232	3271454
4518855232	3459747
4581687232	3297848
4644519232	1838079
4707351232	2910774
4770183232	1855164
4833015232	4664769
4895847232	3124111
4958679232	3265035
5019613210	2657472
5076901210	3154518
5134189210	3944966
5191477210	3607459
5248765210	4062369
5306053210	4082499
5363341210	2857935
5420629210	2510736
5477917210	2648667
5535205210	3904135
5592493210	2673844
5649781210	2525184
5707069210	2500136
5764357210	9143789
5821645210	3292913
5878933210	3100573
5936221210	4103236
5993509210	3177933
6055712944	2175149
6118544944	2335362
6181376944	1968752
6244208944	2345183
6307040944	2901343
6369872944	2882383
6432704944	2287469
6495536944	3308518
6558368944	2969168
6621200944	2632337
6684032944	2582264
6746864944	3592302
6809696944	2155325
6872528944	2886578
6935360944	2461208
6998192944	3383193
7055640418	3320969
7112928418	3319690
7170216418	4904843
7227504418	4651215
7284792418	3582156
7342080418	4390748
7399368418	4313511
7456656418	2620043
7513944418	2972027
7571232418	3972599
7628520418	4653385
7685808418	5733050
7743096418	3281504
7800384418	3914690
7857672418	3874258
7914960418	4610124
7972248418	3519042
8032394656	3379937
8095226656	3297029
8158058656	2087430
8220890656	2213490
8283722656	2865922
8346554656	2969824
8409386656	3165408
8472218656	2025454
8535050656	2982410
8597882656	4756158
8660714656	2294921
8723546656	1849699
8786378656	3031876
8849210656	2848203
8912042656	3402857
8974874656	2339413
9034379626	3408203
9091667626	12463036
9148955626	2584602
9206243626	3101280
9263531626	3712466
9320819626	2506508
9378107626	4726010
9435395626	3600303
9492683626	3747991
9549971626	14811273
9607259626	4764712
9664547626	4026903
9721835626	3259231
9779123626	3708596
9836411626	4436830
9893699626	2657018
9950987626	3034959
10009076368	6858145
10071908368	2577432
10134740368	3029251
10197572368	1870249
10260404368	2990064
10323236368	2196740
10386068368	2547239
10448900368	3138043
10511732368	10683177
10574564368	2037679
10637396368	2148121
10700228368	3364464
10763060368	2559629
10825892368	3542794
10888724368	1896805
10951556368	2939904
11013118834	6572494
11070406834	3991363
11127694834	2928902
11184982834	2990273
11242270834	3961076
11299558834	4422988
11356846834	3071045
11414134834	3588174
11471422834	11053250
11528710834	2819407
11585998834	3911076
11643286834	4972302
11700574834	3101284
11757862834	3636403
11815150834	2993728
11872438834	3675506
11929726834	4329392
11987014834	5605905
12048590080	2450445
12111422080	2689170
12174254080	3521955
12237086080	3276836
12299918080	3303080
12362750080	2722655
12425582080	6056885
12488414080	1881812
12551246080	2695728
12614078080	2347882
12676910080	3468031
12739742080	2568363
12802574080	3043563
12865406080	3048067
12928238080	2979548
12991070080	3033917
13049146042	4158011
13106434042	4925551
13163722042	4125159
13221010042	4295639
13278298042	4646260
13335586042	4375335
13392874042	11510248
13450162042	2787535
13507450042	4063555
13564738042	2584202
13622026042	4457889
13679314042	4474058
13736602042	4706315
13793890042	2421357
13851178042	5128979
13908466042	2660131
13965754042	3795163
14025271792	2842123
14088103792	3411473
14150935792	3111474
14213767792	2112924
14276599792	3262806
14339431792	3927853
14402263792	3098634
14465095792	2312714
14527927792	2107765
14590759792	2857190
14653591792	3386520
14716423792	2906639
14779255792	3485664
14842087792	1940912
14904919792	1896161
14967751792	2999990
15027885250	1559418502
15085173250	1502130502
15142461250	1444842502
15199749250	1387554502
15257037250	1330266502
15314325250	1272978502
15371613250	1215690502
15428901250	1158402502
15486189250	1101114502
15543477250	1043826502
15600765250	986538502
15658053250	929250502
15715341250	871962502
15772629250	814674502
15829917250	757386502
15887205250	700098502
15944493250	642810502
16001953504	585350248
16064785504	522518248
16127617504	459686248
16190449504	633314757
16253281504	570482757
16316113504	507650757
16378945504	444818757
16441777504	381986757
16504609504	319154757
16567441504	256322757
16630273504	315700970
16693105504	252868970
16755937504	190036970
16818769504	127204970
16881601504	128270904
16944433504	65438904
17006624458	37526884
17063912458	13362841
17121200458	2885960
17178488458	11491212
17235776458	3358604
17293064458	3190248
17350352458	2081912
17407640458	2746746
17464928458	2818608
17522216458	2530436
17579504458	2291672
17636792458	9375857
17694080458	2198281
17751368458	1903130
17808656458	2725555
17865944458	2062067
17923232458	2393934
17980520458	2660817
18041467216	2341709
18104299216	9595708
18167131216	1969375
18229963216	2105199
18292795216	2262935
18355627216	1918066
18418459216	1913323
18481291216	2216545
18544123216	1949743
18606955216	4299897
18669787216	2987452
18732619216	2535296
18795451216	2198593
18858283216	2241725
18921115216	1620943
18983947216	1915691
19042651666	3015837
19099939666	7763745
19157227666	1604757
19214515666	1664363
19271803666	2979527
19329091666	2903037
19386379666	2798595
19443667666	2107201
19500955666	1834708
19558243666	3691276
19615531666	1918632
19672819666	2777057
19730107666	2055858
19787395666	3202913
19844683666	2495877
19901971666	2655990
19959259666	2229081
20018148928	4263344
20080980928	2619693
20143812928	2306274
20206644928	2374556
20269476928	2226474
20332308928	1456192
20395140928	1761596
20457972928	2696137
20520804928	1917386
20583636928	1908838
20646468928	2355281
20709300928	2222661
20772132928	2612808
20834964928	1425977
20897796928	2431704
20960628928	1730815
21021390874	3899075
21078678874	2458654
21135966874	2946584
21193254874	1610087
21250542874	1642048
21307830874	2863186
21365118874	2625152
21422406874	3039838
21479694874	3009598
21536982874	1808185
21594270874	1907440
21651558874	2941465
21708846874	3062996
21766134874	2996222
21823422874	3196611
21880710874	1609845
21937998874	2260765
21995286874	2572993
22057662640	1596382
22120494640	2227532
22183326640	1307168
22246158640	1862565
22308990640	2634784
22371822640	1807784
22434654640	2573875
22497486640	2065792
22560318640	2368605
22623150640	1378832
22685982640	2294946
22748814640	2477062
22811646640	1723508
22874478640	1818215
22937310640	2379834
23000130082	1845410
23057418082	1824387
23114706082	2678456
23171994082	3127291
23229282082	2536840
23286570082	2251246
23343858082	3163447
23401146082	3304151
23458434082	3217050
23515722082	2805857
23573010082	2476857
23630298082	3040184
23687586082	2301620
23744874082	2634849
23802162082	1589023
23859450082	2966935
23916738082	1896064
23974026082	1917371
24034344352	2239507
24097176352	2450835
24160008352	2371655
24222840352	1684314
24285672352	1969273
24348504352	2178316
24411336352	2645383
24474168352	3633100
24537000352	1439885
24599832352	2045000
24662664352	2605069
24725496352	1470071
24788328352	1880573
24851160352	1699477
24913992352	1606397
24976824352	1714573
25036157290	2838333
25093445290	1951832
25150733290	3187733
25208021290	1862328
25265309290	1549222
25322597290	2008352
25379885290	3120408
25437173290	2093467
25494461290	1696425
25551749290	2389872
25609037290	2376480
25666325290	2862257
25723613290	10791002
25780901290	2638824
25838189290	1915009
25895477290	2945280
25952765290	1835128
26011026064	2315553
26073858064	2225516
26136690064	1429337
26199522064	5292085
26262354064	2191638
26325186064	1488714
26388018064	1719702
26450850064	1765843
26513682064	2309558
26576514064	2376911
26639346064	1801508
26702178064	8422041
26765010064	2236279
26827842064	1358898
26890674064	1427304
26953506064	1908148
27014896498	1560785
27072184498	2244089
27129472498	2725500
27186760498	4024812
27244048498	2323387
27301336498	1773471
27358624498	1931616
27415912498	1951342
27473200498	2522574
27530488498	2685123
27587776498	1980021
27645064498	8941374
27702352498	3193240
27759640498	1891494
27816928498	2548953
27874216498	2958949
27931504498	2079198
27988792498	1978125
28050539776	2319024
28113371776	2222659
28176203776	1441695
28239035776	2005102
28301867776	1508533
28364699776	1964584
28427531776	1968684
28490363776	2002217
28553195776	2113909
28616027776	2541826
28678859776	1756275
28741691776	2488339
28804523776	2269587
28867355776	2423147
28930187776	1340747
28993019776	1949864
29050923706	2326356
29108211706	3070900
29165499706	2718815
29222787706	1591678
29280075706	1653996
29337363706	1777270
29394651706	2406332
29451939706	2427727
29509227706	2113628
29566515706	3025433
29623803706	1893136
29681091706	3128251
29738379706	2679209
29795667706	3071956
29852955706	1654409
29910243706	1914312
29967531706	2458393
30027221488	903444185
30090053488	840612185
30152885488	777780185
30215717488	714948185
30278549488	652116185
30341381488	589284185
30404213488	526452185
30467045488	463620185
30529877488	400788185
30592709488	337956185
30655541488	275124185
30718373488	368393274
30781205488	305561274
30844037488	242729274
30906869488	179897274
30969701488	216611419
31029662914	156649993
31086950914	99361993
31144238914	109908707
31201526914	97001255
31258814914	69559774
31316102914	33144524
31373390914	12495428
31430678914	3730945
31487966914	9098773
31545254914	4428462
31602542914	4640463
31659830914	3970538
31717118914	2671665
31774406914	2925887
31831694914	2745892
31888982914	4588421
31946270914	5024577
32003903200	3458669
32066735200	1965451
32129567200	3398758
32192399200	2736879
32255231200	3583996
32318063200	3507814
32380895200	2130625
32443727200	2817555
32506559200	3072144
32569391200	3025886
32632223200	2117157
32695055200	2377858
32757887200	1827002
32820719200	2375978
32883551200	2740707
32946383200	1936336
33008402122	4435573
33065690122	4880774
33122978122	2684787
33180266122	4437184
33237554122	4792703
33294842122	2537759
33352130122	2731990
33409418122	5899671
33466706122	4651764
33523994122	2473982
33581282122	4593274
33638570122	4170436
33695858122	3543704
33753146122	3560858
33810434122	3820250
33867722122	3758166
33925010122	3695824
33982298122	3753970
34043416912	2410261
34106248912	3082601
34169080912	3176198
34231912912	3502410
34294744912	16131067
34357576912	3032706
34420408912	3482657
34483240912	1815970
34546072912	1805673
34608904912	3145319
34671736912	3281504
34734568912	3092178
34797400912	8651693
34860232912	2889992
34923064912	2318138
34985896912	3425794
35044429330	4316250
35101717330	3125286
35159005330	4405952
35216293330	3364599
35273581330	12629812
35330869330	2940976
35388157330	3608132
35445445330	3071782
35502733330	4511480
35560021330	3977654
35617309330	3281099
35674597330	4764829
35731885330	10146831
35789173330	3215300
35846461330	4561000
35903749330	4534480
35961037330	2473057
36020098624	3175735
36082930624	2671109
36145762624	3140340
36208594624	12578315
36271426624	2022683
36334258624	2537310
36397090624	3207696
36459922624	2905981
36522754624	2907076
36585586624	2837606
36648418624	2285932
36711250624	3839981
36774082624	3311999
36836914624	1750503
36899746624	3480216
36962578624	3270762
37023168538	4392876
37080456538	4569194
37137744538	4032220
37195032538	14033871
37252320538	6105485
37309608538	3646488
37366896538	4853816
37424184538	2628228
37481472538	3424156
37538760538	3818538
37596048538	3745827
37653336538	4510396
37710624538	4956933
37767912538	3815899
37825200538	3303587
37882488538	2752312
37939776538	2615419
37997064538	4189308
38059612336	1903635
38122444336	6455320
38185276336	3565591
38248108336	3469120
38310940336	3507978
38373772336	3646543
38436604336	2542669
38499436336	2474270
38562268336	2573550
38625100336	3405244
38687932336	3349429
38750764336	2990847
38813596336	2552396
38876428336	3296123
38939260336	1983372
39001907746	2155452
39059195746	4283717
39116483746	8275457
39173771746	4157238
39231059746	4442441
39288347746	4041763
39345635746	3661819
39402923746	3708568
39460211746	3532868
39517499746	2829186
39574787746	4944685
39632075746	3870928
39689363746	4458090
39746651746	4841924
39803939746	4049913
39861227746	3386418
39918515746	3595790
39975803746	3475123
40036294048	2886251
40099126048	2058937
40161958048	2597419
40224790048	2967981
40287622048	1779242
40350454048	3073124
40413286048	1762513
40476118048	2558068
40538950048	1838909
40601782048	3559712
40664614048	1943595
40727446048	1899255
40790278048	2111989
40853110048	2040577
40915942048	2093198
40978774048	2425637
41037934954	5607170
41095222954	3899963
41152510954	3579129
41209798954	3206245
41267086954	2657128
41324374954	3351926
41381662954	3240276
41438950954	3270658
41496238954	2785386
41553526954	3181956
41610814954	4134744
41668102954	4794451
41725390954	2844684
41782678954	3231709
41839966954	2473496
41897254954	4697621
41954542954	4867428
42012975760	2724855
42075807760	2022588
42138639760	2002789
42201471760	1831131
42264303760	2628039
42327135760	2753727
42389967760	8128310
42452799760	2193387
42515631760	3521242
42578463760	2157451
42641295760	3415460
42704127760	2764180
42766959760	2623112
42829791760	3228251
42892623760	12126452
42955455760	2414537
43016674162	3747075
43073962162	4488845
43131250162	2520122
43188538162	5055709
43245826162	2770074
43303114162	2653626
43360402162	17304857
43417690162	5761484
43474978162	3879015
43532266162	3743562
43589554162	3171378
43646842162	2755978
43704130162	4498747
43761418162	4071949
43818706162	17790323
43875994162	4347955
43933282162	2883552
43990570162	4286743
44052489472	1987057
44115321472	3247420
44178153472	2449641
44240985472	2802280
44303817472	6293595
44366649472	3681841
44429481472	2240381
44492313472	2613564
44555145472	3344910
44617977472	3514447
44680809472	3135925
44743641472	2488722
44806473472	11026862
44869305472	3324722
44932137472	2778683
44994969472	2414740
45052701370	27936672
45109989370	46680248
45167277370	36090283
45224565370	41562000
45281853370	34879108
45339141370	26494895
45396429370	47017846
45453717370	35702181
45511005370	40847377
45568293370	26737189
45625581370	37735532
45682869370	37783700
45740157370	32801231
45797445370	23032157
45854733370	32978564
45912021370	27871400
45969309370	34081988
46029171184	18986908
46092003184	15530399
46154835184	12960499
46217667184	13721752
46280499184	9885739
46343331184	2084767
46406163184	2094882
46468995184	2347994
46531827184	2432059
46594659184	2127803
46657491184	2492564
46720323184	2541426
46783155184	2386403
46845987184	2408341
46908819184	2000889
46971651184	1414218
47031440578	2712279
47088728578	2876272
47146016578	2405220
47203304578	2006886
47260592578	2579208
47317880578	2944712
47375168578	3285325
47432456578	1934650
47489744578	2960935
47547032578	2370107
47604320578	2468016
47661608578	3001622
47718896578	1624684
47776184578	2497922
47833472578	2723962
47890760578	2742809
47948048578	3176920
48005852896	2626283
48068684896	2530839
48131516896	2550071
48194348896	1698223
48257180896	1810097
48320012896	2614528
48382844896	2243437
48445676896	2611059
48508508896	1639390
48571340896	1374066
48634172896	2717480
48697004896	2314209
48759836896	1846082
48822668896	1441278
48885500896	1548611
48948332896	1782014
49010179786	1797239
49067467786	2727760
49124755786	2128000
49182043786	3144947
49239331786	2126898
49296619786	2017600
49353907786	2724850
49411195786	1783056
49468483786	1963589
49525771786	1883558
49583059786	2714894
49640347786	2801448
49697635786	2674349
49754923786	1739373
49812211786	2679431
49869499786	2896988
49926787786	3215736
49984075786	2020401
50045366608	2645194
50108198608	1545110
50171030608	2086534
50233862608	2125431
50296694608	2566001
50359526608	2266852
50422358608	2427349
50485190608	2133916
50548022608	2573980
50610854608	1415513
50673686608	2163632
50736518608	2340573
50799350608	2182883
50862182608	2188907
50925014608	2399113
50987846608	7668876
51046206994	1908731
51103494994	3249149
51160782994	2088997
51218070994	2999481
51275358994	2910064
51332646994	1592984
51389934994	2244033
51447222994	10806828
51504510994	2207461
51561798994	1850918
51619086994	2482718
51676374994	3096205
51733662994	1921363
51790950994	2774793
51848238994	1883957
51905526994	5794325
51962814994	1935199
52022048320	1972418
52084880320	2365054
52147712320	1723418
52210544320	2417260
52273376320	2354955
52336208320	1785525
52399040320	9015050
52461872320	2011534
52524704320	1957095
52587536320	1851064
52650368320	1570831
52713200320	2175735
52776032320	1603012
52838864320	2487650
52901696320	2337552
52964528320	2610261
53024946202	2005737
53082234202	2953752
53139522202	2838507
53196810202	1590943
53254098202	2035751
53311386202	1679899
53368674202	7584024
53425962202	3017530
53483250202	2132738
53540538202	3033128
53597826202	1994301
53655114202	2269652
53712402202	2131217
53769690202	2810467
53826978202	3593806
53884266202	2980258
53941554202	2162640
53998842202	2853470
54061562032	1457776
54124394032	2230736
54187226032	2418575
54250058032	2282915
54312890032	1842352
54375722032	1678503
54438554032	2566262
54501386032	2459182
54564218032	1887693
54627050032	2396279
54689882032	1577289
54752714032	1387504
54815546032	1673253
54878378032	2571192
54941210032	2106283
55003685410	2091636
55060973410	2120666
55118261410	2315473
55175549410	3144041
55232837410	2154883
55290125410	3320911
55347413410	2812376
55404701410	2385087
55461989410	2945487
55519277410	2560332
55576565410	2549426
55633853410	2700324
55691141410	2248790
55748429410	1630781
55805717410	2405177
55863005410	2865072
55920293410	3176781
55977581410	2359789
56038243744	2072981
56101075744	1993176
56163907744	2136478
56226739744	1734821
56289571744	1538991
56352403744	2469776
56415235744	1894034
56478067744	1451171
56540899744	2110857
56603731744	1685311
56666563744	3002847
56729395744	1923266
56792227744	1713137
56855059744	1946505
56917891744	1642581
56980723744	2599184
57039712618	2345244
57097000618	3036857
57154288618	1785751
57211576618	1705849
57268864618	1779319
57326152618	2210323
57383440618	2102041
57440728618	2249068
57498016618	2415234
57555304618	2703640
57612592618	2459961
57669880618	2206827
57727168618	1791426
57784456618	1713652
57841744618	2503145
57899032618	2221379
57956320618	2259993
58014925456	1866627
58077757456	1875627
58140589456	2378322
58203421456	2021002
58266253456	2502352
58329085456	1898524
58391917456	2223622
58454749456	2286864
58517581456	2277628
58580413456	2251414
58643245456	2116892
58706077456	1545145
58768909456	1464347
58831741456	2645153
58894573456	2497675
58957405456	2194380
59018451826	2895031
59075739826	2584468
59133027826	2135415
59190315826	1914719
59247603826	3984952
59304891826	1872172
59362179826	2393746
59419467826	2535263
59476755826	3008531
59534043826	10247333
59591331826	1922549
59648619826	2189752
59705907826	1846277
59763195826	1726527
59820483826	2902052
59877771826	2192670
