1250	4659465
42501250	603567
85001250	598231
127501250	372931
170001250	766652
212501250	530424
255001250	604553
297501250	508540
340001250	549639
382501250	484772
425001250	372723
467501250	329943
510001250	574723
552501250	455267
595001250	322117
637501250	528783
680001250	461672
722501250	553498
765001250	498410
807501250	376393
850001250	454081
892501250	562661
935001250	541081
977501250	415188
1017761110	1007682
1055501110	625046
1093241110	694427
1130981110	2605837
1168721110	523465
1206461110	610917
1244201110	989260
1281941110	1816179
1319681110	806771
1357421110	813103
1395161110	551531
1432901110	1089607
1470641110	740357
1508381110	527827
1546121110	742334
1583861110	1095446
1621601110	864140
1659341110	519898
1697081110	653152
1734821110	514098
1772561110	567850
1810301110	1007534
1848041110	616357
1885781110	673091
1923521110	844404
1961261110	873727
1999001110	902075
2041651250	450297
2084151250	591583
2126651250	502040
2169151250	2850024
2211651250	350114
2254151250	360467
2296651250	337363
2339151250	491695
2381651250	523829
2424151250	403869
2466651250	361687
2509151250	473251
2551651250	483320
2594151250	520834
2636651250	467520
2679151250	591867
2721651250	341497
2764151250	337509
2806651250	399634
2849151250	458534
2891651250	363353
2934151250	490017
2976651250	609875
3017006310	720128
3054746310	809100
3092486310	743920
3130226310	609077
3167966310	910244
3205706310	730693
3243446310	814795
3281186310	1421578
3318926310	508598
3356666310	570374
3394406310	667243
3432146310	2106698
3469886310	797542
3507626310	611214
3545366310	618707
3583106310	786853
3620846310	541380
3658586310	563679
3696326310	893903
3734066310	1105058
3771806310	873053
3809546310	885935
3847286310	913159
3885026310	536314
3922766310	680749
3960506310	851813
3998246310	537402
4040801250	397972
4083301250	569015
4125801250	500852
4168301250	521447
4210801250	469065
4253301250	368312
4295801250	576572
4338301250	1829415
4380801250	583496
4423301250	596892
4465801250	558503
4508301250	637398
4550801250	538094
4593301250	592607
4635801250	411129
4678301250	441105
4720801250	765318
4763301250	464734
4805801250	687886
4848301250	458376
4890801250	401765
4933301250	489063
4975801250	634960
5016251510	683218
5053991510	579117
5091731510	919995
5129471510	899228
5167211510	845697
5204951510	925073
5242691510	968223
5280431510	950734
5318171510	532512
5355911510	779043
5393651510	694495
5431391510	1478096
5469131510	845957
5506871510	678958
5544611510	772496
5582351510	1362799
5620091510	882098
5657831510	708480
5695571510	905467
5733311510	706963
5771051510	628263
5808791510	792458
5846531510	967537
5884271510	1033400
5922011510	735487
5959751510	656881
5997491510	888352
6039951250	380608
6082451250	638414
6124951250	499427
6167451250	360676
6209951250	437552
6252451250	359253
6294951250	313851
6337451250	457974
6379951250	396240
6422451250	539758
6464951250	508290
6507451250	1893318
6549951250	369335
6592451250	409267
6634951250	321566
6677451250	354833
6719951250	626652
6762451250	543920
6804951250	337093
6847451250	432874
6889951250	457042
6932451250	362820
6974951250	342209
7015496710	673742
7053236710	482538
7090976710	513631
7128716710	928804
7166456710	939054
7204196710	587433
7241936710	597168
7279676710	676486
7317416710	923859
7355156710	886043
7392896710	547865
7430636710	646150
7468376710	701314
7506116710	612589
7543856710	680117
7581596710	2056370
7619336710	878066
7657076710	511748
7694816710	954339
7732556710	2306684
7770296710	769203
7808036710	980430
7845776710	591381
7883516710	583794
7921256710	822279
7958996710	843913
7996736710	644543
8039101250	443274
8081601250	488202
8124101250	461144
8166601250	507910
8209101250	463531
8251601250	317405
8294101250	452197
8336601250	583896
8379101250	612130
8421601250	612380
8464101250	361215
8506601250	514569
8549101250	396827
8591601250	358841
8634101250	503901
8676601250	1467437
8719101250	415908
8761601250	618619
8804101250	667638
8846601250	352529
8889101250	469274
8931601250	611128
8974101250	534585
9014741910	664128
9052481910	723286
9090221910	1151080
9127961910	835082
9165701910	850076
9203441910	935889
9241181910	530891
9278921910	939545
9316661910	840145
9354401910	893479
9392141910	568385
9429881910	731517
9467621910	886008
9505361910	852771
9543101910	978036
9580841910	602785
9618581910	566650
9656321910	751666
9694061910	842703
9731801910	986743
9769541910	688315
9807281910	962537
9845021910	497605
9882761910	1405973
9920501910	694609
9958241910	858548
9995981910	719315
10038251250	473028
10080751250	483421
10123251250	371115
10165751250	612756
10208251250	468345
10250751250	552750
10293251250	519959
10335751250	595888
10378251250	380387
10420751250	550187
10463251250	481855
10505751250	558995
10548251250	502014
10590751250	560229
10633251250	396853
10675751250	1101753
10718251250	486593
10760751250	535654
10803251250	413948
10845751250	1065343
10888251250	637580
10930751250	623697
10973251250	537838
11013987110	808496
11051727110	983393
11089467110	971355
11127207110	707073
11164947110	849626
11202687110	666328
11240427110	900052
11278167110	792074
11315907110	590419
11353647110	864927
11391387110	955333
11429127110	595048
11466867110	699827
11504607110	934705
11542347110	628573
11580087110	746033
11617827110	727917
11655567110	804727
11693307110	942679
11731047110	4381586
11768787110	674937
11806527110	790254
11844267110	898761
11882007110	1404366
11919747110	773597
11957487110	625310
11995227110	538473
12037401250	330028
12079901250	348144
12122401250	385575
12164901250	376724
12207401250	506415
12249901250	383608
12292401250	305409
12334901250	565879
12377401250	353109
12419901250	609989
12462401250	588314
12504901250	608370
12547401250	334537
12589901250	471631
12632401250	366333
12674901250	577779
12717401250	331077
12759901250	470411
12802401250	505760
12844901250	1259376
12887401250	526463
12929901250	623682
12972401250	594870
13013232310	1931441
13050972310	596409
13088712310	663089
13126452310	950985
13164192310	957167
13201932310	569826
13239672310	982565
13277412310	737711
13315152310	777369
13352892310	566124
13390632310	948798
13428372310	803776
13466112310	737376
13503852310	780419
13541592310	952488
13579332310	559451
13617072310	534170
13654812310	820693
13692552310	874962
13730292310	904164
13768032310	824542
13805772310	539506
13843512310	960431
13881252310	4226919
13918992310	754799
13956732310	586323
13994472310	1007904
14036551250	535419
14079051250	356850
14121551250	618334
14164051250	529233
14206551250	613502
14249051250	545754
14291551250	320624
14334051250	641644
14376551250	465612
14419051250	399994
14461551250	383211
14504051250	374427
14546551250	505381
14589051250	603897
14631551250	635944
14674051250	352301
14716551250	532104
14759051250	463662
14801551250	580826
14844051250	495070
14886551250	444087
14929051250	308885
14971551250	478761
15012477510	1571353
15050217510	899776
15087957510	967410
15125697510	526513
15163437510	1714717
15201177510	592870
15238917510	823710
15276657510	593338
15314397510	932731
15352137510	706719
15389877510	876540
15427617510	777901
15465357510	739005
15503097510	886114
15540837510	591659
15578577510	561187
15616317510	529520
15654057510	945049
15691797510	754326
15729537510	1087653
15767277510	689167
15805017510	699165
15842757510	811729
15880497510	954177
15918237510	802779
15955977510	669899
15993717510	962317
16035701250	2246413
16078201250	532451
16120701250	400190
16163201250	519270
16205701250	604963
16248201250	460872
16290701250	594017
16333201250	418436
16375701250	603158
16418201250	431834
16460701250	465190
16503201250	545451
16545701250	529450
16588201250	387128
16630701250	318211
16673201250	369087
16715701250	541175
16758201250	388273
16800701250	411283
16843201250	503471
16885701250	588350
16928201250	347236
16970701250	358168
17011722710	968793
17049462710	811714
17087202710	592397
17124942710	758250
17162682710	2196689
17200422710	839553
17238162710	927608
17275902710	860455
17313642710	2260942
17351382710	968450
17389122710	1007605
17426862710	880884
17464602710	1037207
17502342710	936608
17540082710	708941
17577822710	903325
17615562710	1049093
17653302710	938197
17691042710	684139
17728782710	648514
17766522710	734821
17804262710	794243
17842002710	1027661
17879742710	631546
17917482710	1004730
17955222710	885107
17992962710	691258
18034851250	471307
18077351250	393110
18119851250	341056
18162351250	448460
18204851250	1902577
18247351250	483263
18289851250	448973
18332351250	345160
18374851250	520852
18417351250	375713
18459851250	599600
18502351250	380281
18544851250	391025
18587351250	594155
18629851250	590767
18672351250	466987
18714851250	354588
18757351250	599164
18799851250	425391
18842351250	528423
18884851250	582832
18927351250	404991
18969851250	343910
19010967910	898808
19048707910	549080
19086447910	880826
19124187910	660939
19161927910	665485
19199667910	500144
19237407910	839459
19275147910	850626
19312887910	1573098
19350627910	649633
19388367910	782648
19426107910	674776
19463847910	1924436
19501587910	831879
19539327910	562271
19577067910	867160
19614807910	638192
19652547910	606628
19690287910	562298
19728027910	739167
19765767910	791417
19803507910	707712
19841247910	686125
19878987910	827832
19916727910	628733
19954467910	692911
19992207910	910874
20034001250	634134
20076501250	595541
20119001250	560127
20161501250	595067
20204001250	612652
20246501250	490635
20289001250	457660
20331501250	359785
20374001250	1626834
20416501250	324067
20459001250	419846
20501501250	590014
20544001250	547963
20586501250	524117
20629001250	378693
20671501250	368955
20714001250	600655
20756501250	406971
20799001250	547478
20841501250	627222
20884001250	556633
20926501250	625239
20969001250	605473
21010213110	817197
21047953110	645971
21085693110	746596
21123433110	701302
21161173110	520619
21198913110	535435
21236653110	983388
21274393110	915614
21312133110	1789340
21349873110	1018404
21387613110	549889
21425353110	619153
21463093110	1730648
21500833110	929122
21538573110	978295
21576313110	914832
21614053110	1784491
21651793110	940253
21689533110	978099
21727273110	545817
21765013110	801073
21802753110	550674
21840493110	851019
21878233110	704894
21915973110	1001020
21953713110	798175
21991453110	595367
22033151250	493323
22075651250	605723
22118151250	382074
22160651250	416031
22203151250	436462
22245651250	411042
22288151250	361482
22330651250	440229
22373151250	1710571
22415651250	388295
22458151250	369424
22500651250	443911
22543151250	1040602
22585651250	564445
22628151250	556659
22670651250	351787
22713151250	600002
22755651250	627259
22798151250	587520
22840651250	389353
22883151250	438037
22925651250	366796
22968151250	437695
23009458310	855644
23047198310	667863
23084938310	931087
23122678310	708341
23160418310	957017
23198158310	846133
23235898310	818152
23273638310	1034176
23311378310	903549
23349118310	916091
23386858310	846716
23424598310	756403
23462338310	3654995
23500078310	869091
23537818310	1005415
23575558310	865594
23613298310	1157937
23651038310	893436
23688778310	899874
23726518310	849883
23764258310	1501257
23801998310	914929
23839738310	489933
23877478310	918960
23915218310	708432
23952958310	900291
23990698310	790379
24032301250	361129
24074801250	366979
24117301250	467057
24159801250	558598
24202301250	578459
24244801250	500599
24287301250	495290
24329801250	413644
24372301250	485117
24414801250	609413
24457301250	417825
24499801250	392919
24542301250	1352284
24584801250	566892
24627301250	342529
24669801250	595038
24712301250	913387
24754801250	539165
24797301250	507174
24839801250	503945
24882301250	361955
24924801250	339424
24967301250	593261
25008703510	758000
25046443510	885503
25084183510	531499
25121923510	666491
25159663510	918709
25197403510	793866
25235143510	716811
25272883510	702419
25310623510	695662
25348363510	727250
25386103510	829596
25423843510	900360
25461583510	638830
25499323510	698735
25537063510	627253
25574803510	895597
25612543510	2715630
25650283510	913839
25688023510	562742
25725763510	926792
25763503510	1242737
25801243510	1001675
25838983510	775699
25876723510	964056
25914463510	1367903
25952203510	877877
25989943510	1002916
26031451250	506952
26073951250	508717
26116451250	495260
26158951250	375460
26201451250	649794
26243951250	371286
26286451250	455889
26328951250	376735
26371451250	372348
26413951250	389054
26456451250	509217
26498951250	552581
26541451250	584495
26583951250	430844
26626451250	588518
26668951250	520167
26711451250	1168487
26753951250	439572
26796451250	515021
26838951250	619303
26881451250	440882
26923951250	487680
26966451250	542833
27007948710	704403
27045688710	948368
27083428710	578324
27121168710	883993
27158908710	595755
27196648710	723942
27234388710	499948
27272128710	994660
27309868710	836968
27347608710	551326
27385348710	1024039
27423088710	638651
27460828710	821545
27498568710	980502
27536308710	707430
27574048710	593991
27611788710	964100
27649528710	867439
27687268710	495955
27725008710	608643
27762748710	2555472
27800488710	948491
27838228710	925700
27875968710	523909
27913708710	735900
27951448710	957243
27989188710	981595
28030601250	462173
28073101250	404948
28115601250	391647
28158101250	370849
28200601250	455313
28243101250	566659
28285601250	421368
28328101250	632509
28370601250	465107
28413101250	490980
28455601250	534326
28498101250	399137
28540601250	348311
28583101250	621456
28625601250	332368
28668101250	452403
28710601250	501847
28753101250	394155
28795601250	453036
28838101250	567008
28880601250	641428
28923101250	484536
28965601250	402934
29007193910	860556
29044933910	1358019
29082673910	742050
29120413910	980900
29158153910	789612
29195893910	964070
29233633910	540502
29271373910	525515
29309113910	1017869
29346853910	809876
29384593910	762591
29422333910	719234
29460073910	598866
29497813910	684749
29535553910	564236
29573293910	633979
29611033910	975349
29648773910	978533
29686513910	865316
29724253910	955999
29761993910	1021676
29799733910	966578
29837473910	889650
29875213910	653744
29912953910	2507371
29950693910	995461
29988433910	759415
30029751250	430157
30072251250	449578
30114751250	375878
30157251250	603374
30199751250	329622
30242251250	587543
30284751250	468726
30327251250	438762
30369751250	375021
30412251250	342787
30454751250	322062
30497251250	419104
30539751250	476482
30582251250	364973
30624751250	501770
30667251250	338839
30709751250	387317
30752251250	396784
30794751250	484445
30837251250	548110
30879751250	530533
30922251250	502732
30964751250	561726
31006439110	688203
31044179110	1697434
31081919110	1008046
31119659110	861865
31157399110	941493
31195139110	1220440
31232879110	726167
31270619110	768689
31308359110	527690
31346099110	576330
31383839110	706543
31421579110	571841
31459319110	742308
31497059110	789851
31534799110	929294
31572539110	657327
31610279110	554424
31648019110	980644
31685759110	800742
31723499110	770411
31761239110	781338
31798979110	640095
31836719110	534812
31874459110	835332
31912199110	1257025
31949939110	532803
31987679110	976827
32028901250	588617
32071401250	1610370
32113901250	651981
32156401250	345733
32198901250	440514
32241401250	522983
32283901250	367107
32326401250	652493
32368901250	483780
32411401250	424021
32453901250	329991
32496401250	629302
32538901250	364000
32581401250	431049
32623901250	399598
32666401250	529693
32708901250	498529
32751401250	589509
32793901250	444653
32836401250	294763
32878901250	483012
32921401250	289176
32963901250	540923
33005684310	791467
33043424310	3134926
33081164310	834478
33118904310	549248
33156644310	930187
33194384310	1604311
33232124310	936938
33269864310	907663
33307604310	836807
33345344310	1352116
33383084310	880607
33420824310	1002045
33458564310	702354
33496304310	772438
33534044310	853876
33571784310	650088
33609524310	736634
33647264310	806079
33685004310	980764
33722744310	599886
33760484310	1029763
33798224310	553522
33835964310	654920
33873704310	945659
33911444310	549498
33949184310	800101
33986924310	870631
34028051250	340634
34070551250	1149357
34113051250	516204
34155551250	359727
34198051250	411092
34240551250	978677
34283051250	533862
34325551250	7963411
34368051250	1515509
34410551250	694204
34453051250	471823
34495551250	378786
34538051250	588651
34580551250	440989
34623051250	574416
34665551250	459530
34708051250	466544
34750551250	404116
34793051250	356834
34835551250	315958
34878051250	628968
34920551250	317687
34963051250	450271
35004929510	480863
35042669510	1045878
35080409510	555970
35118149510	561653
35155889510	681178
35193629510	3359634
35231369510	595377
35269109510	608782
35306849510	627530
35344589510	1036567
35382329510	526742
35420069510	904334
35457809510	946393
35495549510	1095815
35533289510	602587
35571029510	970291
35608769510	1048053
35646509510	604668
35684249510	498464
35721989510	1010712
35759729510	653883
35797469510	796705
35835209510	625586
35872949510	581260
35910689510	808238
35948429510	587325
35986169510	777329
36027201250	428992
36069701250	478814
36112201250	1022925
36154701250	593681
36197201250	438231
36239701250	1245174
36282201250	394310
36324701250	603942
36367201250	569394
36409701250	930819
36452201250	476585
36494701250	585696
36537201250	470259
36579701250	354659
36622201250	639822
36664701250	361412
36707201250	593450
36749701250	415732
36792201250	381193
36834701250	353878
36877201250	481183
36919701250	475595
36962201250	546269
37004174710	557609
37041914710	913287
37079654710	786290
37117394710	689168
37155134710	817215
37192874710	1001695
37230614710	784834
37268354710	628397
37306094710	825887
37343834710	2227331
37381574710	779903
37419314710	804891
37457054710	710023
37494794710	756997
37532534710	702798
37570274710	745648
37608014710	949211
37645754710	805810
37683494710	665392
37721234710	619449
37758974710	748742
37796714710	534248
37834454710	826552
37872194710	628847
37909934710	746241
37947674710	992224
37985414710	821225
38026351250	418675
38068851250	622158
38111351250	623664
38153851250	527911
38196351250	467694
38238851250	426928
38281351250	374356
38323851250	481049
38366351250	405359
38408851250	701064
38451351250	570463
38493851250	584405
38536351250	475210
38578851250	512290
38621351250	483125
38663851250	340932
38706351250	310655
38748851250	383925
38791351250	605305
38833851250	335293
38876351250	541581
38918851250	545064
38961351250	587123
39003419910	836765
39041159910	617807
39078899910	770461
39116639910	940061
39154379910	985867
39192119910	757296
39229859910	5591409
39267599910	6016532
39305339910	625483
39343079910	651218
39380819910	864508
39418559910	511653
39456299910	518435
39494039910	2908041
39531779910	555076
39569519910	841991
39607259910	881034
39644999910	891745
39682739910	904752
39720479910	474426
39758219910	753106
39795959910	943061
39833699910	761375
39871439910	584513
39909179910	525038
39946919910	517526
