1428	4381352
42841428	243238
85681428	222128
128521428	456774
171361428	189712
214201428	298990
257041428	247951
299881428	428203
342721428	344974
385561428	254384
428401428	225682
471241428	304529
514081428	246124
556921428	288179
599761428	471514
642601428	273315
685441428	248912
728281428	622615
771121428	448757
813961428	299787
856801428	282276
899641428	239908
942481428	456553
985321428	310975
1024651179	415496
1062151179	500123
1099651179	508811
1137151179	404323
1174651179	581967
1212151179	386365
1249651179	388155
1287151179	352704
1324651179	320417
1362151179	452737
1399651179	421794
1437151179	2283204
1474651179	400162
1512151179	385988
1549651179	588737
1587151179	373475
1624651179	602220
1662151179	397328
1699651179	509320
1737151179	566133
1774651179	497190
1812151179	527325
1849651179	497066
1887151179	555819
1924651179	378623
1962151179	912156
1999651179	482278
2042440874	376287
2085280874	253648
2128120874	365316
2170960874	364566
2213800874	274206
2256640874	258519
2299480874	282522
2342320874	230430
2385160874	290883
2428000874	278922
2470840874	286302
2513680874	244503
2556520874	480951
2599360874	227096
2642200874	259586
2685040874	335784
2727880874	383050
2770720874	368985
2813560874	456828
2856400874	1216988
2899240874	198538
2942080874	430685
2984920874	150780
3024300554	632070
3061800554	358144
3099300554	531341
3136800554	350207
3174300554	520942
3211800554	516979
3249300554	407173
3286800554	578318
3324300554	601741
3361800554	424851
3399300554	372054
3436800554	483110
3474300554	372601
3511800554	316619
3549300554	508935
3586800554	509617
3624300554	404575
3661800554	579655
3699300554	618547
3736800554	637642
3774300554	412525
3811800554	605479
3849300554	403378
3886800554	441909
3924300554	408965
3961800554	606357
3999300554	373284
4042040320	276865
4084880320	367726
4127720320	562999
4170560320	483712
4213400320	412506
4256240320	327070
4299080320	170805
4341920320	140861
4384760320	408243
4427600320	361239
4470440320	313970
4513280320	331111
4556120320	219554
4598960320	425344
4641800320	302673
4684640320	305663
4727480320	308479
4770320320	1486082
4813160320	437111
4856000320	432179
4898840320	493007
4941680320	356344
4984520320	287559
5023949929	578866
5061449929	477810
5098949929	479361
5136449929	435723
5173949929	328786
5211449929	524303
5248949929	490388
5286449929	604219
5323949929	504308
5361449929	538671
5398949929	388045
5436449929	550433
5473949929	349206
5511449929	489295
5548949929	614840
5586449929	476615
5623949929	1022760
5661449929	624214
5698949929	350160
5736449929	370576
5773949929	503164
5811449929	525187
5848949929	376513
5886449929	568412
5923949929	551691
5961449929	611578
5998949929	533872
6041639766	252684
6084479766	387663
6127319766	476393
6170159766	272978
6212999766	398452
6255839766	284944
6298679766	281628
6341519766	344565
6384359766	285320
6427199766	419586
6470039766	324833
6512879766	439410
6555719766	281276
6598559766	293903
6641399766	234029
6684239766	412969
6727079766	298906
6769919766	520837
6812759766	402789
6855599766	284430
6898439766	399378
6941279766	466008
6984119766	266825
7023599304	526371
7061099304	601677
7098599304	513897
7136099304	319583
7173599304	342738
7211099304	572600
7248599304	380637
7286099304	532498
7323599304	420628
7361099304	380147
7398599304	612128
7436099304	594494
7473599304	634188
7511099304	377297
7548599304	873495
7586099304	514953
7623599304	349487
7661099304	553909
7698599304	549605
7736099304	391702
7773599304	382146
7811099304	659790
7848599304	475290
7886099304	638047
7923599304	580441
7961099304	631587
7998599304	419737
8041239212	2711718
8084079212	359611
8126919212	470006
8169759212	378058
8212599212	315622
8255439212	435003
8298279212	412624
8341119212	369831
8383959212	430441
8426799212	279948
8469639212	315011
8512479212	231379
8555319212	380956
8598159212	293015
8640999212	242004
8683839212	257252
8726679212	270715
8769519212	341014
8812359212	317469
8855199212	358950
8898039212	231641
8940879212	160289
8983719212	246714
9023248679	378152
9060748679	343852
9098248679	429641
9135748679	373862
9173248679	397882
9210748679	652939
9248248679	324979
9285748679	355388
9323248679	513419
9360748679	440563
9398248679	412363
9435748679	328031
9473248679	2559721
9510748679	543401
9548248679	568971
9585748679	538061
9623248679	546458
9660748679	415887
9698248679	421906
9735748679	550834
9773248679	584056
9810748679	458736
9848248679	320674
9885748679	301482
9923248679	539077
9960748679	335829
9998248679	366534
10040838658	466738
10083678658	394566
10126518658	503970
10169358658	159085
10212198658	411052
10255038658	454174
10297878658	394103
10340718658	383255
10383558658	241970
10426398658	266160
10469238658	252518
10512078658	254211
10554918658	417906
10597758658	313553
10640598658	323760
10683438658	340873
10726278658	359574
10769118658	757740
10811958658	244733
10854798658	464179
10897638658	962372
10940478658	165058
10983318658	398257
11022898054	659874
11060398054	573917
11097898054	595381
11135398054	498294
11172898054	461162
11210398054	550828
11247898054	503046
11285398054	438632
11322898054	433870
11360398054	391311
11397898054	1583175
11435398054	529159
11472898054	471011
11510398054	425068
11547898054	358524
11585398054	468768
11622898054	319935
11660398054	549444
11697898054	448832
11735398054	609620
11772898054	297275
11810398054	392676
11847898054	574631
11885398054	347560
11922898054	508014
11960398054	436099
11997898054	454880
12040438104	270690
12083278104	299563
12126118104	699600
12168958104	255797
12211798104	410341
12254638104	479510
12297478104	307764
12340318104	385357
12383158104	453764
12425998104	245074
12468838104	367751
12511678104	320563
12554518104	261312
12597358104	403160
12640198104	341133
12683038104	246087
12725878104	418300
12768718104	1335148
12811558104	994417
12854398104	431490
12897238104	266283
12940078104	397359
12982918104	400896
13022547429	402940
13060047429	468363
13097547429	440213
13135047429	370667
13172547429	603877
13210047429	370968
13247547429	510482
13285047429	300473
13322547429	623286
13360047429	575407
13397547429	374354
13435047429	362620
13472547429	570492
13510047429	323925
13547547429	546463
13585047429	454003
13622547429	615870
13660047429	935549
13697547429	571644
13735047429	401746
13772547429	405300
13810047429	318719
13847547429	356396
13885047429	369371
13922547429	408359
13960047429	452811
13997547429	383710
14040037550	326282
14082877550	457168
14125717550	589853
14168557550	404319
14211397550	219905
14254237550	292786
14297077550	369392
14339917550	358987
14382757550	340565
14425597550	328532
14468437550	328053
14511277550	326536
14554117550	273127
14596957550	382963
14639797550	259839
14682637550	290348
14725477550	1471238
14768317550	330875
14811157550	416787
14853997550	234257
14896837550	469455
14939677550	142121
14982517550	283310
15022196804	534697
15059696804	568970
15097196804	662032
15134696804	371956
15172196804	450789
15209696804	295025
15247196804	554290
15284696804	346905
15322196804	344739
15359696804	575612
15397196804	611549
15434696804	612435
15472196804	578894
15509696804	572592
15547196804	504698
15584696804	403925
15622196804	424647
15659696804	312051
15697196804	405877
15734696804	591642
15772196804	477821
15809696804	556859
15847196804	505053
15884696804	598614
15922196804	591843
15959696804	422626
15997196804	317701
16039636996	245314
16082476996	1730211
16125316996	162307
16168156996	272825
16210996996	270947
16253836996	312151
16296676996	341493
16339516996	266448
16382356996	387806
16425196996	388155
16468036996	144870
16510876996	346108
16553716996	244087
16596556996	191591
16639396996	306976
16682236996	261895
16725076996	236713
16767916996	482799
16810756996	450326
16853596996	366629
16896436996	317004
16939276996	256778
16982116996	136848
17021846179	596665
17059346179	566982
17096846179	414234
17134346179	409224
17171846179	584357
17209346179	390024
17246846179	555274
17284346179	519613
17321846179	345273
17359346179	398974
17396846179	600656
17434346179	579074
17471846179	337892
17509346179	1876623
17546846179	584584
17584346179	3464655
17621846179	795526
17659346179	770259
17696846179	552055
17734346179	470923
17771846179	518850
17809346179	401449
17846846179	379842
17884346179	437927
17921846179	419652
17959346179	483297
17996846179	471002
18039236442	264947
18082076442	317925
18124916442	345299
18167756442	204464
18210596442	459495
18253436442	226610
18296276442	183647
18339116442	366943
18381956442	262281
18424796442	446587
18467636442	352782
18510476442	328125
18553316442	424173
18596156442	263680
18638996442	263413
18681836442	296958
18724676442	303387
18767516442	309084
18810356442	318292
18853196442	425959
18896036442	420514
18938876442	553426
18981716442	319692
19021495554	522119
19058995554	520912
19096495554	407160
19133995554	389853
19171495554	342038
19208995554	453131
19246495554	415869
19283995554	572042
19321495554	593744
19358995554	552184
19396495554	441102
19433995554	1252481
19471495554	523929
19508995554	360769
19546495554	462692
19583995554	574430
19621495554	394764
19658995554	339722
19696495554	354065
19733995554	484673
19771495554	324472
19808995554	421191
19846495554	517048
19883995554	487767
19921495554	438592
19958995554	613790
19996495554	4349480
20038835888	569292
20081675888	317655
20124515888	494804
20167355888	231234
20210195888	180647
20253035888	240496
20295875888	357899
20338715888	364817
20381555888	441838
20424395888	427888
20467235888	154061
20510075888	248199
20552915888	427578
20595755888	418241
20638595888	470740
20681435888	455343
20724275888	306535
20767115888	307785
20809955888	195582
20852795888	386643
20895635888	299406
20938475888	265793
20981315888	291681
21021144929	509714
21058644929	435478
21096144929	313487
21133644929	556895
21171144929	383132
21208644929	356697
21246144929	447923
21283644929	517038
21321144929	471351
21358644929	516275
21396144929	437880
21433644929	470687
21471144929	353787
21508644929	457544
21546144929	467736
21583644929	516967
21621144929	505975
21658644929	607769
21696144929	525372
21733644929	364082
21771144929	319555
21808644929	529008
21846144929	477777
21883644929	430167
21921144929	542901
21958644929	576301
21996144929	433235
22038435334	246905
22081275334	400760
22124115334	245624
22166955334	440368
22209795334	337252
22252635334	313954
22295475334	280484
22338315334	144763
22381155334	432310
22423995334	244952
22466835334	306226
22509675334	351576
22552515334	225562
22595355334	248450
22638195334	354709
22681035334	485358
22723875334	280081
22766715334	2860431
22809555334	367496
22852395334	177660
22895235334	401649
22938075334	454121
22980915334	276740
23020794304	439473
23058294304	441367
23095794304	472260
23133294304	532642
23170794304	440625
23208294304	378926
23245794304	565319
23283294304	575323
23320794304	593462
23358294304	460266
23395794304	597718
23433294304	339417
23470794304	437133
23508294304	336089
23545794304	372463
23583294304	625962
23620794304	637242
23658294304	335700
23695794304	466839
23733294304	462559
23770794304	565626
23808294304	526148
23845794304	347726
23883294304	572766
23920794304	444383
23958294304	393791
23995794304	470532
24038034780	280903
24080874780	408896
24123714780	1523433
24166554780	290307
24209394780	353532
24252234780	242860
24295074780	145663
24337914780	457141
24380754780	429129
24423594780	381457
24466434780	474048
24509274780	461564
24552114780	383163
24594954780	404375
24637794780	444264
24680634780	360527
24723474780	326851
24766314780	187624
24809154780	290277
24851994780	447307
24894834780	308366
24937674780	474337
24980514780	400028
25020443679	290523
25057943679	450766
25095443679	434746
25132943679	545028
25170443679	636065
25207943679	613546
25245443679	332163
25282943679	574543
25320443679	385340
25357943679	561201
25395443679	453482
25432943679	506418
25470443679	323414
25507943679	605064
25545443679	2182005
25582943679	386722
25620443679	364902
25657943679	446360
25695443679	370073
25732943679	381710
25770443679	427396
25807943679	602284
25845443679	457909
25882943679	459755
25920443679	359136
25957943679	551934
25995443679	642456
26037634226	1860451
26080474226	173013
26123314226	357025
26166154226	374889
26208994226	315511
26251834226	319204
26294674226	160738
26337514226	309200
26380354226	189417
26423194226	246217
26466034226	242735
26508874226	246722
26551714226	315355
26594554226	452283
26637394226	237135
26680234226	267197
26723074226	465871
26765914226	475674
26808754226	322512
26851594226	262445
26894434226	288111
26937274226	373667
26980114226	315383
27020093054	628910
27057593054	575865
27095093054	503162
27132593054	369398
27170093054	489199
27207593054	332633
27245093054	515721
27282593054	563364
27320093054	457614
27357593054	582619
27395093054	606002
27432593054	531434
27470093054	1078147
27507593054	447573
27545093054	330014
27582593054	398052
27620093054	473101
27657593054	349796
27695093054	413319
27732593054	361258
27770093054	511696
27807593054	498435
27845093054	427482
27882593054	305023
27920093054	622621
27957593054	609474
27995093054	579806
28037233672	286498
28080073672	422957
28122913672	273122
28165753672	238620
28208593672	439151
28251433672	335885
28294273672	440823
28337113672	250304
28379953672	272861
28422793672	333239
28465633672	470386
28508473672	316622
28551313672	442865
28594153672	383372
28636993672	323807
28679833672	335698
28722673672	457727
28765513672	283099
28808353672	463363
28851193672	460817
28894033672	292463
28936873672	383163
28979713672	378335
29019742429	372707
29057242429	451892
29094742429	487100
29132242429	565293
29169742429	576541
29207242429	433876
29244742429	533012
29282242429	430379
29319742429	440276
29357242429	321038
29394742429	1612026
29432242429	375708
29469742429	499301
29507242429	445441
29544742429	536183
29582242429	601444
29619742429	308383
29657242429	700066
29694742429	703685
29732242429	827807
29769742429	664478
29807242429	504724
29844742429	439598
29882242429	592122
29919742429	427710
29957242429	612834
29994742429	496494
30036833118	486039
30079673118	438211
30122513118	344529
30165353118	420413
30208193118	154303
30251033118	369027
30293873118	312398
30336713118	138493
30379553118	245285
30422393118	290685
30465233118	380013
30508073118	274946
30550913118	329808
30593753118	332758
30636593118	402425
30679433118	389280
30722273118	458020
30765113118	262231
30807953118	1622034
30850793118	328870
30893633118	342600
30936473118	303269
30979313118	279237
31019391804	528515
31056891804	552813
31094391804	477930
31131891804	529793
31169391804	334336
31206891804	319642
31244391804	540253
31281891804	402739
31319391804	606831
31356891804	340701
31394391804	323290
31431891804	509346
31469391804	352682
31506891804	335938
31544391804	513772
31581891804	377395
31619391804	389534
31656891804	489356
31694391804	621600
31731891804	553800
31769391804	335609
31806891804	621630
31844391804	339596
31881891804	456008
31919391804	615553
31956891804	560447
31994391804	342301
32036432564	573063
32079272564	429321
32122112564	309375
32164952564	1451055
32207792564	272901
32250632564	330821
32293472564	295735
32336312564	415673
32379152564	365579
32421992564	210694
32464832564	416421
32507672564	248659
32550512564	318957
32593352564	437735
32636192564	370174
32679032564	386622
32721872564	391991
32764712564	471326
32807552564	353588
32850392564	408247
32893232564	331928
32936072564	165860
32978912564	431207
33019041179	428685
33056541179	524915
33094041179	430242
33131541179	381587
33169041179	492003
33206541179	512345
33244041179	559847
33281541179	469020
33319041179	559812
33356541179	482266
33394041179	625159
33431541179	524441
33469041179	390280
33506541179	536216
33544041179	314498
33581541179	1325739
33619041179	397671
33656541179	483455
33694041179	386888
33731541179	583411
33769041179	596608
33806541179	347778
33844041179	360912
33881541179	434193
33919041179	516974
33956541179	569350
33994041179	330905
34036032010	266506
34078872010	1343325
34121712010	302196
34164552010	332189
34207392010	419164
34250232010	249281
34293072010	256360
34335912010	266467
34378752010	421834
34421592010	306935
34464432010	437165
34507272010	476957
34550112010	463347
34592952010	395961
34635792010	319349
34678632010	300273
34721472010	178903
34764312010	336567
34807152010	213437
34849992010	249677
34892832010	382706
34935672010	297143
34978512010	306180
35018690554	862278
35056190554	435453
35093690554	330179
35131190554	414815
35168690554	411025
35206190554	316137
35243690554	593631
35281190554	465158
35318690554	338253
35356190554	576995
35393690554	305005
35431190554	557698
35468690554	413577
35506190554	875244
35543690554	603760
35581190554	326068
35618690554	346903
35656190554	532725
35693690554	324998
35731190554	426152
35768690554	439277
35806190554	565665
35843690554	585491
35881190554	309311
35918690554	568687
35956190554	489944
35993690554	375262
36035631456	446989
36078471456	257697
36121311456	281266
36164151456	279235
36206991456	255899
36249831456	274021
36292671456	447410
36335511456	291068
36378351456	306504
36421191456	427607
36464031456	180453
36506871456	275104
36549711456	315063
36592551456	274868
36635391456	469274
36678231456	224339
36721071456	449485
36763911456	332041
36806751456	382154
36849591456	164233
36892431456	546524
36935271456	422867
36978111456	144892
37018339929	530930
37055839929	441697
37093339929	317705
37130839929	417169
37168339929	324709
37205839929	434355
37243339929	455638
37280839929	403162
37318339929	2802653
37355839929	444861
37393339929	357341
37430839929	3271620
37468339929	401300
37505839929	367083
37543339929	467541
37580839929	422435
37618339929	355121
37655839929	362025
37693339929	546472
37730839929	535349
37768339929	543879
37805839929	478913
37843339929	595763
37880839929	617298
37918339929	479139
37955839929	404183
37993339929	405079
38035230902	321913
38078070902	248572
38120910902	226001
38163750902	310029
38206590902	398482
38249430902	406999
38292270902	292985
38335110902	273457
38377950902	370100
38420790902	305752
38463630902	356546
38506470902	395156
38549310902	421324
38592150902	349067
38634990902	366266
38677830902	399383
38720670902	425576
38763510902	274290
38806350902	326573
38849190902	1274948
38892030902	405710
38934870902	427284
38977710902	308720
39017989304	556794
39055489304	571637
39092989304	595613
39130489304	413719
39167989304	491641
39205489304	576941
39242989304	496067
39280489304	429491
39317989304	384679
39355489304	330544
39392989304	392264
39430489304	519567
39467989304	595599
39505489304	487766
39542989304	645276
39580489304	390265
39617989304	513727
39655489304	573991
39692989304	402851
39730489304	551703
39767989304	409762
39805489304	366299
39842989304	403055
39880489304	373977
39917989304	476535
39955489304	615186
