3472	25472154
62499472	39480803
124995472	23639873
187491472	10423692
249987472	6591047
312483472	5026654
374979472	3919880
437475472	5746713
499971472	6737006
562467472	3047322
624963472	3828208
687459472	3361262
749955472	4056453
812451472	4163819
874947472	5602822
937443472	18262502
999939472	6217122
1057544232	5600215
1115144232	10174810
1172744232	6778387
1230344232	9700687
1287944232	7026050
1345544232	19535866
1403144232	12948889
1460744232	9801535
1518344232	8075535
1575944232	9453044
1633544232	6603087
1691144232	8831275
1748744232	6586545
1806344232	21213557
1863944232	11535118
1921544232	13579252
1979144232	10915392
2039867240	4246455
2102363240	5670547
2164859240	3547331
2227355240	7893047
2289851240	4594461
2352347240	5170765
2414843240	5212251
2477339240	3707470
2539835240	3873272
2602331240	4606018
2664827240	15282605
2727323240	6489440
2789819240	3131218
2852315240	4991703
2914811240	5665952
2977307240	5204291
3036685032	9491708
3094285032	15056384
3151885032	10488260
3209485032	8191880
3267085032	10462737
3324685032	8919688
3382285032	10681176
3439885032	11211158
3497485032	10028688
3555085032	20592652
3612685032	12527576
3670285032	8672135
3727885032	8747416
3785485032	8286829
3843085032	5765231
3900685032	9329809
3958285032	11750916
4017235008	9972941
4079731008	5283207
4142227008	4910446
4204723008	3689615
4267219008	3276657
4329715008	3215488
4392211008	15477559
4454707008	4180405
4517203008	5566623
4579699008	4980844
4642195008	5050543
4704691008	4381633
4767187008	3256043
4829683008	5621167
4892179008	6124046
4954675008	5332061
5015825832	4668245
5073425832	7539816
5131025832	8891867
5188625832	5736605
5246225832	9670898
5303825832	23146643
5361425832	15329686
5419025832	11637185
5476625832	6704508
5534225832	6564828
5591825832	9951015
5649425832	8611060
5707025832	12781445
5764625832	12202893
5822225832	6429103
5879825832	6696865
5937425832	6645351
5995025832	10243006
6057098776	3885613
6119594776	23001787
6182090776	5462979
6244586776	5372035
6307082776	5153646
6369578776	5057022
6432074776	5708510
6494570776	5801885
6557066776	5474367
6619562776	5333690
6682058776	5847237
6744554776	5285789
6807050776	5320195
6869546776	5193671
6932042776	5670103
6994538776	5124285
7052566632	25892201
7110166632	9390730
7167766632	13414196
7225366632	6276848
7282966632	6718398
7340566632	10403364
7398166632	7603366
7455766632	17342411
7513366632	9751044
7570966632	11434294
7628566632	6217461
7686166632	10250953
7743766632	8008628
7801366632	6094278
7858966632	8185892
7916566632	17026324
7974166632	16931988
8034466544	5626201
8096962544	5228206
8159458544	4264490
8221954544	3343399
8284450544	3727035
8346946544	5337105
8409442544	6223918
8471938544	3129024
8534434544	4957941
8596930544	4322888
8659426544	3028562
8721922544	4930870
8784418544	12774975
8846914544	6257108
8909410544	3471363
8971906544	3263001
9031707432	7586016
9089307432	7404722
9146907432	9857863
9204507432	13364503
9262107432	7927619
9319707432	9632054
9377307432	8553310
9434907432	7330771
9492507432	10806597
9550107432	8908084
9607707432	6851795
9665307432	18216026
9722907432	10369958
9780507432	10706381
9838107432	5490338
9895707432	7206952
9953307432	5663782
10011834312	6873111
10074330312	6076049
10136826312	4787458
10199322312	3608494
10261818312	3590451
10324314312	5672210
10386810312	5376223
10449306312	3446339
10511802312	15992190
10574298312	4133135
10636794312	4308221
10699290312	3209073
10761786312	4572880
10824282312	3911680
10886778312	4405838
10949274312	5683537
11010848232	5246630
11068448232	9208889
11126048232	6148155
11183648232	7944981
11241248232	9722498
11298848232	5375289
11356448232	6583730
11414048232	17465042
11471648232	10495411
11529248232	11444040
11586848232	7157557
11644448232	10666691
11702048232	7228668
11759648232	8820198
11817248232	13009768
11874848232	9634434
11932448232	8920182
11990048232	7062729
12051698080	3174836
12114194080	3206413
12176690080	3445197
12239186080	14293315
12301682080	7280326
12364178080	3908653
12426674080	5933494
12489170080	3937958
12551666080	3582085
12614162080	5673845
12676658080	5166981
12739154080	4242917
12801650080	2947000
12864146080	5601242
12926642080	5059882
12989138080	4356306
13047589032	9796753
13105189032	10633173
13162789032	21239229
13220389032	16297044
13277989032	11707775
13335589032	7676363
13393189032	9464231
13450789032	11140844
13508389032	8552758
13565989032	18303062
13623589032	9365928
13681189032	8913604
13738789032	7651858
13796389032	9884509
13853989032	5425940
13911589032	6865913
13969189032	8884370
14029065848	11134265
14091561848	4589043
14154057848	5031289
14216553848	4224902
14279049848	4109838
14341545848	4781032
14404041848	5790066
14466537848	7338934
14529033848	5582561
14591529848	5368729
14654025848	3695467
14716521848	4265796
14779017848	4946191
14841513848	4567387
14904009848	12366864
14966505848	6203526
15026729832	7281062231
15084329832	7223462231
15141929832	7165862231
15199529832	7108262231
15257129832	7050662231
15314729832	6993062231
15372329832	6935462231
15429929832	6877862231
15487529832	6820262231
15545129832	6762662231
15602729832	6705062231
15660329832	6647462231
15717929832	6589862231
15775529832	6532262231
15833129832	6474662231
15890729832	6417062231
15948329832	6359462231
16006433616	6301358447
16068929616	6238862447
16131425616	6176366447
16193921616	6113870447
16256417616	6051374447
16318913616	5988878447
16381409616	5926382447
16443905616	5863886447
16506401616	5801390447
16568897616	5738894447
16631393616	5676398447
16693889616	5613902447
16756385616	5551406447
16818881616	5488910447
16881377616	5426414447
16943873616	5363918447
17005870632	5301921431
17063470632	5244321431
17121070632	5186721431
17178670632	5129121431
17236270632	5071521431
17293870632	5013921431
17351470632	4956321431
17409070632	4898721431
17466670632	4841121431
17524270632	4783521431
17581870632	4725921431
17639470632	4668321431
17697070632	4610721431
17754670632	4553121431
17812270632	4495521431
17869870632	4437921431
17927470632	4380321431
17985070632	4322721431
18046297384	4261494679
18108793384	4198998679
18171289384	4136502679
18233785384	4074006679
18296281384	4011510679
18358777384	3949014679
18421273384	3886518679
18483769384	3824022679
18546265384	3761526679
18608761384	3699030679
18671257384	3636534679
18733753384	3574038679
18796249384	3511542679
18858745384	3449046679
18921241384	3386550679
18983737384	3324054679
19042611432	3265180631
19100211432	3207580631
19157811432	3149980631
19215411432	3092380631
19273011432	3034780631
19330611432	2977180631
19388211432	2919580631
19445811432	2861980631
19503411432	2804380631
19561011432	2746780631
19618611432	2689180631
19676211432	2631580631
19733811432	2573980631
19791411432	2516380631
19849011432	2458780631
19906611432	2401180631
19964211432	2343580631
20023665152	3794759445
20086161152	3732263445
20148657152	3669767445
20211153152	3607271445
20273649152	3544775445
20336145152	3482279445
20398641152	3419783445
20461137152	3357287445
20523633152	3294791445
20586129152	3232295445
20648625152	3169799445
20711121152	3107303445
20773617152	3044807445
20836113152	2982311445
20898609152	2919815445
20961105152	2857319445
21021752232	2796672365
21079352232	2739072365
21136952232	2681472365
21194552232	2623872365
21252152232	2566272365
21309752232	2508672365
21367352232	2451072365
21424952232	2393472365
21482552232	2335872365
21540152232	2278272365
21597752232	2220672365
21655352232	2163072365
21712952232	2105472365
21770552232	2047872365
21828152232	1990272365
21885752232	1932672365
21943352232	1875072365
22001032920	1817391677
22063528920	1754895677
22126024920	1692399677
22188520920	1629903677
22251016920	1567407677
22313512920	1504911677
22376008920	2472114391
22438504920	2409618391
22501000920	2347122391
22563496920	2284626391
22625992920	2222130391
22688488920	2159634391
22750984920	2097138391
22813480920	2034642391
22875976920	1972146391
22938472920	1909650391
23000893032	1847230279
23058493032	1789630279
23116093032	1732030279
23173693032	1674430279
23231293032	1616830279
23288893032	1559230279
23346493032	1501630279
23404093032	1444030279
23461693032	1386430279
23519293032	1328830279
23576893032	1271230279
23634493032	1213630279
23692093032	1156030279
23749693032	1098430279
23807293032	1040830279
23864893032	1669895623
23922493032	1612295623
23980093032	1554695623
24040896688	1493891967
24103392688	1431395967
24165888688	1368899967
24228384688	1306403967
24290880688	1243907967
24353376688	1181411967
24415872688	1118915967
24478368688	1056419967
24540864688	993923967
24603360688	931427967
24665856688	868931967
24728352688	806435967
24790848688	743939967
24853344688	681443967
24915840688	1117255751
24978336688	1054759751
25037633832	995462607
25095233832	937862607
25152833832	880262607
25210433832	822662607
25268033832	765062607
25325633832	707462607
25383233832	649862607
25440833832	592262607
25498433832	534662607
25556033832	833128565
25613633832	775528565
25671233832	717928565
25728833832	660328565
25786433832	602728565
25844033832	545128565
25901633832	487528565
25959233832	429928565
26018264456	370897941
26080760456	544899169
26143256456	482403169
26205752456	419907169
26268248456	357411169
26330744456	294915169
26393240456	390450025
26455736456	327954025
26518232456	265458025
26580728456	202962025
26643224456	242631353
26705720456	180135353
26768216456	117639353
26830712456	122259203
26893208456	101748610
26955704456	66501587
27016774632	25153010
27074374632	7266907
27131974632	8134580
27189574632	3604093
27247174632	4432540
27304774632	4476797
27362374632	3677434
27419974632	3352152
27477574632	2474703
27535174632	6399240
27592774632	4349593
27650374632	2686107
27707974632	2849531
27765574632	4252794
27823174632	4210613
27880774632	3719394
27938374632	4342213
27995974632	3232554
28058128224	3505321
28120624224	3612155
28183120224	3417301
28245616224	1974212
28308112224	3467585
28370608224	3652785
28433104224	1846175
28495600224	2524989
28558096224	2226243
28620592224	2926253
28683088224	3365993
28745584224	1866262
28808080224	2218094
28870576224	4749641
28933072224	1884460
28995568224	2594679
29053515432	2644292
29111115432	4163020
29168715432	3603661
29226315432	3732803
29283915432	9909716
29341515432	2423847
29399115432	4144874
29456715432	3487579
29514315432	2526183
29571915432	2643324
29629515432	2873466
29687115432	4218028
29744715432	4466955
29802315432	3900480
29859915432	3342510
29917515432	2718673
29975115432	3864572
30035495992	4114367824
30097991992	4051871824
30160487992	3989375824
30222983992	3926879824
30285479992	3864383824
30347975992	3801887824
30410471992	3739391824
30472967992	3676895824
30535463992	3614399824
30597959992	3551903824
30660455992	3489407824
30722951992	3426911824
30785447992	3364415824
30847943992	3301919824
30910439992	3239423824
30972935992	3176927824
31032656232	3117207584
31090256232	3059607584
31147856232	3002007584
31205456232	2944407584
31263056232	2886807584
31320656232	2829207584
31378256232	2771607584
31435856232	2714007584
31493456232	2656407584
31551056232	2598807584
31608656232	2541207584
31666256232	2483607584
31723856232	2426007584
31781456232	2368407584
31839056232	2310807584
31896656232	2253207584
31954256232	2195607584
32012863760	2137000056
32075359760	2074504056
32137855760	2012008056
32200351760	1949512056
32262847760	1887016056
32325343760	1824520056
32387839760	1762024056
32450335760	1699528056
32512831760	1637032056
32575327760	1574536056
32637823760	1512040056
32700319760	1449544056
32762815760	1387048056
32825311760	2281392036
32887807760	2218896036
32950303760	2156400036
33011797032	2094906764
33069397032	2037306764
33126997032	1979706764
33184597032	1922106764
33242197032	1864506764
33299797032	1806906764
33357397032	1749306764
33414997032	1691706764
33472597032	1634106764
33530197032	1576506764
33587797032	1518906764
33645397032	1461306764
33702997032	1403706764
33760597032	1346106764
33818197032	1288506764
33875797032	1230906764
33933397032	1173306764
33990997032	1115706764
34052727528	1053976268
34115223528	991480268
34177719528	1592568635
34240215528	1530072635
34302711528	1467576635
34365207528	1405080635
34427703528	1342584635
34490199528	1280088635
34552695528	1217592635
34615191528	1155096635
34677687528	1092600635
34740183528	1030104635
34802679528	967608635
34865175528	905112635
34927671528	842616635
34990167528	780120635
35048537832	721750331
35106137832	664150331
35163737832	1097627749
35221337832	1040027749
35278937832	982427749
35336537832	924827749
35394137832	867227749
35451737832	809627749
35509337832	752027749
35566937832	694427749
35624537832	636827749
35682137832	579227749
35739737832	521627749
35797337832	805897427
35854937832	748297427
35912537832	690697427
35970137832	633097427
36030095296	573139963
36092591296	510643963
36155087296	448147963
36217583296	385651963
36280079296	557262986
36342575296	494766986
36405071296	432270986
36467567296	369774986
36530063296	307278986
36592559296	244782986
36655055296	345477714
36717551296	282981714
36780047296	220485714
36842543296	278490136
36905039296	215994136
36967535296	153498136
37027678632	184476098
37085278632	126876098
37142878632	143808437
37200478632	86208437
37258078632	88499258
37315678632	77097006
37373278632	56058342
37430878632	51554490
37488478632	30570503
37546078632	13687133
37603678632	22054493
37661278632	12513029
37718878632	13729678
37776478632	7961572
37834078632	5465963
37891678632	9912808
37949278632	6220961
38007463064	8831761
38069959064	5266862
38132455064	3158632
38194951064	4498035
38257447064	5234109
38319943064	5404109
38382439064	2839655
38444935064	11930372
38507431064	5134727
38569927064	5323225
38632423064	4871346
38694919064	4774446
38757415064	5130315
38819911064	5008688
38882407064	4880238
38944903064	3435367
39006819432	6427570
39064419432	8891417
39122019432	6234310
39179619432	8798531
39237219432	7742012
39294819432	8402945
39352419432	17883630
39410019432	9447418
39467619432	7343444
39525219432	8949992
39582819432	11342338
39640419432	7528549
39698019432	7715608
39755619432	15118641
39813219432	10089285
39870819432	5712459
39928419432	7975108
39986019432	7882518
40047326832	4528874
40109822832	3508911
40172318832	17175371
40234814832	7494665
40297310832	4832595
40359806832	4420972
40422302832	5349772
40484798832	5329208
40547294832	5817677
40609790832	4573900
40672286832	6119678
40734782832	3016021
40797278832	4932882
40859774832	5163726
40922270832	2801628
40984766832	4947800
41043560232	5624897
41101160232	23704444
41158760232	15660366
41216360232	8349802
41273960232	9427930
41331560232	5696833
41389160232	5628942
41446760232	7571602
41504360232	11354035
41561960232	8302838
41619560232	10164414
41677160232	5824794
41734760232	6505250
41792360232	6824190
41849960232	7091314
41907560232	8214264
41965160232	16266393
42024694600	7303037
42087190600	4353642
42149686600	4985119
42212182600	4751176
42274678600	4074119
42337174600	2957641
42399670600	6315442
42462166600	3908564
42524662600	5122890
42587158600	5207959
42649654600	5225226
42712150600	5299420
42774646600	4843369
42837142600	13373619
42899638600	4320582
42962134600	3314787
43022701032	6687090
43080301032	8672561
43137901032	7744318
43195501032	6534945
43253101032	11502941
43310701032	10211342
43368301032	6836373
43425901032	10046988
43483501032	7123709
43541101032	7017496
43598701032	7171744
43656301032	6755491
43713901032	15804548
43771501032	12472114
43829101032	8400439
43886701032	6381226
43944301032	8469770
44002062368	8212147
44064558368	4074820
44127054368	5905323
44189550368	4508925
44252046368	4638572
44314542368	4837568
44377038368	4900742
44439534368	3038688
44502030368	3470148
44564526368	10878551
44627022368	4122965
44689518368	4237820
44752014368	3677461
44814510368	2961749
44877006368	4713799
44939502368	4718775
45001841832	97023913
45059441832	99580582
45117041832	161196610
45174641832	179920400
45232241832	122320400
45289841832	205824180
45347441832	148224180
45405041832	186027147
45462641832	128427147
45520241832	223256387
45577841832	165656387
45635441832	208323522
45693041832	150723522
45750641832	242575048
45808241832	184975048
45865841832	225891522
45923441832	168291522
45981041832	110691522
46041926136	185955781
46104422136	198743282
46166918136	136247282
46229414136	198517397
46291910136	136021397
46354406136	149645507
46416902136	87149507
46479398136	151217946
46541894136	156328577
46604390136	93832577
46666886136	153917905
46729382136	159010154
46791878136	96514154
46854374136	152286528
46916870136	153847407
46979366136	91351407
47038582632	151328829
47096182632	164679102
47153782632	107079102
47211382632	187002313
47268982632	210626470
47326582632	153026470
47384182632	95426470
47441782632	167690124
47499382632	187285017
47556982632	129685017
47614582632	209989923
47672182632	152389923
47729782632	174342726
47787382632	116742726
47844982632	182627460
47902582632	125027460
47960182632	134487409
48019293904	75376137
48081789904	141673762
48144285904	143360439
48206781904	80864439
48269277904	135023895
48331773904	129269032
48394269904	66773032
48456765904	104644137
48519261904	95088259
48581757904	135108953
48644253904	121368848
48706749904	58872848
48769245904	152607744
48831741904	90111744
48894237904	125205529
48956733904	120041947
49017723432	59052419
49075323432	121422365
49132923432	128936353
49190523432	71336353
49248123432	128561578
49305723432	135836813
49363323432	78236813
49420923432	149126500
49478523432	161893678
49536123432	104293678
49593723432	165208952
49651323432	173439403
49708923432	115839403
49766523432	190800554
49824123432	133200554
49881723432	151678375
49939323432	94078375
49996923432	148841458
50059157672	141787480
50121653672	79291480
50184149672	126745148
50246645672	119751341
50309141672	57255341
50371637672	155496625
50434133672	93000625
50496629672	129441873
50559125672	113193578
50621621672	50697578
50684117672	152882323
50746613672	90386323
50809109672	133966251
50871605672	121220547
50934101672	58724547
50996597672	47531992
51054464232	15046759
51112064232	8077469
51169664232	3276896
51227264232	4459046
51284864232	3471102
51342464232	3395648
51400064232	3600492
51457664232	3902373
51515264232	3671192
51572864232	5835079
51630464232	3321383
51688064232	3628692
51745664232	3620603
51803264232	3988421
51860864232	2272644
51918464232	3230005
51976064232	4104731
52036525440	3192050
52099021440	3668177
52161517440	2939692
52224013440	3580674
52286509440	2882811
52349005440	3173489
52411501440	10573322
52473997440	3196447
52536493440	2114753
52598989440	3481631
52661485440	3133907
52723981440	3532418
52786477440	2108967
52848973440	2607501
52911469440	1893616
52973965440	2382200
53033605032	2950521
53091205032	2602363
53148805032	2343822
53206405032	4209601
53264005032	3761547
53321605032	4624484
53379205032	2639247
53436805032	3626198
53494405032	4323235
53552005032	3652452
53609605032	2608270
53667205032	3405128
53724805032	5803509
53782405032	2476070
53840005032	3828771
53897605032	4350475
53955205032	4209126
54013893208	2737823
54076389208	1867951
54138885208	10535669
54201381208	2760373
54263877208	2608105
54326373208	2958815
54388869208	3459959
54451365208	2928056
54513861208	3125201
54576357208	2661030
54638853208	3392543
54701349208	2521401
54763845208	3637559
54826341208	2852332
54888837208	2755965
54951333208	3611172
55012745832	4055470
55070345832	9389105
55127945832	3813409
55185545832	2474032
55243145832	3089978
55300745832	2463272
55358345832	3299679
55415945832	3425061
55473545832	7534684
55531145832	3941208
55588745832	3932478
55646345832	3830304
55703945832	3645454
55761545832	4353545
55819145832	3190092
55876745832	3405520
55934345832	3852048
55991945832	2846953
56053756976	2573464
56116252976	3420636
56178748976	3255207
56241244976	2986756
56303740976	2106369
56366236976	3182907
56428732976	2956853
56491228976	2431066
56553724976	2473920
56616220976	3024811
56678716976	3027920
56741212976	3617229
56803708976	7655543
56866204976	2689429
56928700976	2028277
56991196976	3409899
57049486632	4093510
57107086632	2733715
57164686632	3581917
57222286632	10863052
57279886632	2925554
57337486632	4032262
57395086632	3810563
57452686632	2835802
57510286632	3515132
57567886632	4090848
57625486632	2571405
57683086632	3007549
57740686632	2553071
57798286632	3522549
57855886632	2815454
57913486632	3936672
57971086632	3435390
58031124744	2089098
58093620744	2369712
58156116744	3076521
58218612744	2368790
58281108744	3633011
58343604744	3002466
58406100744	4071766
58468596744	2701606
58531092744	10555207
58593588744	1877363
58656084744	3676190
58718580744	3064237
58781076744	1962146
58843572744	2992574
58906068744	3013914
58968564744	3632412
59028627432	2768233
59086227432	3630461
59143827432	2585419
59201427432	3317269
59259027432	3406079
59316627432	3684413
59374227432	4021646
59431827432	6929595
59489427432	3938766
59547027432	4063425
59604627432	2882931
59662227432	3541144
59719827432	3698263
59777427432	4461738
59835027432	4323340
59892627432	2892436
