2048	8696043
61442048	150757923
122882048	257621324
184322048	196181324
245762048	404715819
307202048	343275819
368642048	281835819
430082048	644453790
491522048	583013790
552962048	521573790
614402048	460133790
675842048	1097616294
737282048	1036176294
798722048	974736294
860162048	913296294
921602048	851856294
983042048	790416294
1042223194	731235148
1100543194	1826031327
1158863194	1767711327
1217183194	1709391327
1275503194	1651071327
1333823194	1592751327
1392143194	1534431327
1450463194	1476111327
1508783194	1417791327
1567103194	1359471327
1625423194	1301151327
1683743194	1242831327
1742063194	1184511327
1800383194	2939065365
1858703194	2880745365
1917023194	2822425365
1975343194	2764105365
2040962048	2698486511
2102402048	2637046511
2163842048	2575606511
2225282048	2514166511
2286722048	2452726511
2348162048	2391286511
2409602048	2329846511
2471042048	2268406511
2532482048	2206966511
2593922048	2145526511
2655362048	2084086511
2716802048	2022646511
2778242048	1961206511
2839682048	1899766511
2901122048	1838326511
2962562048	4673676695
3022783194	4613455549
3081103194	4555135549
3139423194	4496815549
3197743194	4438495549
3256063194	4380175549
3314383194	4321855549
3372703194	4263535549
3431023194	4205215549
3489343194	4146895549
3547663194	4088575549
3605983194	4030255549
3664303194	3971935549
3722623194	3913615549
3780943194	3855295549
3839263194	3796975549
3897583194	3738655549
3955903194	3680335549
4020482048	3615756695
4081922048	3554316695
4143362048	3492876695
4204802048	3431436695
4266242048	3369996695
4327682048	3308556695
4389122048	3247116695
4450562048	3185676695
4512002048	3124236695
4573442048	3062796695
4634882048	3001356695
4696322048	2939916695
4757762048	7419830484
4819202048	7358390484
4880642048	7296950484
4942082048	7235510484
5003343194	7174249338
5061663194	7115929338
5119983194	7057609338
5178303194	6999289338
5236623194	6940969338
5294943194	6882649338
5353263194	6824329338
5411583194	6766009338
5469903194	6707689338
5528223194	6649369338
5586543194	6591049338
5644863194	6532729338
5703183194	6474409338
5761503194	6416089338
5819823194	6357769338
5878143194	6299449338
5936463194	6241129338
6000002048	6177590484
6061442048	6116150484
6122882048	6054710484
6184322048	5993270484
6245762048	5931830484
6307202048	5870390484
6368642048	5808950484
6430082048	5747510484
6491522048	5686070484
6552962048	5624630484
6614402048	5563190484
6675842048	5501750484
6737282048	5440310484
6798722048	5378870484
6860162048	5317430484
6921602048	5255990484
6983042048	5194550484
7042223194	5135369338
7100543194	5077049338
7158863194	5018729338
7217183194	4960409338
7275503194	4902089338
7333823194	4843769338
7392143194	4785449338
7450463194	4727129338
7508783194	4668809338
7567103194	4610489338
7625423194	4552169338
7683743194	11696102982
7742063194	11637782982
7800383194	11579462982
7858703194	11521142982
7917023194	11462822982
7975343194	11404502982
8040962048	11338884128
8102402048	11277444128
8163842048	11216004128
8225282048	11154564128
8286722048	11093124128
8348162048	11031684128
8409602048	10970244128
8471042048	10908804128
8532482048	10847364128
8593922048	10785924128
8655362048	10724484128
8716802048	10663044128
8778242048	10601604128
8839682048	10540164128
8901122048	10478724128
8962562048	10417284128
9022783194	10357062982
9081103194	10298742982
9139423194	10240422982
9197743194	10182102982
9256063194	10123782982
9314383194	10065462982
9372703194	10007142982
9431023194	9948822982
9489343194	9890502982
9547663194	9832182982
9605983194	9773862982
9664303194	9715542982
9722623194	9657222982
9780943194	9598902982
9839263194	9540582982
9897583194	9482262982
9955903194	9423942982
10020482048	9359364128
10081922048	9297924128
10143362048	9236484128
10204802048	9175044128
10266242048	9113604128
10327682048	9052164128
10389122048	8990724128
10450562048	8929284128
10512002048	8867844128
10573442048	8806404128
10634882048	8744964128
10696322048	8683524128
10757762048	8622084128
10819202048	8560644128
10880642048	8499204128
10942082048	8437764128
11003343194	8376502982
11061663194	8318182982
11119983194	8259862982
11178303194	8201542982
11236623194	8143222982
11294943194	8084902982
11353263194	8026582982
11411583194	7968262982
11469903194	7909942982
11528223194	7851622982
11586543194	7793302982
11644863194	7734982982
11703183194	7676662982
11761503194	7618342982
11819823194	7560022982
11878143194	7501702982
11936463194	7443382982
12000002048	7379844128
12061442048	7318404128
12122882048	7256964128
12184322048	7195524128
12245762048	20114092608
12307202048	20052652608
12368642048	19991212608
12430082048	19929772608
12491522048	19868332608
12552962048	19806892608
12614402048	19745452608
12675842048	19684012608
12737282048	19622572608
12798722048	19561132608
12860162048	19499692608
12921602048	19438252608
12983042048	19376812608
13042223194	19317631462
13100543194	19259311462
13158863194	19200991462
13217183194	19142671462
13275503194	19084351462
13333823194	19026031462
13392143194	18967711462
13450463194	18909391462
13508783194	18851071462
13567103194	18792751462
13625423194	18734431462
13683743194	18676111462
13742063194	18617791462
13800383194	18559471462
13858703194	18501151462
13917023194	18442831462
13975343194	18384511462
14040962048	18318892608
14102402048	18257452608
14163842048	18196012608
14225282048	18134572608
14286722048	18073132608
14348162048	18011692608
14409602048	17950252608
14471042048	17888812608
14532482048	17827372608
14593922048	17765932608
14655362048	17704492608
14716802048	17643052608
14778242048	17581612608
14839682048	17520172608
14901122048	17458732608
14962562048	17397292608
15022783194	17337071462
15081103194	17278751462
15139423194	17220431462
15197743194	17162111462
15256063194	17103791462
15314383194	17045471462
15372703194	16987151462
15431023194	16928831462
15489343194	16870511462
15547663194	16812191462
15605983194	16753871462
15664303194	16695551462
15722623194	16637231462
15780943194	16578911462
15839263194	16520591462
15897583194	16462271462
15955903194	16403951462
16020482048	16339372608
16081922048	16277932608
16143362048	16216492608
16204802048	16155052608
16266242048	16093612608
16327682048	16032172608
16389122048	15970732608
16450562048	15909292608
16512002048	15847852608
16573442048	15786412608
16634882048	15724972608
16696322048	15663532608
16757762048	15602092608
16819202048	15540652608
16880642048	15479212608
16942082048	15417772608
17003343194	15356511462
17061663194	15298191462
17119983194	15239871462
17178303194	15181551462
17236623194	15123231462
17294943194	15064911462
17353263194	15006591462
17411583194	14948271462
17469903194	14889951462
17528223194	14831631462
17586543194	14773311462
17644863194	14714991462
17703183194	14656671462
17761503194	14598351462
17819823194	14540031462
17878143194	14481711462
17936463194	14423391462
18000002048	14359852608
18061442048	14298412608
18122882048	14236972608
18184322048	14175532608
18245762048	14114092608
18307202048	14052652608
18368642048	13991212608
18430082048	13929772608
18491522048	13868332608
18552962048	13806892608
18614402048	13745452608
18675842048	13684012608
18737282048	13622572608
18798722048	13561132608
18860162048	13499692608
18921602048	13438252608
18983042048	13376812608
19042223194	13317631462
19100543194	13259311462
19158863194	13200991462
19217183194	13142671462
19275503194	13084351462
19333823194	13026031462
19392143194	12967711462
19450463194	32507826064
19508783194	32449506064
19567103194	32391186064
19625423194	32332866064
19683743194	32274546064
19742063194	32216226064
19800383194	32157906064
19858703194	32099586064
19917023194	32041266064
19975343194	31982946064
20040962048	31917327210
20102402048	31855887210
20163842048	31794447210
20225282048	31733007210
20286722048	31671567210
20348162048	31610127210
20409602048	31548687210
20471042048	31487247210
20532482048	31425807210
20593922048	31364367210
20655362048	31302927210
20716802048	31241487210
20778242048	31180047210
20839682048	31118607210
20901122048	31057167210
20962562048	30995727210
21022783194	30935506064
21081103194	30877186064
21139423194	30818866064
21197743194	30760546064
21256063194	30702226064
21314383194	30643906064
21372703194	30585586064
21431023194	30527266064
21489343194	30468946064
21547663194	30410626064
21605983194	30352306064
21664303194	30293986064
21722623194	30235666064
21780943194	30177346064
21839263194	30119026064
21897583194	30060706064
21955903194	30002386064
22020482048	29937807210
22081922048	29876367210
22143362048	29814927210
22204802048	29753487210
22266242048	29692047210
22327682048	29630607210
22389122048	29569167210
22450562048	29507727210
22512002048	29446287210
22573442048	29384847210
22634882048	29323407210
22696322048	29261967210
22757762048	29200527210
22819202048	29139087210
22880642048	29077647210
22942082048	29016207210
23003343194	28954946064
23061663194	28896626064
23119983194	28838306064
23178303194	28779986064
23236623194	28721666064
23294943194	28663346064
23353263194	28605026064
23411583194	28546706064
23469903194	28488386064
23528223194	28430066064
23586543194	28371746064
23644863194	28313426064
23703183194	28255106064
23761503194	28196786064
23819823194	28138466064
23878143194	28080146064
23936463194	28021826064
24000002048	27958287210
24061442048	27896847210
24122882048	27835407210
24184322048	27773967210
24245762048	27712527210
24307202048	27651087210
24368642048	27589647210
24430082048	27528207210
24491522048	27466767210
24552962048	27405327210
24614402048	27343887210
24675842048	27282447210
24737282048	27221007210
24798722048	27159567210
24860162048	27098127210
24921602048	27036687210
24983042048	26975247210
25042223194	26916066064
25100543194	26857746064
25158863194	26799426064
25217183194	26741106064
25275503194	26682786064
25333823194	26624466064
25392143194	26566146064
25450463194	26507826064
25508783194	26449506064
25567103194	26391186064
25625423194	26332866064
25683743194	26274546064
25742063194	26216226064
25800383194	26157906064
25858703194	26099586064
25917023194	26041266064
25975343194	25982946064
26040962048	25917327210
26102402048	25855887210
26163842048	25794447210
26225282048	25733007210
26286722048	25671567210
26348162048	25610127210
26409602048	25548687210
26471042048	25487247210
26532482048	25425807210
26593922048	25364367210
26655362048	25302927210
26716802048	25241487210
26778242048	25180047210
26839682048	25118607210
26901122048	25057167210
26962562048	24995727210
27022783194	24935506064
27081103194	24877186064
27139423194	24818866064
27197743194	24760546064
27256063194	24702226064
27314383194	24643906064
27372703194	24585586064
27431023194	24527266064
27489343194	24468946064
27547663194	24410626064
27605983194	24352306064
27664303194	24293986064
27722623194	24235666064
27780943194	24177346064
27839263194	24119026064
27897583194	24060706064
27955903194	24002386064
28020482048	23937807210
28081922048	23876367210
28143362048	23814927210
28204802048	23753487210
28266242048	23692047210
28327682048	23630607210
28389122048	23569167210
28450562048	23507727210
28512002048	23446287210
28573442048	23384847210
28634882048	23323407210
28696322048	23261967210
28757762048	23200527210
28819202048	23139087210
28880642048	23077647210
28942082048	23016207210
29003343194	22954946064
29061663194	22896626064
29119983194	22838306064
29178303194	22779986064
29236623194	22721666064
29294943194	22663346064
29353263194	22605026064
29411583194	22546706064
29469903194	22488386064
29528223194	22430066064
29586543194	22371746064
29644863194	22313426064
29703183194	22255106064
29761503194	22196786064
29819823194	22138466064
29878143194	22080146064
29936463194	22021826064
30000002048	21958287210
30061442048	21896847210
30122882048	21835407210
30184322048	21773967210
30245762048	21712527210
30307202048	21651087210
30368642048	21589647210
30430082048	21528207210
30491522048	21466767210
30552962048	21405327210
30614402048	21343887210
30675842048	21282447210
30737282048	21221007210
30798722048	21159567210
30860162048	21098127210
30921602048	21036687210
30983042048	20975247210
31042223194	20916066064
31100543194	20857746064
31158863194	20799426064
31217183194	20741106064
31275503194	20682786064
31333823194	20624466064
31392143194	20566146064
31450463194	20507826064
31508783194	20449506064
31567103194	20391186064
31625423194	20332866064
31683743194	20274546064
31742063194	20216226064
31800383194	20157906064
31858703194	20099586064
31917023194	20041266064
31975343194	19982946064
32040962048	19917327210
32102402048	19855887210
32163842048	19794447210
32225282048	19733007210
32286722048	19671567210
32348162048	19610127210
32409602048	19548687210
32471042048	52555061878
32532482048	52493621878
32593922048	52432181878
32655362048	52370741878
32716802048	52309301878
32778242048	52247861878
32839682048	52186421878
32901122048	52124981878
32962562048	52063541878
33022783194	52003320732
33081103194	51945000732
33139423194	51886680732
33197743194	51828360732
33256063194	51770040732
33314383194	51711720732
33372703194	51653400732
33431023194	51595080732
33489343194	51536760732
33547663194	51478440732
33605983194	51420120732
33664303194	51361800732
33722623194	51303480732
33780943194	51245160732
33839263194	51186840732
33897583194	51128520732
33955903194	51070200732
34020482048	51005621878
34081922048	50944181878
34143362048	50882741878
34204802048	50821301878
34266242048	50759861878
34327682048	50698421878
34389122048	50636981878
34450562048	50575541878
34512002048	50514101878
34573442048	50452661878
34634882048	50391221878
34696322048	50329781878
34757762048	50268341878
34819202048	50206901878
34880642048	50145461878
34942082048	50084021878
35003343194	50022760732
35061663194	49964440732
35119983194	49906120732
35178303194	49847800732
35236623194	49789480732
35294943194	49731160732
35353263194	49672840732
35411583194	49614520732
35469903194	49556200732
35528223194	49497880732
35586543194	49439560732
35644863194	49381240732
35703183194	49322920732
35761503194	49264600732
35819823194	49206280732
35878143194	49147960732
35936463194	49089640732
36000002048	49026101878
36061442048	48964661878
36122882048	48903221878
36184322048	48841781878
36245762048	48780341878
36307202048	48718901878
36368642048	48657461878
36430082048	48596021878
36491522048	48534581878
36552962048	48473141878
36614402048	48411701878
36675842048	48350261878
36737282048	48288821878
36798722048	48227381878
36860162048	48165941878
36921602048	48104501878
36983042048	48043061878
37042223194	47983880732
37100543194	47925560732
37158863194	47867240732
37217183194	47808920732
37275503194	47750600732
37333823194	47692280732
37392143194	47633960732
37450463194	47575640732
37508783194	47517320732
37567103194	47459000732
37625423194	47400680732
37683743194	47342360732
37742063194	47284040732
37800383194	47225720732
37858703194	47167400732
37917023194	47109080732
37975343194	47050760732
38040962048	46985141878
38102402048	46923701878
38163842048	46862261878
38225282048	46800821878
38286722048	46739381878
38348162048	46677941878
38409602048	46616501878
38471042048	46555061878
38532482048	46493621878
38593922048	46432181878
38655362048	46370741878
38716802048	46309301878
38778242048	46247861878
38839682048	46186421878
38901122048	46124981878
38962562048	46063541878
39022783194	46003320732
39081103194	45945000732
39139423194	45886680732
39197743194	45828360732
39256063194	45770040732
39314383194	45711720732
39372703194	45653400732
39431023194	45595080732
39489343194	45536760732
39547663194	45478440732
39605983194	45420120732
39664303194	45361800732
39722623194	45303480732
39780943194	45245160732
39839263194	45186840732
39897583194	45128520732
39955903194	45070200732
40020482048	45005621878
40081922048	44944181878
40143362048	44882741878
40204802048	44821301878
40266242048	44759861878
40327682048	44698421878
40389122048	44636981878
40450562048	44575541878
40512002048	44514101878
40573442048	44452661878
40634882048	44391221878
40696322048	44329781878
40757762048	44268341878
40819202048	44206901878
40880642048	44145461878
40942082048	44084021878
41003343194	44022760732
41061663194	43964440732
41119983194	43906120732
41178303194	43847800732
41236623194	43789480732
41294943194	43731160732
41353263194	43672840732
41411583194	43614520732
41469903194	43556200732
41528223194	43497880732
41586543194	43439560732
41644863194	43381240732
41703183194	43322920732
41761503194	43264600732
41819823194	43206280732
41878143194	43147960732
41936463194	43089640732
42000002048	43026101878
42061442048	42964661878
42122882048	42903221878
42184322048	42841781878
42245762048	42780341878
42307202048	42718901878
42368642048	42657461878
42430082048	42596021878
42491522048	42534581878
42552962048	42473141878
42614402048	42411701878
42675842048	42350261878
42737282048	42288821878
42798722048	42227381878
42860162048	42165941878
42921602048	42104501878
42983042048	42043061878
43042223194	41983880732
43100543194	41925560732
43158863194	41867240732
43217183194	41808920732
43275503194	41750600732
43333823194	41692280732
43392143194	41633960732
43450463194	41575640732
43508783194	41517320732
43567103194	41459000732
43625423194	41400680732
43683743194	41342360732
43742063194	41284040732
43800383194	41225720732
43858703194	41167400732
43917023194	41109080732
43975343194	41050760732
44040962048	40985141878
44102402048	40923701878
44163842048	40862261878
44225282048	40800821878
44286722048	40739381878
44348162048	40677941878
44409602048	40616501878
44471042048	40555061878
44532482048	40493621878
44593922048	40432181878
44655362048	40370741878
44716802048	40309301878
44778242048	40247861878
44839682048	40186421878
44901122048	40124981878
44962562048	40063541878
45022783194	40003320732
45081103194	39945000732
45139423194	39886680732
45197743194	39828360732
45256063194	39770040732
45314383194	39711720732
45372703194	39653400732
45431023194	39595080732
45489343194	39536760732
45547663194	39478440732
45605983194	39420120732
45664303194	39361800732
45722623194	39303480732
45780943194	39245160732
45839263194	39186840732
45897583194	39128520732
45955903194	39070200732
46020482048	39005621878
46081922048	38944181878
46143362048	38882741878
46204802048	38821301878
46266242048	38759861878
46327682048	38698421878
46389122048	38636981878
46450562048	38575541878
46512002048	38514101878
46573442048	38452661878
46634882048	38391221878
46696322048	38329781878
46757762048	38268341878
46819202048	38206901878
46880642048	38145461878
46942082048	38084021878
47003343194	38022760732
47061663194	37964440732
47119983194	37906120732
47178303194	37847800732
47236623194	37789480732
47294943194	37731160732
47353263194	37672840732
47411583194	37614520732
47469903194	37556200732
47528223194	37497880732
47586543194	37439560732
47644863194	37381240732
47703183194	37322920732
47761503194	37264600732
47819823194	37206280732
47878143194	37147960732
47936463194	37089640732
48000002048	37026101878
48061442048	36964661878
48122882048	36903221878
48184322048	36841781878
48245762048	36780341878
48307202048	36718901878
48368642048	36657461878
48430082048	36596021878
48491522048	36534581878
48552962048	36473141878
48614402048	36411701878
48675842048	36350261878
48737282048	36288821878
48798722048	36227381878
48860162048	36165941878
48921602048	36104501878
48983042048	36043061878
49042223194	35983880732
49100543194	35925560732
49158863194	35867240732
49217183194	35808920732
49275503194	35750600732
49333823194	35692280732
49392143194	35633960732
49450463194	35575640732
49508783194	35517320732
49567103194	35459000732
49625423194	35400680732
49683743194	35342360732
49742063194	35284040732
49800383194	35225720732
49858703194	35167400732
49917023194	35109080732
49975343194	35050760732
50040962048	34985141878
50102402048	34923701878
50163842048	34862261878
50225282048	34800821878
50286722048	34739381878
50348162048	34677941878
50409602048	34616501878
50471042048	34555061878
50532482048	34493621878
50593922048	34432181878
50655362048	34370741878
50716802048	34309301878
50778242048	34247861878
50839682048	34186421878
50901122048	34124981878
50962562048	34063541878
51022783194	34003320732
51081103194	33945000732
51139423194	33886680732
51197743194	33828360732
51256063194	33770040732
51314383194	33711720732
51372703194	33653400732
51431023194	33595080732
51489343194	33536760732
51547663194	33478440732
51605983194	33420120732
51664303194	33361800732
51722623194	33303480732
51780943194	33245160732
51839263194	33186840732
51897583194	33128520732
51955903194	33070200732
52020482048	33005621878
52081922048	32944181878
52143362048	52340865065
52204802048	52279425065
52266242048	52217985065
52327682048	52156545065
52389122048	52095105065
52450562048	52033665065
52512002048	51972225065
52573442048	51910785065
52634882048	51849345065
52696322048	51787905065
52757762048	51726465065
52819202048	51665025065
52880642048	51603585065
52942082048	51542145065
53003343194	51480883919
53061663194	51422563919
53119983194	51364243919
53178303194	51305923919
53236623194	51247603919
53294943194	51189283919
53353263194	51130963919
53411583194	51072643919
53469903194	51014323919
53528223194	50956003919
53586543194	50897683919
53644863194	50839363919
53703183194	50781043919
53761503194	50722723919
53819823194	50664403919
53878143194	50606083919
53936463194	50547763919
54000002048	50484225065
54061442048	50422785065
54122882048	50361345065
54184322048	50299905065
54245762048	50238465065
54307202048	50177025065
54368642048	50115585065
54430082048	50054145065
54491522048	49992705065
54552962048	49931265065
54614402048	49869825065
54675842048	49808385065
54737282048	49746945065
54798722048	49685505065
54860162048	49624065065
54921602048	49562625065
54983042048	49501185065
55042223194	49442003919
55100543194	49383683919
55158863194	49325363919
55217183194	49267043919
55275503194	49208723919
55333823194	49150403919
55392143194	49092083919
55450463194	49033763919
55508783194	48975443919
55567103194	48917123919
55625423194	48858803919
55683743194	48800483919
55742063194	48742163919
55800383194	48683843919
55858703194	48625523919
55917023194	48567203919
55975343194	48508883919
56040962048	48443265065
56102402048	48381825065
56163842048	48320385065
56225282048	48258945065
56286722048	48197505065
56348162048	48136065065
56409602048	48074625065
56471042048	48013185065
56532482048	47951745065
56593922048	47890305065
56655362048	47828865065
56716802048	47767425065
56778242048	47705985065
56839682048	47644545065
56901122048	47583105065
56962562048	47521665065
57022783194	47461443919
57081103194	47403123919
57139423194	47344803919
57197743194	47286483919
57256063194	47228163919
57314383194	47169843919
57372703194	47111523919
57431023194	47053203919
57489343194	46994883919
57547663194	46936563919
57605983194	46878243919
57664303194	46819923919
57722623194	46761603919
57780943194	46703283919
57839263194	46644963919
57897583194	46586643919
57955903194	46528323919
58020482048	46463745065
58081922048	46402305065
58143362048	46340865065
58204802048	46279425065
58266242048	46217985065
58327682048	46156545065
58389122048	46095105065
58450562048	46033665065
58512002048	45972225065
58573442048	45910785065
58634882048	45849345065
58696322048	45787905065
58757762048	45726465065
58819202048	45665025065
58880642048	45603585065
58942082048	45542145065
59003343194	45480883919
59061663194	45422563919
59119983194	45364243919
59178303194	45305923919
59236623194	45247603919
59294943194	45189283919
59353263194	45130963919
59411583194	45072643919
59469903194	45014323919
59528223194	44956003919
59586543194	44897683919
59644863194	44839363919
59703183194	44781043919
59761503194	44722723919
59819823194	44664403919
59878143194	44606083919
59936463194	44547763919
