4208	19922386
42084208	30937568
84164208	12777511
126244208	3086455
168324208	1704126
210404208	2455743
252484208	2961198
294564208	2617759
336644208	2433187
378724208	2634135
420804208	3568710
462884208	2437195
504964208	3038518
547044208	3014060
589124208	1702594
631204208	2788197
673284208	2253808
715364208	2016814
757444208	2614699
799524208	2116147
841604208	1831517
883684208	3136889
925764208	3298135
967844208	1909655
1008980858	3653540
1047060858	2983064
1085140858	2125391
1123220858	5600652
1161300858	2721542
1199380858	3904299
1237460858	2743001
1275540858	3008483
1313620858	3302718
1351700858	3438044
1389780858	3812907
1427860858	4038655
1465940858	2445971
1504020858	2764476
1542100858	3201047
1580180858	2946452
1618260858	4375727
1656340858	3094440
1694420858	2372778
1732500858	3186035
1770580858	3988482
1808660858	2488638
1846740858	2813006
1884820858	3125086
1922900858	3952525
1960980858	3137376
2000004208	1706588
2042084208	2418791
2084164208	2633569
2126244208	4755593
2168324208	1874280
2210404208	3108505
2252484208	2775118
2294564208	2350225
2336644208	2854819
2378724208	1987589
2420804208	2117570
2462884208	2751977
2504964208	2031699
2547044208	2851867
2589124208	3078080
2631204208	2619532
2673284208	2359599
2715364208	2226193
2757444208	1731213
2799524208	1808351
2841604208	3686573
2883684208	2901344
2925764208	2654714
2967844208	2810120
3008980858	3662161
3047060858	3242709
3085140858	3122011
3123220858	3016368
3161300858	3901439
3199380858	15184146
3237460858	3769519
3275540858	2671314
3313620858	3014888
3351700858	3264560
3389780858	3537220
3427860858	3348753
3465940858	3488868
3504020858	3472407
3542100858	2791794
3580180858	2104473
3618260858	3452498
3656340858	2115842
3694420858	6529017
3732500858	3804639
3770580858	2950592
3808660858	2955720
3846740858	3689170
3884820858	2176126
3922900858	4196600
3960980858	3907428
4000004208	2041197
4042084208	2813174
4084164208	2489412
4126244208	1983445
4168324208	2187767
4210404208	15650077
4252484208	2046411
4294564208	2495681
4336644208	2395091
4378724208	1754596
4420804208	1874522
4462884208	2285268
4504964208	1861154
4547044208	2718403
4589124208	2154795
4631204208	1994712
4673284208	2749472
4715364208	2383107
4757444208	6483899
4799524208	2804169
4841604208	2507136
4883684208	1972803
4925764208	2033893
4967844208	1529366
5008980858	3223367
5047060858	2268751
5085140858	2726025
5123220858	3595656
5161300858	3632464
5199380858	2125369
5237460858	2553380
5275540858	3544265
5313620858	4611267
5351700858	2498778
5389780858	4068424
5427860858	4268718
5465940858	3612968
5504020858	2510591
5542100858	3142167
5580180858	3762984
5618260858	2383369
5656340858	2709542
5694420858	3426794
5732500858	2340657
5770580858	2835745
5808660858	3496860
5846740858	2694624
5884820858	3019844
5922900858	4084392
5960980858	3417976
6000004208	1996856
6042084208	2500725
6084164208	1971218
6126244208	1717888
6168324208	2945936
6210404208	2342232
6252484208	2555846
6294564208	2732281
6336644208	3318260
6378724208	2824862
6420804208	2235575
6462884208	1641435
6504964208	1981746
6547044208	1826308
6589124208	2919973
6631204208	2215970
6673284208	2002110
6715364208	2749962
6757444208	1924135
6799524208	3012427
6841604208	2912261
6883684208	2738150
6925764208	3264328
6967844208	2421472
7008980858	3425021
7047060858	4133407
7085140858	2995708
7123220858	2532723
7161300858	3081272
7199380858	3539988
7237460858	3989427
7275540858	2077505
7313620858	3939999
7351700858	2104634
7389780858	13383659
7427860858	2298049
7465940858	2243140
7504020858	2346234
7542100858	3039371
7580180858	3641494
7618260858	2307027
7656340858	3319577
7694420858	3529735
7732500858	3654791
7770580858	4067585
7808660858	2858211
7846740858	3935090
7884820858	5787035
7922900858	2323456
7960980858	3270775
8000004208	1422461
8042084208	1811018
8084164208	2233946
8126244208	2108407
8168324208	1718747
8210404208	2479289
8252484208	2111880
8294564208	2053747
8336644208	1812427
8378724208	3002342
8420804208	9916624
8462884208	1679530
8504964208	2593689
8547044208	1974201
8589124208	2512590
8631204208	2175693
8673284208	1920253
8715364208	2094922
8757444208	1751934
8799524208	2837637
8841604208	2255104
8883684208	2985331
8925764208	2196780
8967844208	4986505
9008980858	2601137
9047060858	2778413
9085140858	3204776
9123220858	4142980
9161300858	2931613
9199380858	3550092
9237460858	2555341
9275540858	2745042
9313620858	2975370
9351700858	3687970
9389780858	3644189
9427860858	3369081
9465940858	14081688
9504020858	5644752
9542100858	2150336
9580180858	3153178
9618260858	3518182
9656340858	4021001
9694420858	2578775
9732500858	4075961
9770580858	3198695
9808660858	3716527
9846740858	2113469
9884820858	2512042
9922900858	2755918
9960980858	2399954
10000004208	4484952568
10042084208	5962751049
10084164208	5920671049
10126244208	5878591049
10168324208	5836511049
10210404208	5794431049
10252484208	5752351049
10294564208	5710271049
10336644208	5668191049
10378724208	5626111049
10420804208	5584031049
10462884208	5541951049
10504964208	5499871049
10547044208	5457791049
10589124208	5415711049
10631204208	5373631049
10673284208	5331551049
10715364208	5289471049
10757444208	5247391049
10799524208	5205311049
10841604208	5163231049
10883684208	5121151049
10925764208	5079071049
10967844208	5036991049
11008980858	4995854399
11047060858	4957774399
11085140858	4919694399
11123220858	4881614399
11161300858	4843534399
11199380858	4805454399
11237460858	4767374399
11275540858	4729294399
11313620858	4691214399
11351700858	4653134399
11389780858	4615054399
11427860858	4576974399
11465940858	4538894399
11504020858	4500814399
11542100858	4462734399
11580180858	4424654399
11618260858	4386574399
11656340858	4348494399
11694420858	4310414399
11732500858	4272334399
11770580858	4234254399
11808660858	4196174399
11846740858	4158094399
11884820858	4120014399
11922900858	4081934399
11960980858	4043854399
12000004208	4004831049
12042084208	3962751049
12084164208	3920671049
12126244208	3878591049
12168324208	3836511049
12210404208	3794431049
12252484208	3752351049
12294564208	3710271049
12336644208	3668191049
12378724208	3626111049
12420804208	3584031049
12462884208	3541951049
12504964208	3499871049
12547044208	3457791049
12589124208	3415711049
12631204208	3373631049
12673284208	3331551049
12715364208	3289471049
12757444208	3247391049
12799524208	3205311049
12841604208	3163231049
12883684208	3121151049
12925764208	3079071049
12967844208	3036991049
13008980858	2995854399
13047060858	2957774399
13085140858	2919694399
13123220858	2881614399
13161300858	2843534399
13199380858	2805454399
13237460858	2767374399
13275540858	2729294399
13313620858	2691214399
13351700858	2653134399
13389780858	2615054399
13427860858	2576974399
13465940858	2538894399
13504020858	2500814399
13542100858	2462734399
13580180858	2424654399
13618260858	2386574399
13656340858	2348494399
13694420858	2310414399
13732500858	2272334399
13770580858	2234254399
13808660858	2196174399
13846740858	2158094399
13884820858	2120014399
13922900858	2081934399
13960980858	2043854399
14000004208	2004831049
14042084208	1962751049
14084164208	1920671049
14126244208	1878591049
14168324208	1836511049
14210404208	1794431049
14252484208	1752351049
14294564208	1710271049
14336644208	1668191049
14378724208	1626111049
14420804208	1584031049
14462884208	1541951049
14504964208	2299107931
14547044208	2257027931
14589124208	2214947931
14631204208	2172867931
14673284208	2130787931
14715364208	2088707931
14757444208	2046627931
14799524208	2004547931
14841604208	1962467931
14883684208	1920387931
14925764208	1878307931
14967844208	1836227931
15008980858	1795091281
15047060858	1757011281
15085140858	1718931281
15123220858	1680851281
15161300858	1642771281
15199380858	1604691281
15237460858	1566611281
15275540858	1528531281
15313620858	1490451281
15351700858	1452371281
15389780858	1414291281
15427860858	1376211281
15465940858	1338131281
15504020858	1300051281
15542100858	1261971281
15580180858	1223891281
15618260858	1185811281
15656340858	1147731281
15694420858	1109651281
15732500858	1071571281
15770580858	1033491281
15808660858	995411281
15846740858	957331281
15884820858	919251281
15922900858	881171281
15960980858	843091281
16000004208	804067931
16042084208	1159505360
16084164208	1117425360
16126244208	1075345360
16168324208	1033265360
16210404208	991185360
16252484208	949105360
16294564208	907025360
16336644208	864945360
16378724208	822865360
16420804208	780785360
16462884208	738705360
16504964208	696625360
16547044208	654545360
16589124208	612465360
16631204208	570385360
16673284208	528305360
16715364208	486225360
16757444208	444145360
16799524208	402065360
16841604208	581763697
16883684208	539683697
16925764208	497603697
16967844208	455523697
17008980858	414387047
17047060858	376307047
17085140858	338227047
17123220858	300147047
17161300858	262067047
17199380858	223987047
17237460858	310980145
17275540858	272900145
17313620858	234820145
17351700858	196740145
17389780858	158660145
17427860858	192370521
17465940858	154290521
17504020858	116210521
17542100858	78130521
17580180858	78926972
17618260858	40846972
17656340858	24694243
17694420858	11066359
17732500858	2591044
17770580858	2312193
17808660858	2652065
17846740858	7219312
17884820858	2882381
17922900858	2106465
17960980858	2723353
18000004208	1143696
18042084208	1632357
18084164208	2450147
18126244208	1905028
18168324208	1522531
18210404208	1865818
18252484208	2278668
18294564208	1692209
18336644208	2270709
18378724208	3516290
18420804208	2458885
18462884208	2134447
18504964208	2119327
18547044208	1305282
18589124208	2291170
18631204208	1601018
18673284208	2267843
18715364208	1529268
18757444208	2036018
18799524208	1819396
18841604208	2494588
18883684208	1800318
18925764208	12955247
18967844208	1824314
19008980858	2276621
19047060858	2403603
19085140858	2122254
19123220858	2652616
19161300858	1935501
19199380858	2478647
19237460858	2927246
19275540858	2931225
19313620858	1704205
19351700858	1677674
19389780858	1838825
19427860858	8958553
19465940858	2480383
19504020858	2313922
19542100858	2415334
19580180858	2583814
19618260858	2797922
19656340858	2579503
19694420858	2147486
19732500858	1998871
19770580858	2684381
19808660858	2622492
19846740858	2674125
19884820858	2615410
19922900858	2814694
19960980858	2965802
20000004208	1299525
20042084208	36648067
20084164208	8495755
20126244208	39203628
20168324208	10490767
20210404208	42319482
20252484208	9014616
20294564208	43061349
20336644208	9543974
20378724208	39360223
20420804208	10376538
20462884208	37999835
20504964208	14591921
20547044208	41362865
20589124208	12188316
20631204208	36955813
20673284208	7673388
20715364208	33128171
20757444208	54755000
20799524208	28648703
20841604208	66886842
20883684208	24806842
20925764208	62155523
20967844208	20075523
21008980858	76053476
21047060858	37973476
21085140858	17420796
21123220858	65616577
21161300858	27536577
21199380858	8730740
21237460858	46947459
21275540858	20491740
21313620858	64120659
21351700858	26040659
21389780858	62229449
21427860858	45157576
21465940858	18972472
21504020858	66822784
21542100858	28742784
21580180858	13725502
21618260858	51662117
21656340858	25510464
21694420858	72038374
21732500858	33958374
21770580858	15301612
21808660858	52602575
21846740858	26552627
21884820858	71489063
21922900858	33409063
21960980858	14539595
22000004208	48345126
22042084208	24242968
22084164208	63844533
22126244208	21764533
22168324208	62698997
22210404208	20618997
22252484208	59977415
22294564208	17897415
22336644208	57259908
22378724208	23954214
22420804208	57930961
22462884208	25130633
22504964208	56191089
22547044208	22774592
22589124208	60479986
22631204208	29082801
22673284208	69772162
22715364208	27692162
22757444208	54855130
22799524208	30639124
22841604208	54905453
22883684208	29729596
22925764208	54101315
22967844208	29112357
23008980858	60382686
23047060858	44628297
23085140858	19568217
23123220858	78393812
23161300858	40313812
23199380858	20698513
23237460858	74556343
23275540858	36476343
23313620858	20378868
23351700858	58772540
23389780858	33851122
23427860858	63765423
23465940858	49093698
23504020858	24655160
23542100858	74795826
23580180858	36715826
23618260858	25670854
23656340858	69035924
23694420858	30955924
23732500858	14533220
23770580858	54522478
23808660858	30009256
23846740858	60820245
23884820858	47325414
23922900858	23912161
23960980858	73158158
24000004208	34134808
24042084208	9079826
24084164208	37836620
24126244208	18625360
24168324208	53745567
24210404208	22262577
24252484208	60126157
24294564208	28009000
24336644208	63279722
24378724208	21199722
24420804208	66711809
24462884208	24631809
24504964208	70915766
24547044208	28835766
24589124208	58779869
24631204208	36296928
24673284208	11733877
24715364208	49510587
24757444208	18678411
24799524208	54379007
24841604208	22202678
24883684208	57385875
24925764208	25307262
24967844208	65040920
25008980858	23904270
25047060858	64398031
25085140858	49496191
25123220858	25598368
25161300858	85990012
25199380858	47910012
25237460858	34115618
25275540858	70696310
25313620858	57460554
25351700858	34682925
25389780858	67886088
25427860858	54825585
25465940858	32004726
25504020858	62257403
25542100858	47800298
25580180858	24189415
25618260858	76650966
25656340858	38570966
25694420858	14769134
25732500858	75052421
25770580858	36972421
25808660858	24324635
25846740858	78670628
25884820858	40590628
25922900858	20156383
25960980858	75042226
26000004208	36018876
26042084208	12962031
26084164208	45302378
26126244208	13945708
26168324208	50311666
26210404208	18686613
26252484208	72364507
26294564208	30284507
26336644208	7718884
26378724208	39628783
26420804208	15101332
26462884208	45598386
26504964208	15706258
26547044208	59546063
26589124208	29362748
26631204208	71046592
26673284208	28966592
26715364208	60067025
26757444208	37498095
26799524208	19821366
26841604208	53910220
26883684208	23044234
26925764208	62231656
26967844208	20151656
27008980858	80817145
27047060858	42737145
27085140858	20114298
27123220858	76612937
27161300858	38532937
27199380858	16521772
27237460858	72618806
27275540858	34538806
27313620858	35138182
27351700858	88088198
27389780858	50008198
27427860858	29004026
27465940858	64106458
27504020858	52426554
27542100858	30807460
27580180858	62334733
27618260858	49002580
27656340858	26573865
27694420858	83560907
27732500858	45480907
27770580858	23262527
27808660858	87322978
27846740858	49242978
27884820858	28584894
27922900858	64697732
27960980858	53005202
28000004208	28479510
28042084208	70200322
28084164208	28120322
28126244208	59363542
28168324208	37100248
28210404208	13100013
28252484208	44610197
28294564208	13611486
28336644208	63219949
28378724208	38574461
28420804208	62922493
28462884208	41448447
28504964208	18081107
28547044208	51327023
28589124208	20968598
28631204208	61395844
28673284208	30951475
28715364208	76087499
28757444208	34007499
28799524208	11500162
28841604208	44861098
28883684208	16043293
28925764208	64263650
28967844208	22183650
29008980858	59573740
29047060858	46654690
29085140858	24611147
29123220858	86066060
29161300858	47986060
29199380858	26968830
29237460858	59811667
29275540858	47778790
29313620858	26341181
29351700858	91122817
29389780858	53042817
29427860858	39756114
29465940858	16901093
29504020858	68860888
29542100858	30780888
29580180858	21967821
29618260858	75498878
29656340858	37418878
29694420858	28484962
29732500858	77450907
29770580858	39370907
29808660858	18267442
29846740858	79642764
29884820858	41562764
29922900858	25451349
29960980858	63497447
30000004208	48916403
30042084208	20873311
30084164208	66717954
30126244208	24637954
30168324208	58675206
30210404208	37566071
30252484208	15517074
30294564208	50027622
30336644208	20115919
30378724208	63474470
30420804208	39415532
30462884208	74660504
30504964208	56344410
30547044208	27931864
30589124208	71387644
30631204208	29307644
30673284208	64505139
30715364208	44075395
30757444208	14704919
30799524208	57945051
30841604208	28424660
30883684208	74504776
30925764208	32424776
30967844208	11551052
31008980858	55810275
31047060858	37069069
31085140858	74840681
31123220858	65189120
31161300858	45457533
31199380858	20181750
31237460858	73115355
31275540858	35035355
31313620858	27773986
31351700858	84690789
31389780858	46610789
31427860858	27558918
31465940858	63214307
31504020858	60895935
31542100858	47174675
31580180858	24710244
31618260858	80243329
31656340858	42163329
31694420858	23164575
31732500858	89010547
31770580858	50930547
31808660858	31263070
31846740858	70200775
31884820858	62396131
31922900858	43479034
31960980858	18289076
32000004208	67151944
32042084208	42051241
32084164208	10132322
32126244208	48987077
32168324208	20578887
32210404208	67821418
32252484208	25741418
32294564208	63779474
32336644208	44550902
32378724208	16093752
32420804208	60804285
32462884208	31966157
32504964208	86665262
32547044208	44585262
32589124208	22005828
32631204208	74722150
32673284208	32642150
32715364208	13859813
32757444208	55655780
32799524208	28024194
32841604208	72458397
32883684208	30378397
32925764208	111935867
32967844208	69855867
33008980858	119688822
33047060858	128605675
33085140858	90525675
33123220858	52445675
33161300858	119849986
33199380858	131364001
33237460858	93284001
33275540858	55204001
33313620858	118859824
33351700858	127779290
33389780858	89699290
33427860858	51619290
33465940858	112214341
33504020858	119572479
33542100858	81492479
33580180858	144324682
33618260858	106244682
33656340858	115192857
33694420858	77112857
33732500858	130174202
33770580858	92094202
33808660858	95577499
33846740858	57497499
33884820858	109486437
33922900858	109397999
33960980858	71317999
34000004208	115981759
34042084208	108095798
34084164208	66015798
34126244208	105428189
34168324208	93257535
34210404208	51177535
34252484208	95892361
34294564208	84969426
34336644208	42889426
34378724208	78350314
34420804208	64614457
34462884208	107879131
34504964208	96047121
34547044208	53967121
34589124208	90218692
34631204208	83713588
34673284208	41633588
34715364208	81590755
34757444208	68676334
34799524208	113835025
34841604208	102304326
34883684208	60224326
34925764208	92836030
34967844208	79141527
35008980858	38004877
35047060858	88495848
35085140858	85684339
35123220858	47604339
35161300858	102443141
35199380858	106185217
35237460858	68105217
35275540858	126205586
35313620858	127076543
35351700858	88996543
35389780858	50916543
35427860858	99936896
35465940858	96948918
35504020858	58868918
35542100858	112187320
35580180858	109923446
35618260858	71843446
35656340858	123455010
35694420858	126350092
35732500858	88270092
35770580858	50190092
35808660858	107039541
35846740858	106478986
35884820858	68398986
35922900858	112017873
35960980858	102645639
36000004208	63622289
36042084208	105050110
36084164208	90164647
36126244208	48084647
36168324208	88173502
36210404208	76350266
36252484208	34270266
36294564208	92051010
36336644208	49971010
36378724208	91903785
36420804208	76903261
36462884208	34823261
36504964208	91038703
36547044208	48958703
36589124208	88376732
36631204208	72619363
36673284208	30539363
36715364208	106691105
36757444208	64611105
36799524208	40776487
36841604208	12063527
36883684208	2323462
36925764208	1871138
36967844208	2456692
37008980858	1682789
37047060858	1993277
37085140858	2314119
37123220858	2146389
37161300858	1820496
37199380858	2796839
37237460858	2374486
37275540858	3458853
37313620858	2072703
37351700858	1594104
37389780858	1791013
37427860858	2866976
37465940858	2058598
37504020858	2182030
37542100858	2184017
37580180858	2694912
37618260858	1845565
37656340858	2218603
37694420858	2810382
37732500858	2118999
37770580858	8031657
37808660858	2359497
37846740858	3006945
37884820858	1869926
37922900858	1732477
37960980858	2545177
38000004208	1254384
38042084208	2176286
38084164208	2420658
38126244208	1520288
38168324208	1473434
38210404208	2167363
38252484208	2203856
38294564208	4090206
38336644208	1472597
38378724208	1510066
38420804208	1643649
38462884208	2345213
38504964208	2373414
38547044208	2509059
38589124208	2557768
38631204208	1348480
38673284208	1325149
38715364208	1429745
38757444208	1326595
38799524208	1302769
38841604208	12929882
38883684208	1981479
38925764208	1693567
38967844208	2527782
39008980858	2350596
39047060858	1841360
39085140858	2885852
39123220858	2598723
39161300858	2104282
39199380858	1490410
39237460858	2526921
39275540858	1965485
39313620858	2949160
39351700858	1997520
39389780858	1854424
39427860858	1980194
39465940858	1563437
39504020858	1880980
39542100858	2282752
39580180858	1451930
39618260858	2411197
39656340858	1847690
39694420858	2637631
39732500858	1636982
39770580858	2264309
39808660858	2855156
39846740858	1569206
39884820858	2856767
39922900858	3273124
39960980858	2968919
