2752	17166078
61922752	49484545
123842752	86888841
185762752	73998838
247682752	60844262
309602752	95460668
371522752	86704599
433442752	78649252
495362752	69967725
557282752	60495123
619202752	101184815
681122752	89397287
743042752	86671509
804962752	86086317
866882752	84802617
928802752	83085873
990722752	83941076
1049276070	94458074
1107236070	117761293
1165196070	151296145
1223156070	93336145
1281116070	137842001
1339076070	193370375
1397036070	135410375
1454996070	214007676
1512956070	156047676
1570916070	246724464
1628876070	188764464
1686836070	293580343
1744796070	235620343
1802756070	177660343
1860716070	295992090
1918676070	238032090
1976636070	180072090
2039216688	290186224
2101136688	228266224
2163056688	342799401
2224976688	280879401
2286896688	218959401
2348816688	327865311
2410736688	265945311
2472656688	204025311
2534576688	313201058
2596496688	251281058
2658416688	189361058
2720336688	292954517
2782256688	231034517
2844176688	169114517
2906096688	284827366
2968016688	222907366
3028022138	353444456
3085982138	295484456
3143942138	237524456
3201902138	391394113
3259862138	333434113
3317822138	275474113
3375782138	217514113
3433742138	391623095
3491702138	333663095
3549662138	275703095
3607622138	476267142
3665582138	418307142
3723542138	360347142
3781502138	302387142
3839462138	502810147
3897422138	444850147
3955382138	386890147
4016510624	325761661
4078430624	263841661
4140350624	454704721
4202270624	392784721
4264190624	330864721
4326110624	268944721
4388030624	455817426
4449950624	393897426
4511870624	331977426
4573790624	270057426
4635710624	450285189
4697630624	388365189
4759550624	326445189
4821470624	264525189
4883390624	456355337
4945310624	394435337
5006768206	332977755
5064728206	275017755
5122688206	492411280
5180648206	434451280
5238608206	376491280
5296568206	318531280
5354528206	556229773
5412488206	498269773
5470448206	440309773
5528408206	382349773
5586368206	324389773
5644328206	585309054
5702288206	527349054
5760248206	469389054
5818208206	411429054
5876168206	353469054
5934128206	603899912
5992088206	545939912
6055724560	482303558
6117644560	420383558
6179564560	358463558
6241484560	598796429
6303404560	536876429
6365324560	474956429
6427244560	413036429
6489164560	351116429
6551084560	585038052
6613004560	523118052
6674924560	461198052
6736844560	399278052
6798764560	337358052
6860684560	588443766
6922604560	526523766
6984524560	464603766
7043474274	405654052
7101434274	347694052
7159394274	631122152
7217354274	573162152
7275314274	515202152
7333274274	457242152
7391234274	399282152
7449194274	341322152
7507154274	660958677
7565114274	602998677
7623074274	545038677
7681034274	487078677
7738994274	429118677
7796954274	749954813
7854914274	691994813
7912874274	634034813
7970834274	576074813
8033018496	513890591
8094938496	451970591
8156858496	390050591
8218778496	695861053
8280698496	633941053
8342618496	572021053
8404538496	510101053
8466458496	448181053
8528378496	386261053
8590298496	694563099
8652218496	632643099
8714138496	570723099
8776058496	508803099
8837978496	446883099
8899898496	384963099
8961818496	713043620
9022220342	652641774
9080180342	594681774
9138140342	536721774
9196100342	478761774
9254060342	420801774
9312020342	784068505
9369980342	726108505
9427940342	668148505
9485900342	610188505
9543860342	552228505
9601820342	494268505
9659780342	436308505
9717740342	801687601
9775700342	743727601
9833660342	685767601
9891620342	627807601
9949580342	569847601
10010312432	509115511
10072232432	447195511
10134152432	790350525
10196072432	728430525
10257992432	666510525
10319912432	604590525
10381832432	542670525
10443752432	480750525
10505672432	418830525
10567592432	755725755
10629512432	693805755
10691432432	631885755
10753352432	569965755
10815272432	508045755
10877192432	446125755
10939112432	801955477
11000966410	740101499
11058926410	682141499
11116886410	624181499
11174846410	566221499
11232806410	508261499
11290766410	450301499
11348726410	836653388
11406686410	778693388
11464646410	720733388
11522606410	662773388
11580566410	604813388
11638526410	546853388
11696486410	488893388
11754446410	868275643
11812406410	810315643
11870366410	752355643
11928326410	694395643
11986286410	636435643
12049526368	573195685
12111446368	511275685
12173366368	449355685
12235286368	805764364
12297206368	743844364
12359126368	681924364
12421046368	620004364
12482966368	558084364
12544886368	496164364
12606806368	434244364
12668726368	793774242
12730646368	731854242
12792566368	669934242
12854486368	608014242
12916406368	546094242
12978326368	484174242
13037672478	424828132
13095632478	813481876
13153592478	755521876
13211552478	697561876
13269512478	639601876
13327472478	581641876
13385432478	523681876
13443392478	465721876
13501352478	874134167
13559312478	816174167
13617272478	758214167
13675232478	700254167
13733192478	642294167
13791152478	584334167
13849112478	526374167
13907072478	468414167
13965032478	860414962
14026820304	798627136
14088740304	736707136
14150660304	674787136
14212580304	612867136
14274500304	550947136
14336420304	489027136
14398340304	861238048
14460260304	799318048
14522180304	737398048
14584100304	675478048
14646020304	613558048
14707940304	551638048
14769860304	489718048
14831780304	6441722729
14893700304	6379802729
14955620304	6317882729
15016418546	6257084487
15074378546	6199124487
15132338546	6141164487
15190298546	6083204487
15248258546	6025244487
15306218546	10206913159
15364178546	10148953159
15422138546	10090993159
15480098546	10033033159
15538058546	9975073159
15596018546	9917113159
15653978546	9859153159
15711938546	9801193159
15769898546	9743233159
15827858546	9685273159
15885818546	9627313159
15943778546	9569353159
16004114240	9509017465
16066034240	9447097465
16127954240	9385177465
16189874240	9323257465
16251794240	9261337465
16313714240	9199417465
16375634240	9137497465
16437554240	9075577465
16499474240	9013657465
16561394240	8951737465
16623314240	8889817465
16685234240	8827897465
16747154240	8765977465
16809074240	8704057465
16870994240	8642137465
16932914240	8580217465
16994834240	8518297465
17053124614	8460007091
17111084614	8402047091
17169044614	8344087091
17227004614	8286127091
17284964614	8228167091
17342924614	8170207091
17400884614	8112247091
17458844614	8054287091
17516804614	7996327091
17574764614	7938367091
17632724614	7880407091
17690684614	7822447091
17748644614	7764487091
17806604614	7706527091
17864564614	7648567091
17922524614	7590607091
17980484614	7532647091
18043328176	7469803529
18105248176	7407883529
18167168176	7345963529
18229088176	7284043529
18291008176	7222123529
18352928176	7160203529
18414848176	7098283529
18476768176	7036363529
18538688176	6974443529
18600608176	6912523529
18662528176	6850603529
18724448176	6788683529
18786368176	6726763529
18848288176	6664843529
18910208176	6602923529
18972128176	6541003529
19031870682	6481261023
19089830682	6423301023
19147790682	6365341023
19205750682	6307381023
19263710682	6249421023
19321670682	6191461023
19379630682	6133501023
19437590682	6075541023
19495550682	6017581023
19553510682	5959621023
19611470682	5901661023
19669430682	5843701023
19727390682	5785741023
19785350682	5727781023
19843310682	5669821023
19901270682	5611861023
19959230682	5553901023
20020622112	5492509593
20082542112	5430589593
20144462112	5368669593
20206382112	5306749593
20268302112	5244829593
20330222112	5182909593
20392142112	5120989593
20454062112	5059069593
20515982112	4997149593
20577902112	4935229593
20639822112	4873309593
20701742112	4811389593
20763662112	4749469593
20825582112	4687549593
20887502112	4625629593
20949422112	4563709593
21010616750	4502514955
21068576750	4444554955
21126536750	4386594955
21184496750	4328634955
21242456750	4270674955
21300416750	7990897264
21358376750	7932937264
21416336750	7874977264
21474296750	7817017264
21532256750	7759057264
21590216750	7701097264
21648176750	7643137264
21706136750	7585177264
21764096750	7527217264
21822056750	7469257264
21880016750	7411297264
21937976750	7353337264
21995936750	7295377264
22059836048	7231477966
22121756048	7169557966
22183676048	7107637966
22245596048	7045717966
22307516048	6983797966
22369436048	6921877966
22431356048	6859957966
22493276048	6798037966
22555196048	6736117966
22617116048	6674197966
22679036048	6612277966
22740956048	6550357966
22802876048	6488437966
22864796048	6426517966
22926716048	6364597966
22988636048	6302677966
23047322818	6243991196
23105282818	6186031196
23163242818	6128071196
23221202818	6070111196
23279162818	6012151196
23337122818	5954191196
23395082818	5896231196
23453042818	5838271196
23511002818	5780311196
23568962818	5722351196
23626922818	5664391196
23684882818	5606431196
23742842818	5548471196
23800802818	5490511196
23858762818	5432551196
23916722818	5374591196
23974682818	5316631196
24037129984	5254184030
24099049984	5192264030
24160969984	5130344030
24222889984	5068424030
24284809984	5006504030
24346729984	4944584030
24408649984	4882664030
24470569984	4820744030
24532489984	4758824030
24594409984	4696904030
24656329984	4634984030
24718249984	4573064030
24780169984	4511144030
24842089984	4449224030
24904009984	4387304030
24965929984	4325384030
25026068886	4265245128
25084028886	4207285128
25141988886	4149325128
25199948886	4091365128
25257908886	4033405128
25315868886	3975445128
25373828886	3917485128
25431788886	3859525128
25489748886	3801565128
25547708886	3743605128
25605668886	7060387007
25663628886	7002427007
25721588886	6944467007
25779548886	6886507007
25837508886	6828547007
25895468886	6770587007
25953428886	6712627007
26014423920	6651631973
26076343920	6589711973
26138263920	6527791973
26200183920	6465871973
26262103920	6403951973
26324023920	6342031973
26385943920	6280111973
26447863920	6218191973
26509783920	6156271973
26571703920	6094351973
26633623920	6032431973
26695543920	5970511973
26757463920	5908591973
26819383920	5846671973
26881303920	5784751973
26943223920	5722831973
27004814954	5661240939
27062774954	5603280939
27120734954	5545320939
27178694954	5487360939
27236654954	5429400939
27294614954	5371440939
27352574954	5313480939
27410534954	5255520939
27468494954	5197560939
27526454954	5139600939
27584414954	5081640939
27642374954	5023680939
27700334954	4965720939
27758294954	4907760939
27816254954	4849800939
27874214954	4791840939
27932174954	4733880939
27990134954	4675920939
28053637856	4612418037
28115557856	4550498037
28177477856	4488578037
28239397856	4426658037
28301317856	4364738037
28363237856	4302818037
28425157856	4240898037
28487077856	4178978037
28548997856	4117058037
28610917856	4055138037
28672837856	3993218037
28734757856	3931298037
28796677856	3869378037
28858597856	3807458037
28920517856	3745538037
28982437856	3683618037
29041521022	3624534871
29099481022	3566574871
29157441022	3508614871
29215401022	3450654871
29273361022	3392694871
29331321022	9920450627
29389281022	9862490627
29447241022	9804530627
29505201022	9746570627
29563161022	9688610627
29621121022	9630650627
29679081022	9572690627
29737041022	9514730627
29795001022	9456770627
29852961022	9398810627
29910921022	9340850627
29968881022	9282890627
30030931792	9220839857
30092851792	9158919857
30154771792	9096999857
30216691792	9035079857
30278611792	8973159857
30340531792	8911239857
30402451792	8849319857
30464371792	8787399857
30526291792	8725479857
30588211792	8663559857
30650131792	8601639857
30712051792	8539719857
30773971792	8477799857
30835891792	8415879857
30897811792	8353959857
30959731792	8292039857
31020267090	8231504559
31078227090	8173544559
31136187090	8115584559
31194147090	8057624559
31252107090	7999664559
31310067090	7941704559
31368027090	7883744559
31425987090	7825784559
31483947090	7767824559
31541907090	7709864559
31599867090	7651904559
31657827090	7593944559
31715787090	7535984559
31773747090	7478024559
31831707090	7420064559
31889667090	7362104559
31947627090	7304144559
32008225728	7243545921
32070145728	7181625921
32132065728	7119705921
32193985728	7057785921
32255905728	6995865921
32317825728	6933945921
32379745728	6872025921
32441665728	6810105921
32503585728	6748185921
32565505728	6686265921
32627425728	6624345921
32689345728	6562425921
32751265728	12356465523
32813185728	12294545523
32875105728	12232625523
32937025728	12170705523
32998945728	12108785523
33056973158	12050758093
33114933158	11992798093
33172893158	11934838093
33230853158	11876878093
33288813158	11818918093
33346773158	11760958093
33404733158	11702998093
33462693158	11645038093
33520653158	11587078093
33578613158	11529118093
33636573158	11471158093
33694533158	11413198093
33752493158	11355238093
33810453158	11297278093
33868413158	11239318093
33926373158	11181358093
33984333158	11123398093
34047439664	11060291587
34109359664	10998371587
34171279664	10936451587
34233199664	10874531587
34295119664	10812611587
34357039664	10750691587
34418959664	10688771587
34480879664	10626851587
34542799664	10564931587
34604719664	10503011587
34666639664	10441091587
34728559664	10379171587
34790479664	10317251587
34852399664	10255331587
34914319664	10193411587
34976239664	10131491587
35035719226	10072012025
35093679226	10014052025
35151639226	9956092025
35209599226	9898132025
35267559226	9840172025
35325519226	9782212025
35383479226	9724252025
35441439226	9666292025
35499399226	9608332025
35557359226	9550372025
35615319226	9492412025
35673279226	9434452025
35731239226	9376492025
35789199226	9318532025
35847159226	9260572025
35905119226	9202612025
35963079226	9144652025
36024733600	9082997651
36086653600	9021077651
36148573600	8959157651
36210493600	8897237651
36272413600	8835317651
36334333600	8773397651
36396253600	8711477651
36458173600	8649557651
36520093600	8587637651
36582013600	8525717651
36643933600	8463797651
36705853600	8401877651
36767773600	8339957651
36829693600	8278037651
36891613600	8216117651
36953533600	8154197651
37014465294	8093265957
37072425294	8035305957
37130385294	7977345957
37188345294	7919385957
37246305294	7861425957
37304265294	7803465957
37362225294	7745505957
37420185294	7687545957
37478145294	7629585957
37536105294	7571625957
37594065294	7513665957
37652025294	7455705957
37709985294	7397745957
37767945294	7339785957
37825905294	7281825957
37883865294	7223865957
37941825294	7165905957
38002027536	7105703715
38063947536	7043783715
38125867536	6981863715
38187787536	6919943715
38249707536	6858023715
38311627536	6796103715
38373547536	6734183715
38435467536	6672263715
38497387536	6610343715
38559307536	6548423715
38621227536	6486503715
38683147536	6424583715
38745067536	6362663715
38806987536	6300743715
38868907536	6238823715
38930827536	6176903715
38992747536	6114983715
39051171362	6056559889
39109131362	5998599889
39167091362	5940639889
39225051362	5882679889
39283011362	11575356599
39340971362	11517396599
39398931362	11459436599
39456891362	11401476599
39514851362	11343516599
39572811362	11285556599
39630771362	11227596599
39688731362	11169636599
39746691362	11111676599
39804651362	11053716599
39862611362	10995756599
39920571362	10937796599
39978531362	10879836599
40041241472	10817126489
40103161472	10755206489
40165081472	10693286489
40227001472	10631366489
40288921472	10569446489
40350841472	10507526489
40412761472	10445606489
40474681472	10383686489
40536601472	10321766489
40598521472	10259846489
40660441472	10197926489
40722361472	10136006489
40784281472	10074086489
40846201472	10012166489
40908121472	9950246489
40970041472	9888326489
41029917430	9828450531
41087877430	9770490531
41145837430	9712530531
41203797430	9654570531
41261757430	9596610531
41319717430	9538650531
41377677430	9480690531
41435637430	9422730531
41493597430	9364770531
41551557430	9306810531
41609517430	9248850531
41667477430	9190890531
41725437430	9132930531
41783397430	9074970531
41841357430	9017010531
41899317430	8959050531
41957277430	8901090531
42018535408	8839832553
42080455408	8777912553
42142375408	8715992553
42204295408	8654072553
42266215408	8592152553
42328135408	8530232553
42390055408	8468312553
42451975408	8406392553
42513895408	8344472553
42575815408	8282552553
42637735408	8220632553
42699655408	8158712553
42761575408	8096792553
42823495408	8034872553
42885415408	7972952553
42947335408	7911032553
43008663498	7849704463
43066623498	7791744463
43124583498	7733784463
43182543498	7675824463
43240503498	7617864463
43298463498	7559904463
43356423498	7501944463
43414383498	7443984463
43472343498	7386024463
43530303498	7328064463
43588263498	7270104463
43646223498	7212144463
43704183498	7154184463
43762143498	7096224463
43820103498	7038264463
43878063498	6980304463
43936023498	6922344463
43993983498	6864384463
44057749344	6800618617
44119669344	6738698617
44181589344	6676778617
44243509344	6614858617
44305429344	6552938617
44367349344	6491018617
44429269344	6429098617
44491189344	6367178617
44553109344	6305258617
44615029344	6243338617
44676949344	6181418617
44738869344	6119498617
44800789344	6057578617
44862709344	5995658617
44924629344	5933738617
44986549344	5871818617
45045369566	5812998395
45103329566	5755038395
45161289566	11225103794
45219249566	11167143794
45277209566	11109183794
45335169566	11051223794
45393129566	10993263794
45451089566	10935303794
45509049566	10877343794
45567009566	10819383794
45624969566	10761423794
45682929566	10703463794
45740889566	10645503794
45798849566	10587543794
45856809566	10529583794
45914769566	10471623794
45972729566	10413663794
46035043280	10351350080
46096963280	10289430080
46158883280	10227510080
46220803280	10165590080
46282723280	10103670080
46344643280	10041750080
46406563280	9979830080
46468483280	9917910080
46530403280	9855990080
46592323280	9794070080
46654243280	9732150080
46716163280	9670230080
46778083280	9608310080
46840003280	9546390080
46901923280	9484470080
46963843280	9422550080
47024115634	9362277726
47082075634	9304317726
47140035634	9246357726
47197995634	9188397726
47255955634	9130437726
47313915634	9072477726
47371875634	9014517726
47429835634	8956557726
47487795634	8898597726
47545755634	8840637726
47603715634	8782677726
47661675634	8724717726
47719635634	8666757726
47777595634	8608797726
47835555634	8550837726
47893515634	8492877726
47951475634	8434917726
48012337216	8374056144
48074257216	8312136144
48136177216	8250216144
48198097216	8188296144
48260017216	8126376144
48321937216	8064456144
48383857216	8002536144
48445777216	7940616144
48507697216	7878696144
48569617216	7816776144
48631537216	7754856144
48693457216	7692936144
48755377216	7631016144
48817297216	7569096144
48879217216	7507176144
48941137216	7445256144
49002861702	7383531658
49060821702	7325571658
49118781702	7267611658
49176741702	7209651658
49234701702	7151691658
49292661702	7093731658
49350621702	7035771658
49408581702	6977811658
49466541702	6919851658
49524501702	6861891658
49582461702	6803931658
49640421702	6745971658
49698381702	6688011658
49756341702	6630051658
49814301702	6572091658
49872261702	6514131658
49930221702	6456171658
49988181702	6398211658
50051551152	6334842208
50113471152	6272922208
50175391152	6211002208
50237311152	6149082208
50299231152	6087162208
50361151152	6025242208
50423071152	5963322208
50484991152	5901402208
50546911152	5839482208
50608831152	5777562208
50670751152	5715642208
50732671152	5653722208
50794591152	5591802208
50856511152	5529882208
50918431152	10867236122
50980351152	10805316122
51039567770	10746099504
51097527770	10688139504
51155487770	10630179504
51213447770	10572219504
51271407770	10514259504
51329367770	10456299504
51387327770	10398339504
51445287770	10340379504
51503247770	10282419504
51561207770	10224459504
51619167770	10166499504
51677127770	10108539504
51735087770	10050579504
51793047770	9992619504
51851007770	9934659504
51908967770	9876699504
51966927770	9818739504
52028845088	9756822186
52090765088	9694902186
52152685088	9632982186
52214605088	9571062186
52276525088	9509142186
52338445088	9447222186
52400365088	9385302186
52462285088	9323382186
52524205088	9261462186
52586125088	9199542186
52648045088	9137622186
52709965088	9075702186
52771885088	9013782186
52833805088	8951862186
52895725088	8889942186
52957645088	8828022186
53018313838	8767353436
53076273838	8709393436
53134233838	8651433436
53192193838	8593473436
53250153838	8535513436
53308113838	8477553436
53366073838	8419593436
53424033838	8361633436
53481993838	8303673436
53539953838	8245713436
53597913838	8187753436
53655873838	8129793436
53713833838	8071833436
53771793838	8013873436
53829753838	7955913436
53887713838	7897953436
53945673838	7839993436
54006139024	7779528250
54068059024	7717608250
54129979024	7655688250
54191899024	7593768250
54253819024	7531848250
54315739024	7469928250
54377659024	7408008250
54439579024	7346088250
54501499024	7284168250
54563419024	7222248250
54625339024	7160328250
54687259024	7098408250
54749179024	7036488250
54811099024	6974568250
54873019024	6912648250
54934939024	6850728250
54996859024	6788808250
55055019906	6730647368
55112979906	6672687368
55170939906	6614727368
55228899906	6556767368
55286859906	6498807368
55344819906	6440847368
55402779906	6382887368
55460739906	6324927368
55518699906	6266967368
55576659906	6209007368
55634619906	6151047368
55692579906	6093087368
55750539906	6035127368
55808499906	5977167368
55866459906	5919207368
55924419906	5861247368
55982379906	5803287368
56045352960	5740314314
56107272960	5678394314
56169192960	5616474314
56231112960	5554554314
56293032960	5492634314
56354952960	5430714314
56416872960	5368794314
56478792960	10252600328
56540712960	10190680328
56602632960	10128760328
56664552960	10066840328
56726472960	10004920328
56788392960	9943000328
56850312960	9881080328
56912232960	9819160328
56974152960	9757240328
57033765974	9697627314
57091725974	9639667314
57149685974	9581707314
57207645974	9523747314
57265605974	9465787314
57323565974	9407827314
57381525974	9349867314
57439485974	9291907314
57497445974	9233947314
57555405974	9175987314
57613365974	9118027314
57671325974	9060067314
57729285974	9002107314
57787245974	8944147314
57845205974	8886187314
57903165974	8828227314
57961125974	8770267314
58022646896	8708746392
58084566896	8646826392
58146486896	8584906392
58208406896	8522986392
58270326896	8461066392
58332246896	8399146392
58394166896	8337226392
58456086896	8275306392
58518006896	8213386392
58579926896	8151466392
58641846896	8089546392
58703766896	8027626392
58765686896	7965706392
58827606896	7903786392
58889526896	7841866392
58951446896	7779946392
59012512042	7718881246
59070472042	7660921246
59128432042	7602961246
59186392042	7545001246
59244352042	7487041246
59302312042	7429081246
59360272042	7371121246
59418232042	7313161246
59476192042	7255201246
59534152042	7197241246
59592112042	7139281246
59650072042	7081321246
59708032042	7023361246
59765992042	6965401246
59823952042	6907441246
59881912042	6849481246
