4000	3241755
63004000	4404058
126004000	2357110
189004000	1740818
252004000	2795860
315004000	1837397
378004000	1802380
441004000	1428267
504004000	2171985
567004000	2218578
630004000	2773054
693004000	2319217
756004000	2651470
819004000	2664630
882004000	1967760
945004000	1919114
1007267632	2676405
1064471632	11444062
1121675632	3419371
1178879632	2624729
1236083632	3773415
1293287632	1964387
1350491632	3662799
1407695632	2924817
1464899632	3696446
1522103632	9907348
1579307632	3164200
1636511632	2664057
1693715632	3148126
1750919632	2200101
1808123632	2398514
1865327632	3279270
1922531632	2660657
1979735632	3221613
2041164000	1733110
2104164000	2683666
2167164000	1433434
2230164000	2119046
2293164000	2325473
2356164000	1969708
2419164000	2416293
2482164000	2500406
2545164000	2448088
2608164000	1700803
2671164000	2222196
2734164000	2540474
2797164000	2059151
2860164000	2551195
2923164000	2559484
2986164000	2265955
3044640912	15034096
3101844912	2424834
3159048912	3512443
3216252912	1878871
3273456912	3672767
3330660912	3029780
3387864912	1975786
3445068912	3687505
3502272912	3635577
3559476912	3279248
3616680912	2050536
3673884912	2077951
3731088912	3107015
3788292912	2024827
3845496912	1868074
3902700912	3600661
3959904912	3361245
4019324000	4409330
4082324000	2417681
4145324000	2604657
4208324000	3171097
4271324000	1533647
4334324000	1439604
4397324000	1705749
4460324000	1607645
4523324000	7985093
4586324000	1758220
4649324000	2362701
4712324000	2655087
4775324000	2148457
4838324000	1632963
4901324000	2656876
4964324000	2786622
5024810192	3496347
5082014192	4379882
5139218192	2108121
5196422192	3221501
5253626192	3398473
5310830192	1997538
5368034192	2036597
5425238192	3033206
5482442192	3213994
5539646192	4795600
5596850192	1939936
5654054192	2072001
5711258192	3358942
5768462192	3182508
5825666192	2117349
5882870192	1897723
5940074192	3563595
5997278192	15245345
6060484000	1872637
6123484000	2466281
6186484000	2730710
6249484000	2171890
6312484000	1743317
6375484000	2754030
6438484000	2544961
6501484000	2503680
6564484000	2194500
6627484000	1685088
6690484000	1921550
6753484000	1862355
6816484000	1711801
6879484000	2349789
6942484000	1568655
7004979472	3147572
7062183472	10122552
7119387472	3446253
7176591472	2755818
7233795472	2897379
7290999472	2097774
7348203472	3554720
7405407472	2823019
7462611472	2039741
7519815472	7936820
7577019472	2488245
7634223472	2619111
7691427472	2671449
7748631472	2774012
7805835472	3323982
7863039472	2753166
7920243472	2202963
7977447472	2275493
8038644000	2160760
8101644000	2288317
8164644000	1691986
8227644000	2072325
8290644000	1453221
8353644000	2625803
8416644000	2510040
8479644000	2528975
8542644000	2076243
8605644000	2368597
8668644000	2367655
8731644000	2053001
8794644000	1760941
8857644000	2588561
8920644000	2313325
8983644000	2186543
9042352752	13312067
9099556752	3151450
9156760752	2806702
9213964752	2682330
9271168752	3564635
9328372752	3204101
9385576752	2668821
9442780752	2235090
9499984752	2237219
9557188752	3228675
9614392752	2819173
9671596752	2746607
9728800752	2793806
9786004752	2283143
9843208752	3055063
9900412752	3052678
9957616752	2239686
10016804000	3445197
10079804000	2271657
10142804000	2668085
10205804000	1700715
10268804000	1652964
10331804000	2209436
10394804000	2423674
10457804000	2338534
10520804000	3601858
10583804000	2461007
10646804000	1731649
10709804000	2508220
10772804000	2071450
10835804000	2533943
10898804000	2081047
10961804000	1709058
11022522032	2806446
11079726032	3628589
11136930032	2334430
11194134032	3319179
11251338032	3110933
11308542032	3606219
11365746032	1956302
11422950032	3590333
11480154032	3146555
11537358032	3392337
11594562032	3834240
11651766032	3449124
11708970032	3579832
11766174032	3069419
11823378032	3269262
11880582032	2816201
11937786032	2153051
11994990032	11522237
12057964000	2795242
12120964000	1563995
12183964000	2492038
12246964000	1654857
12309964000	1399424
12372964000	1457049
12435964000	2423142
12498964000	2038817
12561964000	2194066
12624964000	2007492
12687964000	2082452
12750964000	2206845
12813964000	2263460
12876964000	1940069
12939964000	1503273
13002691312	3346301
13059895312	4443968
13117099312	3748434
13174303312	3590177
13231507312	2216937
13288711312	2812922
13345915312	2479320
13403119312	3561891
13460323312	3442402
13517527312	6361598
13574731312	3546860
13631935312	2753936
13689139312	3270624
13746343312	2498670
13803547312	2846523
13860751312	2056564
13917955312	2204743
13975159312	3115642
14036124000	1632884
14099124000	2424892
14162124000	1785955
14225124000	1689219
14288124000	2313654
14351124000	2063327
14414124000	1872808
14477124000	2024692
14540124000	2128620
14603124000	1786589
14666124000	1725997
14729124000	2152268
14792124000	2484483
14855124000	2093738
14918124000	2794830
14981124000	1549837
15040064592	1350703061
15097268592	1293499061
15154472592	1236295061
15211676592	1179091061
15268880592	1121887061
15326084592	1064683061
15383288592	1007479061
15440492592	950275061
15497696592	893071061
15554900592	835867061
15612104592	778663061
15669308592	721459061
15726512592	664255061
15783716592	607051061
15840920592	549847061
15898124592	492643061
15955328592	435439061
16014284000	567349102
16077284000	504349102
16140284000	441349102
16203284000	378349102
16266284000	315349102
16329284000	252349102
16392284000	189349102
16455284000	218215609
16518284000	155215609
16581284000	92215609
16644284000	75952384
16707284000	35480909
16770284000	2157526
16833284000	2433668
16896284000	2168845
16959284000	2157690
17020233872	10545120
17077437872	2040000
17134641872	2241186
17191845872	2064514
17249049872	2104066
17306253872	2621631
17363457872	2357504
17420661872	2298727
17477865872	2226597
17535069872	2775994
17592273872	2799897
17649477872	2352126
17706681872	2649639
17763885872	2174312
17821089872	2723288
17878293872	1533572
17935497872	2911048
17992701872	5185559
18055444000	1502404
18118444000	2473792
18181444000	1806312
18244444000	1417716
18307444000	1558213
18370444000	1961401
18433444000	1965131
18496444000	4981678
18559444000	2526435
18622444000	1363292
18685444000	1766629
18748444000	1262425
18811444000	1635108
18874444000	2081897
18937444000	1482379
19000403152	2511879
19057607152	2786519
19114811152	1775561
19172015152	2720821
19229219152	1457467
19286423152	1709226
19343627152	2782597
19400831152	2677555
19458035152	2638138
19515239152	1960871
19572443152	2304372
19629647152	2320868
19686851152	2218233
19744055152	2282881
19801259152	1837046
19858463152	1929599
19915667152	1554400
19972871152	14242006
20033604000	2408841
20096604000	2466194
20159604000	2466711
20222604000	2034914
20285604000	2076083
20348604000	2013149
20411604000	1352221
20474604000	1496195
20537604000	1723208
20600604000	2362868
20663604000	2180333
20726604000	1650235
20789604000	1435743
20852604000	1937753
20915604000	2304582
20978604000	1520300
21037776432	3464679
21094980432	1745455
21152184432	2233285
21209388432	2546989
21266592432	1723746
21323796432	2023748
21381000432	1952675
21438204432	1778549
21495408432	6431523
21552612432	2524577
21609816432	2639189
21667020432	2936580
21724224432	2720833
21781428432	2182783
21838632432	2105891
21895836432	1954455
21953040432	2340193
22011764000	2319365
22074764000	2350998
22137764000	2052113
22200764000	2467755
22263764000	2015138
22326764000	1328814
22389764000	2220802
22452764000	1841123
22515764000	1342434
22578764000	1976452
22641764000	1545217
22704764000	2404308
22767764000	1884074
22830764000	1855344
22893764000	2005120
22956764000	2221016
23017945712	10949760
23075149712	1597704
23132353712	1698127
23189557712	2563149
23246761712	2513990
23303965712	1587398
23361169712	2830796
23418373712	1582360
23475577712	2831423
23532781712	2243173
23589985712	2287565
23647189712	2826835
23704393712	2404528
23761597712	2005619
23818801712	2800396
23876005712	2116000
23933209712	1980705
23990413712	2064195
24052924000	2404577
24115924000	2107738
24178924000	1838768
24241924000	1443346
24304924000	1740997
24367924000	2420089
24430924000	1672178
24493924000	2755010
24556924000	1328364
24619924000	2411631
24682924000	1867889
24745924000	1468490
24808924000	1665529
24871924000	1997267
24934924000	1576331
24997924000	2391700
25055318992	1651047
25112522992	2022271
25169726992	2566787
25226930992	2754125
25284134992	2909914
25341338992	2792864
25398542992	2133809
25455746992	1496374
25512950992	2200016
25570154992	1666485
25627358992	1977171
25684562992	1654914
25741766992	2572373
25798970992	1686599
25856174992	2478077
25913378992	1738258
25970582992	9723133
26031084000	2304796
26094084000	1667476
26157084000	2188661
26220084000	1348032
26283084000	2368904
26346084000	1996075
26409084000	2053016
26472084000	2076283
26535084000	1834060
26598084000	1358112
26661084000	2230195
26724084000	1476360
26787084000	2431493
26850084000	2138323
26913084000	2283225
26976084000	1724475
27035488272	3402262
27092692272	1716503
27149896272	2724957
27207100272	1828618
27264304272	2303928
27321508272	2058898
27378712272	2556472
27435916272	2565130
27493120272	3573569
27550324272	1705095
27607528272	3125314
27664732272	2899485
27721936272	3054119
27779140272	2713033
27836344272	2622050
27893548272	2419026
27950752272	2131253
28009244000	1334625
28072244000	1451154
28135244000	1998209
28198244000	1316923
28261244000	1499517
28324244000	2465767
28387244000	1358478
28450244000	1962106
28513244000	1626772
28576244000	1522546
28639244000	2222177
28702244000	1246961
28765244000	1729853
28828244000	2237526
28891244000	2408626
28954244000	1703285
29015657552	7622534
29072861552	2582263
29130065552	2456636
29187269552	2589505
29244473552	2516910
29301677552	1861400
29358881552	1435503
29416085552	2620522
29473289552	3885049
29530493552	2044411
29587697552	1712491
29644901552	1910253
29702105552	2652619
29759309552	2889747
29816513552	2604194
29873717552	2462495
29930921552	2201331
29988125552	2867636
30050404000	785303982
30113404000	722303982
30176404000	659303982
30239404000	596303982
30302404000	533303982
30365404000	470303982
30428404000	407303982
30491404000	344303982
30554404000	281303982
30617404000	339063780
30680404000	276063780
30743404000	213063780
30806404000	150063780
30869404000	150981965
30932404000	87981965
30995404000	66944609
31053030832	43198682
31110234832	22707243
31167438832	5083158
31224642832	3443122
31281846832	4135613
31339050832	3050268
31396254832	3488169
31453458832	3024823
31510662832	2648505
31567866832	3274442
31625070832	2579299
31682274832	2395021
31739478832	3198337
31796682832	3110881
31853886832	3958838
31911090832	3409048
31968294832	9027793
32028564000	2715725
32091564000	1666062
32154564000	2815791
32217564000	2342686
32280564000	2378255
32343564000	1617812
32406564000	2517345
32469564000	9621787
32532564000	2341764
32595564000	2625024
32658564000	1892134
32721564000	1926412
32784564000	2955548
32847564000	2060025
32910564000	2434849
32973564000	1660302
33033200112	4684278
33090404112	3176329
33147608112	3274893
33204812112	2768934
33262016112	3521128
33319220112	3573824
33376424112	3744832
33433628112	2533497
33490832112	4343778
33548036112	2478862
33605240112	3536454
33662444112	2407844
33719648112	3109167
33776852112	4397302
33834056112	2291352
33891260112	2703804
33948464112	15663461
34006724000	2094014
34069724000	2887722
34132724000	2196013
34195724000	2743953
34258724000	2008663
34321724000	1687527
34384724000	2460705
34447724000	2110119
34510724000	1596038
34573724000	1874944
34636724000	2173098
34699724000	2168101
34762724000	2199961
34825724000	2900783
34888724000	2797390
34951724000	2733720
35013369392	7681744
35070573392	3078619
35127777392	2910187
35184981392	2647380
35242185392	2516069
35299389392	2909929
35356593392	2175010
35413797392	2351997
35471001392	9449614
35528205392	2537564
35585409392	3397267
35642613392	2630684
35699817392	3506690
35757021392	2080269
35814225392	3442552
35871429392	3052854
35928633392	2156702
35985837392	4081259
36047884000	1784424
36110884000	2135646
36173884000	2757148
36236884000	2129463
36299884000	2617917
36362884000	1730226
36425884000	1802611
36488884000	2634793
36551884000	2583814
36614884000	2767653
36677884000	2494559
36740884000	2949978
36803884000	3034141
36866884000	2316982
36929884000	2263807
36992884000	11132974
37050742672	2094584
37107946672	2548280
37165150672	3982857
37222354672	3306664
37279558672	3992206
37336762672	3517823
37393966672	2560137
37451170672	3683368
37508374672	3264756
37565578672	2900099
37622782672	3011807
37679986672	2212884
37737190672	3608693
37794394672	3821113
37851598672	2267221
37908802672	3649312
37966006672	6879654
38026044000	1486267
38089044000	2229645
38152044000	2232302
38215044000	2573380
38278044000	2444767
38341044000	2025047
38404044000	2473950
38467044000	5838135
38530044000	2096753
38593044000	2236165
38656044000	2682278
38719044000	1843040
38782044000	2650869
38845044000	2763908
38908044000	2830765
38971044000	1582171
39030911952	3900961
39088115952	2956949
39145319952	3987005
39202523952	3569589
39259727952	3502903
39316931952	3440284
39374135952	2625262
39431339952	3130776
39488543952	3577980
39545747952	3969637
39602951952	3178980
39660155952	2237193
39717359952	3225738
39774563952	3473686
39831767952	3829939
39888971952	2588261
39946175952	12467567
40004204000	2347965
40067204000	2429803
40130204000	1716601
40193204000	1899438
40256204000	1806225
40319204000	2884361
40382204000	3076820
40445204000	1714904
40508204000	2232078
40571204000	1786167
40634204000	1720893
40697204000	2878191
40760204000	1787778
40823204000	2559488
40886204000	2114947
40949204000	2751884
41011081232	3296383
41068285232	2284927
41125489232	3937121
41182693232	3547428
41239897232	3073618
41297101232	3342798
41354305232	2506317
41411509232	3161590
41468713232	5971665
41525917232	3345722
41583121232	2678928
41640325232	3163185
41697529232	2652660
41754733232	2412681
41811937232	2809238
41869141232	2013954
41926345232	2362885
41983549232	3929458
42045364000	2023197
42108364000	2871490
42171364000	1923695
42234364000	2231601
42297364000	2226095
42360364000	1916162
42423364000	1558615
42486364000	1845840
42549364000	1885660
42612364000	1943331
42675364000	2312311
42738364000	2328660
42801364000	2300599
42864364000	2061908
42927364000	1749195
42990364000	6175490
43048454512	3119723
43105658512	3735432
43162862512	3358717
43220066512	2539717
43277270512	2273783
43334474512	2045091
43391678512	3574469
43448882512	4798120
43506086512	3541052
43563290512	2676011
43620494512	3895265
43677698512	2115017
43734902512	3952328
43792106512	2388466
43849310512	3208560
43906514512	3776675
43963718512	5441292
44023524000	2752972
44086524000	1816162
44149524000	2392186
44212524000	2290612
44275524000	2758861
44338524000	2264098
44401524000	1937869
44464524000	2367677
44527524000	2185990
44590524000	2907622
44653524000	1905086
44716524000	1954803
44779524000	2681350
44842524000	2875008
44905524000	2643126
44968524000	12995708
45028623792	32943871
45085827792	30325601
45143031792	40441637
45200235792	36988911
45257439792	18963606
45314643792	34614906
45371847792	34182748
45429051792	17987848
45486255792	31622741
45543459792	31216878
45600663792	35655915
45657867792	26431561
45715071792	27840539
45772275792	17102890
45829479792	28106365
45886683792	26739041
45943887792	23482508
46001684000	26037324
46064684000	25532507
46127684000	13439172
46190684000	1981793
46253684000	1569076
46316684000	1730544
46379684000	1362351
46442684000	7895686
46505684000	2499869
46568684000	1431739
46631684000	1713643
46694684000	1993818
46757684000	2237823
46820684000	1440155
46883684000	1825260
46946684000	1968196
47008793072	2947580
47065997072	2542387
47123201072	2378880
47180405072	2100383
47237609072	2054220
47294813072	1493339
47352017072	2808113
47409221072	1985327
47466425072	2374464
47523629072	3885375
47580833072	1795492
47638037072	2167586
47695241072	1503494
47752445072	2819078
47809649072	2097474
47866853072	2413104
47924057072	11226158
47981261072	1746896
48042844000	1559588
48105844000	1883578
48168844000	1390456
48231844000	1964441
48294844000	1967720
48357844000	2239406
48420844000	1539128
48483844000	2403502
48546844000	1659656
48609844000	2021971
48672844000	1336340
48735844000	1875176
48798844000	1777676
48861844000	1388637
48924844000	2339285
48987844000	1399700
49046166352	2161062
49103370352	1707269
49160574352	1621013
49217778352	2777836
49274982352	2737034
49332186352	2806741
49389390352	2606067
49446594352	5848760
49503798352	2417329
49561002352	2274260
49618206352	1631430
49675410352	2181004
49732614352	1756931
49789818352	2707347
49847022352	2213223
49904226352	2635603
49961430352	1577006
50021004000	1802643
50084004000	1882306
50147004000	2438314
50210004000	1939390
50273004000	1607746
50336004000	1769697
50399004000	1332751
50462004000	2115742
50525004000	1679084
50588004000	1326939
50651004000	1774604
50714004000	2449710
50777004000	2739721
50840004000	2068815
50903004000	1517643
50966004000	9274822
51026335632	2066359
51083539632	2597456
51140743632	2446862
51197947632	1982649
51255151632	1637655
51312355632	2549364
51369559632	1987961
51426763632	1980571
51483967632	2040350
51541171632	2086407
51598375632	2440973
51655579632	1651434
51712783632	2738799
51769987632	2568991
51827191632	1594518
51884395632	2755398
51941599632	2899923
51998803632	1870919
52062164000	1337424
52125164000	2091904
52188164000	1314545
52251164000	2122357
52314164000	2264481
52377164000	1895216
52440164000	2200098
52503164000	2295088
52566164000	1936806
52629164000	2447787
52692164000	1293332
52755164000	1567458
52818164000	1659940
52881164000	2453584
52944164000	1565306
53006504912	1611083
53063708912	2260421
53120912912	2261575
53178116912	2725948
53235320912	1715905
53292524912	2519180
53349728912	2438378
53406932912	2050462
53464136912	2498474
53521340912	2499251
53578544912	2657217
53635748912	2438971
53692952912	2270332
53750156912	2060978
53807360912	2781828
53864564912	2397852
53921768912	10562124
53978972912	2288282
54040324000	1606187
54103324000	1685940
54166324000	2148236
54229324000	2418041
54292324000	1269028
54355324000	2132468
54418324000	1531102
54481324000	2376029
54544324000	1852123
54607324000	2349526
54670324000	2574188
54733324000	1496140
54796324000	2288180
54859324000	2495235
54922324000	2242401
54985324000	2040377
55043878192	1921493
55101082192	2448150
55158286192	1625403
55215490192	2290153
55272694192	2626262
55329898192	2687609
55387102192	2051326
55444306192	2327534
55501510192	2400581
55558714192	2560434
55615918192	2253296
55673122192	2276482
55730326192	2351595
55787530192	1499066
55844734192	1864701
55901938192	1753095
55959142192	1783860
56018484000	2096343
56081484000	1315789
56144484000	1646156
56207484000	2458083
56270484000	2340144
56333484000	1619570
56396484000	2120134
56459484000	1905054
56522484000	2514159
56585484000	1748650
56648484000	1326199
56711484000	2428702
56774484000	1775179
56837484000	2216453
56900484000	1541047
56963484000	3315853
57024047472	2762968
57081251472	1615996
57138455472	1958152
57195659472	2079032
57252863472	2405501
57310067472	1710175
57367271472	1776022
57424475472	1806212
57481679472	1621216
57538883472	2263124
57596087472	2276330
57653291472	2565207
57710495472	2026247
57767699472	1911755
57824903472	2909230
57882107472	2779138
57939311472	2275678
57996515472	1967095
58059644000	1846965
58122644000	1548146
58185644000	2410926
58248644000	2298119
58311644000	1455730
58374644000	2179314
58437644000	2114895
58500644000	1441007
58563644000	2447733
58626644000	1853491
58689644000	1963181
58752644000	1620335
58815644000	1616855
58878644000	2344355
58941644000	1511545
59004216752	2289464
59061420752	2576618
59118624752	2242066
59175828752	2229672
59233032752	2393144
59290236752	2042942
59347440752	2198584
59404644752	2071045
59461848752	1671020
59519052752	1677430
59576256752	2623817
59633460752	2253563
59690664752	1957604
59747868752	1588001
59805072752	2268230
59862276752	1702810
59919480752	4586198
