4208	6733435
63124208	20401662
126244208	3365885
189364208	2865535
252484208	1715586
315604208	1980217
378724208	3066761
441844208	3034536
504964208	1918854
568084208	3784057
631204208	3185429
694324208	2845084
757444208	2270614
820564208	3074363
883684208	1667338
946804208	2456129
1008980858	3336987
1066100858	3861136
1123220858	10249664
1180340858	3242452
1237460858	2077348
1294580858	2989907
1351700858	3714317
1408820858	3405480
1465940858	2883752
1523060858	2713881
1580180858	3807352
1637300858	2750031
1694420858	3865223
1751540858	2975188
1808660858	3143690
1865780858	2420548
1922900858	2973644
1980020858	1980036
2042084208	2397078
2105204208	13532437
2168324208	2267437
2231444208	2882188
2294564208	1806727
2357684208	2112708
2420804208	2460602
2483924208	1592193
2547044208	1739952
2610164208	2072812
2673284208	2818968
2736404208	2395313
2799524208	2008691
2862644208	1737665
2925764208	2264321
2988884208	2730648
3047060858	3753179
3104180858	2518117
3161300858	3630233
3218420858	8742044
3275540858	2905326
3332660858	3708168
3389780858	2803403
3446900858	3741461
3504020858	2894329
3561140858	2774407
3618260858	4081914
3675380858	3940796
3732500858	2968832
3789620858	3324580
3846740858	3140986
3903860858	2671686
3960980858	3895721
4021044208	1975735
4084164208	1589513
4147284208	2426861
4210404208	10586357
4273524208	2907102
4336644208	2048888
4399764208	1714001
4462884208	1993512
4526004208	2203962
4589124208	2357730
4652244208	2177436
4715364208	1816375
4778484208	3184107
4841604208	1671328
4904724208	2069883
4967844208	2284687
5028020858	2695444
5085140858	3395048
5142260858	2512708
5199380858	3421196
5256500858	3057020
5313620858	8103339
5370740858	3036373
5427860858	3299319
5484980858	2411415
5542100858	3197144
5599220858	3545110
5656340858	2896310
5713460858	2528379
5770580858	2309185
5827700858	3418582
5884820858	3410463
5941940858	3956578
6000004208	1607656
6063124208	2758734
6126244208	2726283
6189364208	2680109
6252484208	2754396
6315604208	14251290
6378724208	3004060
6441844208	3022032
6504964208	2496340
6568084208	1731145
6631204208	2865944
6694324208	2430211
6757444208	2793524
6820564208	2216278
6883684208	2153289
6946804208	2682386
7008980858	3417532
7066100858	2391916
7123220858	4182630
7180340858	3564049
7237460858	2652953
7294580858	2632478
7351700858	2517997
7408820858	6376580
7465940858	2190903
7523060858	3862833
7580180858	2571128
7637300858	3728118
7694420858	3002015
7751540858	2026414
7808660858	2311881
7865780858	2688506
7922900858	3996704
7980020858	3486242
8042084208	1646992
8105204208	2802908
8168324208	1757813
8231444208	2206848
8294564208	2140910
8357684208	2326211
8420804208	8838465
8483924208	2533820
8547044208	3208523
8610164208	2037516
8673284208	2542775
8736404208	3261460
8799524208	2051215
8862644208	2669679
8925764208	2990771
8988884208	3124426
9047060858	3894879
9104180858	3158768
9161300858	3516686
9218420858	3305112
9275540858	3506638
9332660858	3854996
9389780858	2920728
9446900858	3056224
9504020858	3381759
9561140858	3189474
9618260858	2599443
9675380858	3289043
9732500858	3845739
9789620858	3000145
9846740858	2375802
9903860858	3982479
9960980858	3578267
10021044208	2047831
10084164208	1638376
10147284208	2647777
10210404208	3043433
10273524208	2573306
10336644208	1964487
10399764208	2076229
10462884208	2449898
10526004208	10816944
10589124208	1927626
10652244208	2012342
10715364208	1902486
10778484208	2633043
10841604208	1850979
10904724208	2218568
10967844208	2707882
11028020858	3961906
11085140858	4939590
11142260858	2888505
11199380858	3701366
11256500858	2778734
11313620858	3085078
11370740858	2170566
11427860858	3167375
11484980858	3414621
11542100858	3573531
11599220858	5048186
11656340858	3499582
11713460858	2763892
11770580858	2789538
11827700858	2126355
11884820858	2091869
11941940858	2737612
12000004208	2443739
12063124208	8991381
12126244208	1713929
12189364208	2195876
12252484208	2583323
12315604208	2647998
12378724208	2741282
12441844208	1819450
12504964208	2341741
12568084208	1908262
12631204208	7371727
12694324208	1746785
12757444208	1748897
12820564208	2800730
12883684208	2340643
12946804208	2615105
13008980858	2878560
13066100858	3918270
13123220858	2535616
13180340858	4117617
13237460858	2209047
13294580858	3533398
13351700858	3580478
13408820858	3270886
13465940858	2293321
13523060858	2902324
13580180858	3743665
13637300858	2684458
13694420858	4445081
13751540858	3870785
13808660858	3721071
13865780858	3081135
13922900858	2869045
13980020858	3539661
14042084208	2700374
14105204208	1772022
14168324208	6599645
14231444208	2520537
14294564208	3045358
14357684208	2681582
14420804208	2697403
14483924208	1803609
14547044208	2242032
14610164208	1571739
14673284208	1596892
14736404208	5426524
14799524208	2878829
14862644208	2193616
14925764208	2041432
14988884208	2194519
15047060858	5946213045
15104180858	5889093045
15161300858	5831973045
15218420858	5774853045
15275540858	5717733045
15332660858	5660613045
15389780858	5603493045
15446900858	5546373045
15504020858	5489253045
15561140858	5432133045
15618260858	5375013045
15675380858	5317893045
15732500858	5260773045
15789620858	5203653045
15846740858	5146533045
15903860858	5089413045
15960980858	5032293045
16021044208	4972229695
16084164208	4909109695
16147284208	4845989695
16210404208	4782869695
16273524208	4719749695
16336644208	4656629695
16399764208	4593509695
16462884208	4530389695
16526004208	4467269695
16589124208	4404149695
16652244208	4341029695
16715364208	4277909695
16778484208	4214789695
16841604208	4151669695
16904724208	4088549695
16967844208	4025429695
17028020858	3965253045
17085140858	3908133045
17142260858	3851013045
17199380858	3793893045
17256500858	3736773045
17313620858	3679653045
17370740858	3622533045
17427860858	3565413045
17484980858	3508293045
17542100858	3451173045
17599220858	3394053045
17656340858	3336933045
17713460858	3279813045
17770580858	3222693045
17827700858	3165573045
17884820858	3108453045
17941940858	3051333045
18000004208	2993269695
18063124208	2930149695
18126244208	2867029695
18189364208	2803909695
18252484208	2740789695
18315604208	2677669695
18378724208	2614549695
18441844208	2551429695
18504964208	2488309695
18568084208	2425189695
18631204208	2362069695
18694324208	2298949695
18757444208	2235829695
18820564208	2172709695
18883684208	2109589695
18946804208	2046469695
19008980858	1984293045
19066100858	1927173045
19123220858	1870053045
19180340858	1812933045
19237460858	1755813045
19294580858	1698693045
19351700858	1641573045
19408820858	1584453045
19465940858	1527333045
19523060858	2252208508
19580180858	2195088508
19637300858	2137968508
19694420858	2080848508
19751540858	2023728508
19808660858	1966608508
19865780858	1909488508
19922900858	1852368508
19980020858	1795248508
20042084208	1733185158
20105204208	1670065158
20168324208	1606945158
20231444208	1543825158
20294564208	1480705158
20357684208	1417585158
20420804208	1354465158
20483924208	1291345158
20547044208	1228225158
20610164208	1165105158
20673284208	1101985158
20736404208	1038865158
20799524208	975745158
20862644208	912625158
20925764208	849505158
20988884208	786385158
21047060858	1170834867
21104180858	1113714867
21161300858	1056594867
21218420858	999474867
21275540858	942354867
21332660858	885234867
21389780858	828114867
21446900858	770994867
21504020858	713874867
21561140858	656754867
21618260858	599634867
21675380858	542514867
21732500858	485394867
21789620858	666307980
21846740858	609187980
21903860858	552067980
21960980858	494947980
22021044208	434884630
22084164208	371764630
22147284208	308644630
22210404208	245524630
22273524208	305181957
22336644208	242061957
22399764208	178941957
22462884208	175332440
22526004208	112212440
22589124208	83408395
22652244208	37573694
22715364208	1857904
22778484208	1929856
22841604208	2112100
22904724208	2559564
22967844208	1996536
23028020858	2710559
23085140858	2083634
23142260858	2656026
23199380858	2848848
23256500858	2696016
23313620858	1599486
23370740858	2580791
23427860858	2389097
23484980858	1854131
23542100858	2511136
23599220858	2754980
23656340858	2297696
23713460858	2848418
23770580858	2298668
23827700858	2506066
23884820858	3198968
23941940858	2852880
24000004208	1774287
24063124208	2439226
24126244208	10946409
24189364208	2198562
24252484208	1753047
24315604208	2455140
24378724208	2495173
24441844208	1335710
24504964208	1631742
24568084208	2147253
24631204208	2339950
24694324208	1689738
24757444208	2277818
24820564208	1785343
24883684208	1995122
24946804208	2764392
25008980858	2208214
25066100858	1683026
25123220858	3117668
25180340858	2352102
25237460858	2053762
25294580858	2019994
25351700858	2181293
25408820858	2971230
25465940858	1991036
25523060858	3065654
25580180858	2068153
25637300858	2776848
25694420858	1609926
25751540858	1620352
25808660858	2915592
25865780858	2169443
25922900858	1631927
25980020858	3062474
26042084208	1770940
26105204208	2459456
26168324208	2280042
26231444208	12266792
26294564208	1495103
26357684208	2205750
26420804208	1539092
26483924208	1776496
26547044208	1348474
26610164208	1832433
26673284208	1329455
26736404208	1647514
26799524208	2484995
26862644208	2636352
26925764208	2110111
26988884208	1511923
27047060858	2176284
27104180858	3053739
27161300858	2181192
27218420858	1792913
27275540858	2586754
27332660858	1905921
27389780858	1914374
27446900858	2742610
27504020858	2371709
27561140858	2166439
27618260858	3099898
27675380858	1935751
27732500858	2704382
27789620858	3021402
27846740858	2079812
27903860858	2617581
27960980858	1946066
28021044208	2532336
28084164208	1404148
28147284208	1375350
28210404208	2181688
28273524208	2014096
28336644208	10210336
28399764208	2560983
28462884208	1437316
28526004208	2480310
28589124208	1721557
28652244208	2269885
28715364208	2314957
28778484208	2335103
28841604208	1726935
28904724208	2401211
28967844208	2419392
29028020858	1921338
29085140858	2267433
29142260858	1677644
29199380858	2360261
29256500858	3074354
29313620858	2915284
29370740858	1708171
29427860858	3113134
29484980858	2693366
29542100858	2330557
29599220858	1758157
29656340858	2531757
29713460858	2000284
29770580858	2298850
29827700858	1613234
29884820858	2725033
29941940858	2938152
30000004208	2561259642
30063124208	3436443066
30126244208	3373323066
30189364208	3310203066
30252484208	3247083066
30315604208	3183963066
30378724208	3120843066
30441844208	3057723066
30504964208	2994603066
30568084208	2931483066
30631204208	2868363066
30694324208	2805243066
30757444208	2742123066
30820564208	2679003066
30883684208	2615883066
30946804208	2552763066
31008980858	2490586416
31066100858	2433466416
31123220858	2376346416
31180340858	2319226416
31237460858	2262106416
31294580858	2204986416
31351700858	2147866416
31408820858	2090746416
31465940858	2033626416
31523060858	1976506416
31580180858	1919386416
31637300858	1862266416
31694420858	1805146416
31751540858	1748026416
31808660858	1690906416
31865780858	1633786416
31922900858	1576666416
31980020858	1519546416
32042084208	1457483066
32105204208	1394363066
32168324208	1331243066
32231444208	1268123066
32294564208	1205003066
32357684208	1141883066
32420804208	1078763066
32483924208	1015643066
32547044208	952523066
32610164208	1417550310
32673284208	1354430310
32736404208	1291310310
32799524208	1228190310
32862644208	1165070310
32925764208	1101950310
32988884208	1038830310
33047060858	980653660
33104180858	923533660
33161300858	866413660
33218420858	809293660
33275540858	752173660
33332660858	695053660
33389780858	637933660
33446900858	580813660
33504020858	523693660
33561140858	765596596
33618260858	708476596
33675380858	651356596
33732500858	594236596
33789620858	537116596
33846740858	479996596
33903860858	422876596
33960980858	365756596
34021044208	305693246
34084164208	403068964
34147284208	339948964
34210404208	276828964
34273524208	213708964
34336644208	236554893
34399764208	173434893
34462884208	110314893
34526004208	91706649
34589124208	52677833
34652244208	24371109
34715364208	2491692
34778484208	2852941
34841604208	2641301
34904724208	2482221
34967844208	2817365
35028020858	2948091
35085140858	3476848
35142260858	2130950
35199380858	2894775
35256500858	2324197
35313620858	3064560
35370740858	3155511
35427860858	2256177
35484980858	3585579
35542100858	2461596
35599220858	3568280
35656340858	2441810
35713460858	4822584
35770580858	2555691
35827700858	2242728
35884820858	3165836
35941940858	3573682
36000004208	2403959
36063124208	1581233
36126244208	3023917
36189364208	7502953
36252484208	1795719
36315604208	2874646
36378724208	1862512
36441844208	2114140
36504964208	1561617
36568084208	3017673
36631204208	2817115
36694324208	1673987
36757444208	8183263
36820564208	2515032
36883684208	2383358
36946804208	2627962
37008980858	2656210
37066100858	2961409
37123220858	2208828
37180340858	2956497
37237460858	2976719
37294580858	3605637
37351700858	2379496
37408820858	2093651
37465940858	3202382
37523060858	2569343
37580180858	2650475
37637300858	3832073
37694420858	2565345
37751540858	3519992
37808660858	3454435
37865780858	2684569
37922900858	3560504
37980020858	2504315
38042084208	2352617
38105204208	2416004
38168324208	1936675
38231444208	2627809
38294564208	5832597
38357684208	1975791
38420804208	1691234
38483924208	2476107
38547044208	2541860
38610164208	2599889
38673284208	1744555
38736404208	1811526
38799524208	2594747
38862644208	6305860
38925764208	2477140
38988884208	3089912
39047060858	3379235
39104180858	2251233
39161300858	3457320
39218420858	2215389
39275540858	2353661
39332660858	2353191
39389780858	3550170
39446900858	4032061
39504020858	2687044
39561140858	3074637
39618260858	3410805
39675380858	3527330
39732500858	2837883
39789620858	3848743
39846740858	3481275
39903860858	3272091
39960980858	3238828
40021044208	2367666
40084164208	2122759
40147284208	3186702
40210404208	1890204
40273524208	2835065
40336644208	2267182
40399764208	5001458
40462884208	3012752
40526004208	1794748
40589124208	2852770
40652244208	1908630
40715364208	2287000
40778484208	3091793
40841604208	2910808
40904724208	2137279
40967844208	4431773
41028020858	2060493
41085140858	3049557
41142260858	4000777
41199380858	2837456
41256500858	3887939
41313620858	3165811
41370740858	2127551
41427860858	3032590
41484980858	3925787
41542100858	2484374
41599220858	3485380
41656340858	2367531
41713460858	2837020
41770580858	3093141
41827700858	2706668
41884820858	4101910
41941940858	2782859
42000004208	1950486
42063124208	2708623
42126244208	2043821
42189364208	1674004
42252484208	3167385
42315604208	2438647
42378724208	1676658
42441844208	2084773
42504964208	4082472
42568084208	2661321
42631204208	1685980
42694324208	1877895
42757444208	2564144
42820564208	2603141
42883684208	2968422
42946804208	3019412
43008980858	2742414
43066100858	8980504
43123220858	4010338
43180340858	3213756
43237460858	2705947
43294580858	2177054
43351700858	2477320
43408820858	3361214
43465940858	4152985
43523060858	3331607
43580180858	2417665
43637300858	3852115
43694420858	3542626
43751540858	2556005
43808660858	4383423
43865780858	3546964
43922900858	2132673
43980020858	3120957
44042084208	6920479
44105204208	2398748
44168324208	2520947
44231444208	1554205
44294564208	1981212
44357684208	2325709
44420804208	2170668
44483924208	1969037
44547044208	2119568
44610164208	3413249
44673284208	2671840
44736404208	2813218
44799524208	1653226
44862644208	2677918
44925764208	2471902
44988884208	1909058
45047060858	61341522
45104180858	100308228
45161300858	95040093
45218420858	145140564
45275540858	137080832
45332660858	79960832
45389780858	123940149
45446900858	113112432
45504020858	55992432
45561140858	141113936
45618260858	83993936
45675380858	131921386
45732500858	121443582
45789620858	64323582
45846740858	99494318
45903860858	83746634
45960980858	112165429
46021044208	84950171
46084164208	109027381
46147284208	85591125
46210404208	107714694
46273524208	76119176
46336644208	100527771
46399764208	68796185
46462884208	83575137
46526004208	48918574
46589124208	101764345
46652244208	38644345
46715364208	85130281
46778484208	109809854
46841604208	77425003
46904724208	100305886
46967844208	68354955
47028020858	91669881
47085140858	68254278
47142260858	103742388
47199380858	86548022
47256500858	121019296
47313620858	100730833
47370740858	43610833
47427860858	115025645
47484980858	57905645
47542100858	83785408
47599220858	59746317
47656340858	93152031
47713460858	72980753
47770580858	104822964
47827700858	83199434
47884820858	118716484
47941940858	95696718
48000004208	37633368
48063124208	88028818
48126244208	100109184
48189364208	62005442
48252484208	117293111
48315604208	54173111
48378724208	106720941
48441844208	43600941
48504964208	92847193
48568084208	29727193
48631204208	79175440
48694324208	99367812
48757444208	63667300
48820564208	77807421
48883684208	41560441
48946804208	4399540
49008980858	2163116
49066100858	2230784
49123220858	2237740
49180340858	1602145
49237460858	1713182
49294580858	1715066
49351700858	2778617
49408820858	1872350
49465940858	2123525
49523060858	2920684
49580180858	2079854
49637300858	2611818
49694420858	1964833
49751540858	2806579
49808660858	2624585
49865780858	2166073
49922900858	1890095
49980020858	2257309
50042084208	2688740
50105204208	2029331
50168324208	2488009
50231444208	1382137
50294564208	1696345
50357684208	10604151
50420804208	1530319
50483924208	2011593
50547044208	2236331
50610164208	2447336
50673284208	1285713
50736404208	1660619
50799524208	1878597
50862644208	2473756
50925764208	1461090
50988884208	1613141
51047060858	2587390
51104180858	2902435
51161300858	1835353
51218420858	2303958
51275540858	2280328
51332660858	1583927
51389780858	2979882
51446900858	1511348
51504020858	2042206
51561140858	2366483
51618260858	2534168
51675380858	1592857
51732500858	1587586
51789620858	1512351
51846740858	2692418
51903860858	2704862
51960980858	2473342
52021044208	2567555
52084164208	1947868
52147284208	2492750
52210404208	2540784
52273524208	1352233
52336644208	1896596
52399764208	2135349
52462884208	5670057
52526004208	1469948
52589124208	1633862
52652244208	1983508
52715364208	2135271
52778484208	1989013
52841604208	1474513
52904724208	1511124
52967844208	1437741
53028020858	2330705
53085140858	2725481
53142260858	1774889
53199380858	2296768
53256500858	1600271
53313620858	2288496
53370740858	2307830
53427860858	1566774
53484980858	2337667
53542100858	2618118
53599220858	2993743
53656340858	2212982
53713460858	2253602
53770580858	2900644
53827700858	2439205
53884820858	2705421
53941940858	2620788
54000004208	1092942
54063124208	1554014
54126244208	2130751
54189364208	2442296
54252484208	2445014
54315604208	1394956
54378724208	1610091
54441844208	1786946
54504964208	2059980
54568084208	4169876
54631204208	1445991
54694324208	2201274
54757444208	1959614
54820564208	1935177
54883684208	1297232
54946804208	1725921
55008980858	1929216
55066100858	2226600
55123220858	2193581
55180340858	2702791
55237460858	1653858
55294580858	1836064
55351700858	2927528
55408820858	1938132
55465940858	2414194
55523060858	1960101
55580180858	1495725
55637300858	2018616
55694420858	2887530
55751540858	1694992
55808660858	2982291
55865780858	2207347
55922900858	2687064
55980020858	2925058
56042084208	2725037
56105204208	6612208
56168324208	1562593
56231444208	1459217
56294564208	2240027
56357684208	1870411
56420804208	2344288
56483924208	1862616
56547044208	2264468
56610164208	2600917
56673284208	3643180
56736404208	2674650
56799524208	1446778
56862644208	1780252
56925764208	2169032
56988884208	1891415
57047060858	2312245
57104180858	2868839
57161300858	2299113
57218420858	2351933
57275540858	2160441
57332660858	1913441
57389780858	1750151
57446900858	2341266
57504020858	2425941
57561140858	2977817
57618260858	2633458
57675380858	1849774
57732500858	2473954
57789620858	2076597
57846740858	3008537
57903860858	2092909
57960980858	2348536
58021044208	1361572
58084164208	2588472
58147284208	2431936
58210404208	4986376
58273524208	2346270
58336644208	2036397
58399764208	2339464
58462884208	2383180
58526004208	2257064
58589124208	2669196
58652244208	1329149
58715364208	1607101
58778484208	3124101
58841604208	1900351
58904724208	2466696
58967844208	2196698
59028020858	1948501
59085140858	2425392
59142260858	2537783
59199380858	1638809
59256500858	2116686
59313620858	2934491
59370740858	2207099
59427860858	2325455
59484980858	2549539
59542100858	2773135
59599220858	2971995
59656340858	1634580
59713460858	2573828
59770580858	1900129
59827700858	1718138
59884820858	2632415
59941940858	1670916
