3632	21226649
62655632	37938764
125307632	9275543
187959632	5105683
250611632	4020609
313263632	3186344
375915632	4900108
438567632	4108831
501219632	4937020
563871632	2472701
626523632	2704126
689175632	2765621
751827632	4584169
814479632	3789499
877131632	3647590
939783632	3640758
1002231800	5838991
1059639800	6010141
1117047800	6750864
1174455800	7065745
1231863800	7655550
1289271800	5620473
1346679800	4190316
1404087800	12302503
1461495800	6617918
1518903800	6585184
1576311800	3905521
1633719800	6214882
1691127800	7004748
1748535800	3888551
1805943800	6290216
1863351800	16655969
1920759800	6780261
1978167800	6517569
2038825172	4782599
2101477172	2506310
2164129172	2678252
2226781172	3453906
2289433172	3804023
2352085172	3793912
2414737172	4211893
2477389172	4512876
2540041172	3550764
2602693172	3197799
2665345172	4076275
2727997172	3624584
2790649172	14984248
2853301172	4529750
2915953172	2557293
2978605172	4667645
3037803960	7633385
3095211960	4856410
3152619960	6580566
3210027960	6350030
3267435960	6200874
3324843960	8173269
3382251960	3992850
3439659960	4798072
3497067960	7120880
3554475960	5562333
3611883960	4311282
3669291960	14326238
3726699960	9370997
3784107960	6130849
3841515960	7062768
3898923960	5526290
3956331960	6854463
4014994712	4504653
4077646712	3657555
4140298712	4490314
4202950712	3571023
4265602712	4197802
4328254712	3239910
4390906712	3498543
4453558712	4168473
4516210712	4114874
4578862712	12144304
4641514712	3194324
4704166712	3826832
4766818712	4186922
4829470712	2871090
4892122712	2773545
4954774712	2651791
5015968120	4846410
5073376120	8204227
5130784120	8322831
5188192120	6809594
5245600120	8019184
5303008120	5984772
5360416120	7611661
5417824120	7533496
5475232120	5649331
5532640120	11321714
5590048120	7411307
5647456120	5585367
5704864120	5628021
5762272120	6656640
5819680120	4824278
5877088120	7100014
5934496120	12193757
5991904120	6285803
6053816252	3051007
6116468252	2996110
6179120252	4033814
6241772252	4826385
6304424252	4162029
6367076252	4438924
6429728252	6109655
6492380252	2416622
6555032252	2901987
6617684252	2891937
6680336252	3058089
6742988252	4490975
6805640252	3533943
6868292252	8452963
6930944252	3100309
6993596252	2882757
7051540280	6040145
7108948280	7417679
7166356280	7902485
7223764280	4350025
7281172280	5132067
7338580280	23165482
7395988280	11642661
7453396280	6397058
7510804280	4565538
7568212280	6121095
7625620280	3959562
7683028280	5911267
7740436280	6161971
7797844280	6406733
7855252280	7687591
7912660280	6377458
7970068280	7199108
8029985792	4257739
8092637792	2793969
8155289792	3011811
8217941792	14999187
8280593792	2749861
8343245792	2639469
8405897792	2818197
8468549792	2797154
8531201792	3101318
8593853792	3970551
8656505792	3966266
8719157792	3934608
8781809792	3386349
8844461792	2923355
8907113792	3619871
8969765792	4046834
9029704440	4805686
9087112440	6525015
9144520440	18396948
9201928440	10430330
9259336440	7273740
9316744440	5712083
9374152440	7338683
9431560440	5096660
9488968440	6209339
9546376440	4407740
9603784440	10476487
9661192440	7376890
9718600440	6469329
9776008440	4407889
9833416440	7304044
9890824440	7536734
9948232440	5633184
10006155332	5194303
10068807332	4927603
10131459332	3838940
10194111332	3843092
10256763332	3757030
10319415332	4675589
10382067332	4567010
10444719332	4265903
10507371332	7360902
10570023332	3882780
10632675332	3238923
10695327332	2713031
10757979332	2520878
10820631332	4122678
10883283332	3652720
10945935332	2979079
11007868600	11446801
11065276600	4794598
11122684600	7315480
11180092600	7275744
11237500600	6919048
11294908600	4911101
11352316600	7235847
11409724600	14461289
11467132600	6575080
11524540600	5069101
11581948600	7716406
11639356600	7046744
11696764600	4625278
11754172600	6412180
11811580600	7821114
11868988600	22074011
11926396600	7645937
11983804600	6902992
12044976872	4659690
12107628872	2756991
12170280872	3147891
12232932872	3778276
12295584872	4286721
12358236872	4742884
12420888872	2851278
12483540872	2874594
12546192872	3775770
12608844872	3567810
12671496872	2594983
12734148872	3495543
12796800872	16256784
12859452872	4130999
12922104872	4251547
12984756872	4591826
13043440760	5515254
13100848760	5480179
13158256760	7590495
13215664760	5385188
13273072760	11689168
13330480760	5451352
13387888760	4126660
13445296760	5029465
13502704760	6637826
13560112760	4191081
13617520760	4883179
13674928760	19802918
13732336760	16311171
13789744760	9037473
13847152760	5723445
13904560760	4342533
13961968760	7527067
14021146412	3907101
14083798412	4356169
14146450412	4267756
14209102412	2543933
14271754412	4630127
14334406412	4726593
14397058412	4616078
14459710412	4510544
14522362412	4720974
14585014412	2851124
14647666412	4149666
14710318412	4592613
14772970412	2899252
14835622412	2900638
14898274412	4090948
14960926412	4765705
15021604920	6926268812
15079012920	6868860812
15136420920	6811452812
15193828920	6754044812
15251236920	6696636812
15308644920	6639228812
15366052920	6581820812
15423460920	6524412812
15480868920	6467004812
15538276920	6409596812
15595684920	6352188812
15653092920	6294780812
15710500920	6237372812
15767908920	6179964812
15825316920	6122556812
15882724920	6065148812
15940132920	6007740812
15997540920	5950332812
16059967952	5887905780
16122619952	5825253780
16185271952	5762601780
16247923952	5699949780
16310575952	5637297780
16373227952	5574645780
16435879952	5511993780
16498531952	5449341780
16561183952	5386689780
16623835952	5324037780
16686487952	5261385780
16749139952	5198733780
16811791952	5136081780
16874443952	5073429780
16937095952	5010777780
16999747952	4948125780
17057177080	4890696652
17114585080	4833288652
17171993080	4775880652
17229401080	4718472652
17286809080	4661064652
17344217080	4603656652
17401625080	4546248652
17459033080	4488840652
17516441080	4431432652
17573849080	4374024652
17631257080	4316616652
17688665080	4259208652
17746073080	4201800652
17803481080	4144392652
17860889080	4086984652
17918297080	4029576652
17975705080	3972168652
18036137492	3911736240
18098789492	3849084240
18161441492	3786432240
18224093492	3723780240
18286745492	3661128240
18349397492	3598476240
18412049492	3535824240
18474701492	3473172240
18537353492	3410520240
18600005492	3347868240
18662657492	3285216240
18725309492	3222564240
18787961492	3159912240
18850613492	3097260240
18913265492	3034608240
18975917492	2971956240
19035341240	2912532492
19092749240	2855124492
19150157240	2797716492
19207565240	2740308492
19264973240	2682900492
19322381240	2625492492
19379789240	2568084492
19437197240	2510676492
19494605240	2453268492
19552013240	2395860492
19609421240	2338452492
19666829240	2281044492
19724237240	2223636492
19781645240	2166228492
19839053240	2108820492
19896461240	3349487094
19953869240	3292079094
20012307032	3233641302
20074959032	3170989302
20137611032	3108337302
20200263032	3045685302
20262915032	2983033302
20325567032	2920381302
20388219032	2857729302
20450871032	2795077302
20513523032	2732425302
20576175032	2669773302
20638827032	2607121302
20701479032	2544469302
20764131032	2481817302
20826783032	2419165302
20889435032	2356513302
20952087032	2293861302
21013505400	2232442934
21070913400	2175034934
21128321400	2117626934
21185729400	2060218934
21243137400	2002810934
21300545400	1945402934
21357953400	1887994934
21415361400	1830586934
21472769400	1773178934
21530177400	1715770934
21587585400	1658362934
21644993400	1600954934
21702401400	1543546934
21759809400	1486138934
21817217400	1428730934
21874625400	1371322934
21932033400	1313914934
21989441400	2089108822
22051128572	2027421650
22113780572	1964769650
22176432572	1902117650
22239084572	1839465650
22301736572	1776813650
22364388572	1714161650
22427040572	1651509650
22489692572	1588857650
22552344572	1526205650
22614996572	1463553650
22677648572	1400901650
22740300572	1338249650
22802952572	1275597650
22865604572	1212945650
22928256572	1150293650
22990908572	1087641650
23049077560	1029472662
23106485560	972064662
23163893560	914656662
23221301560	857248662
23278709560	1353796120
23336117560	1296388120
23393525560	1238980120
23450933560	1181572120
23508341560	1124164120
23565749560	1066756120
23623157560	1009348120
23680565560	951940120
23737973560	894532120
23795381560	837124120
23852789560	779716120
23910197560	722308120
23967605560	664900120
24027298112	605207568
24089950112	884658737
24152602112	822006737
24215254112	759354737
24277906112	696702737
24340558112	634050737
24403210112	571398737
24465862112	508746737
24528514112	446094737
24591166112	383442737
24653818112	541784155
24716470112	479132155
24779122112	416480155
24841774112	353828155
24904426112	291176155
24967078112	228524155
25027241720	319805181
25084649720	262397181
25142057720	204989181
25199465720	252982557
25256873720	195574557
25314281720	138166557
25371689720	151128889
25429097720	93720889
25486505720	84028295
25543913720	69010981
25601321720	39911857
25658729720	15868121
25716137720	4595393
25773545720	4076642
25830953720	3291679
25888361720	4036269
25945769720	2852589
26003467652	2740928
26066119652	2978362
26128771652	3304178
26191423652	2787088
26254075652	3314755
26316727652	2908476
26379379652	2348236
26442031652	7284665
26504683652	2251524
26567335652	3131787
26629987652	3285891
26692639652	1781397
26755291652	1867754
26817943652	2828098
26880595652	2991828
26943247652	2718077
27005405880	2436235
27062813880	2312012
27120221880	3502429
27177629880	2320411
27235037880	2602367
27292445880	4548895
27349853880	11218456
27407261880	3274768
27464669880	3864522
27522077880	2990362
27579485880	2743205
27636893880	3615715
27694301880	2285138
27751709880	2946195
27809117880	3747865
27866525880	2936111
27923933880	2895477
27981341880	2989451
28042289192	2472695
28104941192	2949671
28167593192	3117684
28230245192	2268967
28292897192	3542114
28355549192	2688748
28418201192	2786461
28480853192	2823838
28543505192	2033588
28606157192	1896879
28668809192	2188497
28731461192	2807365
28794113192	2600757
28856765192	3304068
28919417192	3343980
28982069192	1817889
29040978040	3270562
29098386040	2996727
29155794040	3697647
29213202040	4520870
29270610040	3813555
29328018040	3636598
29385426040	2368946
29442834040	2931413
29500242040	3448769
29557650040	3291807
29615058040	10694283
29672466040	3464329
29729874040	2288025
29787282040	3177148
29844690040	2940800
29902098040	3524367
29959506040	3787159
30018458732	3991180136
30081110732	3928528136
30143762732	3865876136
30206414732	3803224136
30269066732	3740572136
30331718732	3677920136
30394370732	3615268136
30457022732	3552616136
30519674732	3489964136
30582326732	3427312136
30644978732	3364660136
30707630732	3302008136
30770282732	3239356136
30832934732	3176704136
30895586732	3114052136
30958238732	3051400136
31019142200	2990496668
31076550200	2933088668
31133958200	2875680668
31191366200	2818272668
31248774200	2760864668
31306182200	2703456668
31363590200	2646048668
31420998200	2588640668
31478406200	2531232668
31535814200	2473824668
31593222200	2416416668
31650630200	2359008668
31708038200	2301600668
31765446200	2244192668
31822854200	2186784668
31880262200	2129376668
31937670200	2071968668
31995078200	2014560668
32057280272	1952358596
32119932272	1889706596
32182584272	1827054596
32245236272	1764402596
32307888272	1701750596
32370540272	1639098596
32433192272	1576446596
32495844272	1513794596
32558496272	1451142596
32621148272	1388490596
32683800272	1325838596
32746452272	2099917183
32809104272	2037265183
32871756272	1974613183
32934408272	1911961183
32997060272	1849309183
33054714360	1791655095
33112122360	1734247095
33169530360	1676839095
33226938360	1619431095
33284346360	1562023095
33341754360	1504615095
33399162360	1447207095
33456570360	1389799095
33513978360	1332391095
33571386360	1274983095
33628794360	1217575095
33686202360	1160167095
33743610360	1102759095
33801018360	1045351095
33858426360	987943095
33915834360	930535095
33973242360	873127095
34033449812	1341859258
34096101812	1279207258
34158753812	1216555258
34221405812	1153903258
34284057812	1091251258
34346709812	1028599258
34409361812	965947258
34472013812	903295258
34534665812	840643258
34597317812	777991258
34659969812	715339258
34722621812	652687258
34785273812	590035258
34847925812	527383258
34910577812	836231806
34973229812	773579806
35032878520	713931098
35090286520	656523098
35147694520	599115098
35205102520	541707098
35262510520	484299098
35319918520	426891098
35377326520	369483098
35434734520	581772821
35492142520	524364821
35549550520	466956821
35606958520	409548821
35664366520	352140821
35721774520	294732821
35779182520	427317840
35836590520	369909840
35893998520	312501840
35951406520	255093840
36009619352	196881008
36072271352	259216431
36134923352	196564431
36197575352	133912431
36260227352	151270901
36322879352	88618901
36385531352	77756327
36448183352	53393931
36510835352	44148472
36573487352	18016814
36636139352	4040589
36698791352	2881347
36761443352	2886579
36824095352	4223967
36886747352	3405377
36949399352	3271358
37011042680	3972157
37068450680	7198380
37125858680	4250534
37183266680	6523114
37240674680	7249204
37298082680	7965087
37355490680	4756210
37412898680	15364019
37470306680	7875713
37527714680	7668711
37585122680	4326848
37642530680	5795558
37699938680	6936170
37757346680	4619579
37814754680	13110814
37872162680	6959093
37929570680	7587473
37986978680	4571696
38048440892	2985565
38111092892	3260028
38173744892	2360945
38236396892	2903647
38299048892	5157123
38361700892	2935295
38424352892	2628832
38487004892	2389494
38549656892	4161265
38612308892	4042176
38674960892	3225110
38737612892	6682504
38800264892	4519883
38862916892	4663547
38925568892	3089911
38988220892	3080397
39046614840	6924741
39104022840	6768771
39161430840	3964502
39218838840	13082350
39276246840	6147753
39333654840	5902820
39391062840	6542885
39448470840	6716360
39505878840	6500618
39563286840	4568520
39620694840	6440971
39678102840	7989408
39735510840	5565959
39792918840	8076637
39850326840	5598265
39907734840	6011887
39965142840	5305000
40024610432	3496315
40087262432	13716481
40149914432	4278749
40212566432	4195684
40275218432	3619062
40337870432	2903202
40400522432	4149097
40463174432	2554818
40525826432	2810352
40588478432	4331881
40651130432	4502506
40713782432	2852799
40776434432	2713527
40839086432	2578951
40901738432	4501588
40964390432	3501951
41024779000	21570593
41082187000	7080856
41139595000	6271978
41197003000	5322616
41254411000	5945526
41311819000	7500064
41369227000	4067986
41426635000	4329124
41484043000	12072825
41541451000	7386090
41598859000	5346668
41656267000	5880969
41713675000	5574716
41771083000	4277218
41828491000	5343853
41885899000	5051669
41943307000	9779781
42000779972	4748142
42063431972	3464873
42126083972	4452870
42188735972	3756849
42251387972	2619647
42314039972	4381215
42376691972	7918002
42439343972	3055294
42501995972	3459225
42564647972	3794304
42627299972	4093688
42689951972	2693058
42752603972	3519581
42815255972	2575129
42877907972	5016288
42940559972	4651734
43002943160	3761366
43060351160	4985427
43117759160	5695272
43175167160	5941073
43232575160	6391335
43289983160	13216189
43347391160	7613136
43404799160	7015557
43462207160	4424896
43519615160	4920876
43577023160	5587482
43634431160	5275016
43691839160	5120509
43749247160	19134630
43806655160	9633791
43864063160	6537126
43921471160	7297029
43978879160	7683367
44039601512	4052220
44102253512	3380482
44164905512	3453511
44227557512	4079971
44290209512	2438471
44352861512	4740532
44415513512	3398343
44478165512	2685069
44540817512	3050091
44603469512	3256255
44666121512	13460462
44728773512	2571879
44791425512	5322032
44854077512	3593556
44916729512	3539836
44979381512	2855566
45038515320	114965051
45095923320	57557051
45153331320	127131292
45210739320	147610118
45268147320	90202118
45325555320	167847057
45382963320	191774462
45440371320	134366462
45497779320	212460926
45555187320	155052926
45612595320	187360132
45670003320	129952132
45727411320	205784134
45784819320	148376134
45842227320	176024874
45899635320	118616874
45957043320	191215034
46015771052	132487302
46078423052	140900320
46141075052	78248320
46203727052	139337812
46266379052	137883014
46329031052	75231014
46391683052	119487577
46454335052	116086400
46516987052	162295696
46579639052	152017731
46642291052	89365731
46704943052	138250983
46767595052	129853713
46830247052	67201713
46892899052	104324608
46955551052	95289569
47016679480	144891736
47074087480	147642531
47131495480	90234531
47188903480	154879943
47246311480	163043228
47303719480	105635228
47361127480	177614376
47418535480	200962943
47475943480	143554943
47533351480	86146943
47590759480	162145777
47648167480	177234823
47705575480	119826823
47762983480	177878219
47820391480	120470219
47877799480	129826746
47935207480	72418746
47992615480	123388698
48054592592	111456623
48117244592	149184529
48179896592	131662135
48242548592	69010135
48305200592	108667750
48367852592	94232024
48430504592	127445753
48493156592	107033562
48555808592	44381562
48618460592	120106658
48681112592	57454658
48743764592	140594991
48806416592	77942991
48869068592	119063398
48931720592	101987912
48994372592	148200810
49052251640	145124610
49109659640	87716610
49167067640	135376926
49224475640	140421069
49281883640	83013069
49339291640	136397137
49396699640	136141613
49454107640	78733613
49511515640	127534526
49568923640	124921768
49626331640	67513768
49683739640	118633134
49741147640	117194207
49798555640	59786207
49855963640	114873202
49913371640	114173890
49970779640	56765890
50030762132	142902697
50093414132	80250697
50156066132	118782955
50218718132	99934479
50281370132	134872351
50344022132	113434288
50406674132	50782288
50469326132	25736239
50531978132	1865897
50594630132	2220501
50657282132	2044963
50719934132	2854514
50782586132	1804686
50845238132	2743696
50907890132	2951850
50970542132	1668163
51030415800	4238648
51087823800	3797012
51145231800	2746443
51202639800	3808319
51260047800	3155737
51317455800	3338201
51374863800	2371398
51432271800	3294322
51489679800	4490416
51547087800	2001267
51604495800	2844487
51661903800	3763495
51719311800	2135974
51776719800	3624227
51834127800	3786981
51891535800	2849432
51948943800	3225369
52006931672	2789237
52069583672	3106597
52132235672	2300439
52194887672	2933567
52257539672	1976929
52320191672	3006948
52382843672	3851137
52445495672	2731725
52508147672	3259958
52570799672	3318874
52633451672	2222195
52696103672	1790606
52758755672	2433759
52821407672	3203421
52884059672	3135803
52946711672	2167009
53008579960	2789252
53065987960	3643427
53123395960	2051711
53180803960	2630730
53238211960	3428081
53295619960	3970534
53353027960	3224231
53410435960	3761370
53467843960	2220316
53525251960	2295769
53582659960	2865390
53640067960	3832231
53697475960	2442875
53754883960	7006064
53812291960	3935671
53869699960	2438721
53927107960	3760628
53984515960	3395069
54045753212	3310509
54108405212	2592139
54171057212	2767924
54233709212	3150612
54296361212	1841665
54359013212	2491209
54421665212	2709423
54484317212	3266550
54546969212	1749387
54609621212	2116677
54672273212	8142717
54734925212	1840148
54797577212	2263292
54860229212	3078501
54922881212	1978776
54985533212	1981585
55044152120	2555858
55101560120	3479620
55158968120	4008884
55216376120	3172910
55273784120	3930286
55331192120	3775979
55388600120	2790238
55446008120	3543812
55503416120	2277429
55560824120	3487489
55618232120	3613593
55675640120	2230607
55733048120	2886752
55790456120	4147094
55847864120	3807160
55905272120	2285931
55962680120	3176280
56021922752	2547063
56084574752	2790278
56147226752	2256669
56209878752	2215321
56272530752	2144530
56335182752	3115673
56397834752	2939474
56460486752	3283017
56523138752	3228424
56585790752	1676126
56648442752	2218684
56711094752	2608478
56773746752	2766782
56836398752	2553171
56899050752	2941324
56961702752	4261182
57022316280	3707926
57079724280	2064239
57137132280	3005206
57194540280	3726463
57251948280	3966276
57309356280	2001085
57366764280	2793800
57424172280	4395538
57481580280	3934282
57538988280	3101279
57596396280	3283894
57653804280	3989689
57711212280	2766312
57768620280	3173851
57826028280	2555523
57883436280	4025705
57940844280	2504809
57998252280	3361904
58060744292	3054322
58123396292	2361896
58186048292	3060456
58248700292	1711434
58311352292	5645397
58374004292	1820545
58436656292	2652766
58499308292	3141608
58561960292	3072144
58624612292	1698975
58687264292	2172464
58749916292	2144291
58812568292	2444452
58875220292	2665230
58937872292	3096736
59000480440	3357887
59057888440	2074384
59115296440	2833129
59172704440	2920921
59230112440	13966141
59287520440	2743045
59344928440	2702598
59402336440	3454447
59459744440	2286467
59517152440	2789239
59574560440	3324366
59631968440	3135698
59689376440	2336671
59746784440	2922535
59804192440	2765939
59861600440	3671706
