2752	8142400
123842752	32426578
247682752	48829592
371522752	31052903
495362752	53881453
619202752	39031250
743042752	61166555
866882752	42093843
990722752	43822060
1107236070	86653376
1223156070	75330074
1339076070	77756272
1454996070	108462156
1570916070	170235417
1686836070	149904570
1802756070	138535770
1918676070	132213926
2039216688	115169064
2163056688	196316735
2286896688	168389907
2410736688	134960889
2534576688	100742524
2658416688	142179930
2782256688	93584556
2906096688	127137226
3028022138	84078024
3143942138	137739412
3259862138	117438258
3375782138	99957046
3491702138	198651128
3607622138	206502706
3723542138	218825338
3839462138	237225595
3955382138	250164637
4078430624	245776063
4202270624	121936063
4326110624	232474000
4449950624	214506103
4573790624	194524377
4697630624	168084851
4821470624	135695842
4945310624	101815122
5064728206	188060513
5180648206	180214327
5296568206	180623520
5412488206	186172601
5528408206	196283539
5644328206	222053096
5760248206	252655729
5876168206	282894021
5992088206	166974021
6117644560	180049117
6241484560	183003880
6365324560	193462005
6489164560	193133075
6613004560	184401726
6736844560	174237209
6860684560	156340432
6984524560	136229791
7101434274	138922989
7217354274	145912851
7333274274	156416812
7449194274	176939315
7565114274	201274814
7681034274	233775900
7796954274	276901805
7912874274	160981805
8033018496	190479350
8156858496	210039510
8280698496	217651084
8404538496	223087893
8528378496	223590024
8652218496	214505588
8776058496	202138034
8899898496	187072725
9022220342	175870057
9138140342	182815285
9254060342	202873294
9369980342	229895588
9485900342	267688042
9601820342	310771365
9717740342	194851365
9833660342	249745163
9949580342	299307938
10072232432	176655848
10196072432	208670192
10319912432	231273093
10443752432	245707019
10567592432	258685188
10691432432	260555123
10815272432	136715123
10939112432	134603881
11058926410	140479412
11174846410	153755640
11290766410	182526069
11406686410	214684895
11522606410	252942406
11638526410	299130501
11754446410	183210501
11870366410	232506479
11986286410	279272894
12111446368	303441166
12235286368	179601166
12359126368	199039167
12482966368	207742312
12606806368	214439553
12730646368	215831693
12854486368	208481737
12978326368	207290526
13095632478	218381734
13211552478	235790786
13327472478	268561353
13443392478	152641353
13559312478	188581483
13675232478	232166096
13791152478	281067675
13907072478	165147675
14026820304	206368953
14150660304	236869660
14274500304	256334782
14398340304	269656015
14522180304	145816015
14646020304	148282473
14769860304	149061203
14893700304	144851563
15016418546	139620721
15132338546	149798689
15248258546	164236313
15364178546	182766507
15480098546	216720228
15596018546	253737388
15711938546	297816184
15827858546	181896184
15943778546	222698572
16066034240	251105737
16189874240	272649544
16313714240	148809544
16437554240	159066507
16561394240	164635968
16685234240	160590243
16809074240	152032890
16932914240	144874843
17053124614	142702511
17169044614	150669440
17284964614	166209872
17400884614	185352629
17516804614	215174579
17632724614	253230201
17748644614	294868444
17864564614	178948444
17980484614	217809981
18105248176	237925863
18229088176	258172882
18352928176	266716628
18476768176	142876628
18600608176	145366957
18724448176	141170714
18848288176	127933690
18972128176	120469393
19089830682	126461230
19205750682	136844995
19321670682	155744696
19437590682	179648852
19553510682	212164577
19669430682	258510322
19785350682	305745628
19901270682	189825628
20020622112	227710148
20144462112	250000155
20268302112	271251748
20392142112	147411748
20515982112	159867550
20639822112	164566066
20763662112	164342965
20887502112	160475970
21010616750	164766357
21126536750	188109919
21242456750	215372100
21358376750	252377317
21474296750	295468898
21590216750	179548898
21706136750	233369088
21822056750	295835548
21937976750	179915548
22059836048	226296541
22183676048	266049764
22307516048	303087671
22431356048	179247671
22555196048	213663642
22679036048	236425337
22802876048	254492237
22926716048	272321698
23047322818	151714928
23163242818	190932987
23279162818	236821824
23395082818	289708058
23511002818	173788058
23626922818	234586478
23742842818	305112808
23858762818	189192808
23974682818	260065526
24099049984	311380421
24222889984	187540421
24346729984	228123683
24470569984	263191128
24594409984	290959329
24718249984	167119329
24842089984	184883320
24965929984	204536331
25084028886	233466894
25199948886	281091077
25315868886	165171077
25431788886	217912966
25547708886	280053404
25663628886	348898893
25779548886	232978893
25895468886	305464085
26014423920	362161701
26138263920	238321701
26262103920	281969001
26385943920	313039894
26509783920	189199894
26633623920	217914353
26757463920	237115237
26881303920	251883431
27004814954	275124202
27120734954	159204202
27236654954	194323804
27352574954	244643131
27468494954	298441540
27584414954	182521540
27700334954	246301296
27816254954	309850801
27932174954	193930801
28053637856	249876697
28177477856	288903222
28301317856	165063222
28425157856	197273547
28548997856	217743599
28672837856	234706502
28796677856	245358025
28920517856	253788793
29041521022	132785627
29157441022	158913526
29273361022	188557292
29389281022	230076234
29505201022	279646617
29621121022	163726617
29737041022	219142900
29852961022	277756861
29968881022	1617300392
30092851792	1493329622
30216691792	2371349091
30340531792	2247509091
30464371792	2123669091
30588211792	1999829091
30712051792	1875989091
30835891792	1752149091
30959731792	1628309091
31078227090	1509813793
31194147090	1393893793
31310067090	1277973793
31425987090	1162053793
31541907090	1046133793
31657827090	1773213575
31773747090	1657293575
31889667090	1541373575
32008225728	1422814937
32132065728	1298974937
32255905728	1175134937
32379745728	1051294937
32503585728	927454937
32627425728	1555082764
32751265728	1431242764
32875105728	1307402764
32998945728	1183562764
33114933158	1067575334
33230853158	951655334
33346773158	835735334
33462693158	1368469195
33578613158	1252549195
33694533158	1136629195
33810453158	1020709195
33926373158	904789195
34047439664	783722689
34171279664	659882689
34295119664	1080111529
34418959664	956271529
34542799664	832431529
34666639664	708591529
34790479664	584751529
34914319664	955675223
35035719226	834275661
35151639226	718355661
35267559226	602435661
35383479226	934288281
35499399226	818368281
35615319226	702448281
35731239226	586528281
35847159226	470608281
35963079226	731558300
36086653600	607983926
36210493600	484143926
36334333600	674716436
36458173600	550876436
36582013600	427036436
36705853600	576767420
36829693600	452927420
36953533600	329087420
37072425294	465050049
37188345294	349130049
37304265294	468296762
37420185294	352376762
37536105294	236456762
37652025294	344874678
37767945294	228954678
37883865294	317601895
38002027536	369042773
38125867536	245202773
38249707536	261917990
38373547536	258126033
38497387536	134286033
38621227536	115213830
38745067536	146745930
38868907536	85300565
38992747536	55447268
39109131362	47731113
39225051362	41322356
39340971362	37225783
39456891362	21230362
39572811362	17606339
39688731362	15806716
39804651362	11136076
39920571362	23388224
40041241472	4815767
40165081472	9714051
40288921472	6845166
40412761472	7348788
40536601472	19738318
40660441472	7269594
40784281472	5358306
40908121472	12631899
41029917430	7782173
41145837430	6860370
41261757430	19448263
41377677430	10107227
41493597430	9499409
41609517430	14980794
41725437430	12033698
41841357430	12006321
41957277430	23614667
42080455408	5159835
42204295408	6724976
42328135408	8099656
42451975408	6208118
42575815408	4800254
42699655408	9240750
42823495408	7655017
42947335408	7451952
43066623498	12174847
43182543498	11616254
43298463498	8630610
43414383498	16345575
43530303498	11951631
43646223498	10273902
43762143498	15616401
43878063498	12050207
43993983498	7947373
44119669344	6051241
44243509344	5439329
44367349344	15710335
44491189344	5947953
44615029344	7202671
44738869344	21466796
44862709344	6174935
44986549344	6226750
45103329566	13664883
45219249566	13782928
45335169566	11214243
45451089566	20847813
45567009566	17129663
45682929566	8671782
45798849566	17777581
45914769566	12155678
46035043280	4193466
46158883280	12408096
46282723280	6903430
46406563280	8061212
46530403280	6188409
46654243280	5887972
46778083280	7513822
46901923280	7599365
47024115634	9724791
47140035634	11889547
47255955634	13914531
47371875634	13063670
47487795634	8054151
47603715634	19579831
47719635634	14761125
47835555634	9186437
47951475634	15365183
48074257216	5979513
48198097216	24906436
48321937216	4524865
48445777216	7452312
48569617216	12287137
48693457216	5049770
48817297216	4410113
48941137216	16835382
49060821702	6949743
49176741702	11526362
49292661702	20644046
49408581702	7636808
49524501702	11800171
49640421702	29245791
49756341702	12491959
49872261702	9621686
49988181702	16610255
50113471152	7694334
50237311152	6040056
50361151152	8083469
50484991152	5412960
50608831152	8152967
50732671152	8168551
50856511152	7178809
50980351152	6532374
51097527770	14524625
51213447770	12721655
51329367770	12463951
51445287770	16051916
51561207770	12939186
51677127770	12355311
51793047770	18300702
51908967770	13339827
52028845088	6592385
52152685088	5374861
52276525088	4406022
52400365088	14954943
52524205088	5779208
52648045088	6705044
52771885088	9578895
52895725088	5206644
53018313838	5875302
53134233838	19691647
53250153838	13620798
53366073838	12370012
53481993838	14938076
53597913838	13421510
53713833838	11812308
53829753838	18978778
53945673838	9470564
54068059024	5667355
54191899024	7539837
54315739024	5059681
54439579024	5650514
54563419024	6543226
54687259024	7014383
54811099024	6580309
54934939024	6978767
55055019906	10579536
55170939906	7899108
55286859906	22200274
55402779906	14895332
55518699906	8710607
55634619906	15313634
55750539906	10437409
55866459906	10794982
55982379906	17927398
56107272960	5360505
56231112960	16108957
56354952960	5515610
56478792960	7746126
56602632960	19675318
56726472960	7913523
56850312960	4137718
56974152960	11473052
57091725974	11941033
57207645974	8498706
57323565974	18371926
57439485974	11134559
57555405974	13600163
57671325974	12068625
57787245974	12957822
57903165974	7007454
58022646896	16507774
58146486896	4308056
58270326896	9648252
58394166896	7743739
58518006896	5240488
58641846896	5097802
58765686896	5734824
58889526896	7203386
59012512042	6377123
59128432042	13801126
59244352042	9138909
59360272042	9603442
59476192042	26876955
59592112042	11001739
59708032042	13527403
59823952042	16279848
59939872042	7604466
60061860832	1271833439
60185700832	1147993439
60309540832	1024153439
60433380832	900313439
60557220832	776473439
60681060832	652633439
60804900832	1089978614
60928740832	966138614
61049218110	845661336
61165138110	729741336
61281058110	613821336
61396978110	1049954440
61512898110	934034440
61628818110	818114440
61744738110	702194440
61860658110	586274440
61976578110	978209673
62101074768	853713015
62224914768	729873015
62348754768	606033015
62472594768	955902750
62596434768	832062750
62720274768	708222750
62844114768	584382750
62967954768	936530072
63085924178	818560662
63201844178	702640662
63317764178	586720662
63433684178	938863987
63549604178	822943987
63665524178	707023987
63781444178	591103987
63897364178	475183987
64016448704	787963770
64140288704	664123770
64264128704	540283770
64387968704	812619000
64511808704	688779000
64635648704	564939000
64759488704	441099000
64883328704	706565504
65006710246	583183962
65122630246	467263962
65238550246	746633475
65354470246	630713475
65470390246	514793475
65586310246	398873475
65702230246	668161266
65818150246	552241266
65934070246	436321266
66055662640	666465639
66179502640	542625639
66303342640	418785639
66427182640	621408245
66551022640	497568245
66674862640	373728245
66798702640	562929254
66922542640	439089254
67043416314	318215580
67159336314	523485927
67275256314	407565927
67391176314	618080113
67507096314	502160113
67623016314	386240113
67738936314	590752902
67854856314	474832902
67970776314	358912902
68094876576	530845499
68218716576	407005499
68342556576	557135793
68466396576	433295793
68590236576	309455793
68714076576	443338561
68837916576	319498561
68961756576	454278372
69080122382	335912566
69196042382	490037905
69311962382	374117905
69427882382	533729717
69543802382	417809717
69659722382	301889717
69775642382	458416822
69891562382	342496822
70010250512	479863008
70134090512	356023008
70257930512	472280839
70381770512	348440839
70505610512	452267156
70629450512	328427156
70753290512	422347932
70877130512	298507932
71000908450	398814170
71116828450	282894170
71232748450	401931401
71348668450	286011401
71464588450	415067758
71580508450	299147758
71696428450	433532813
71812348450	317612813
71928268450	441686534
72049464448	320490536
72173304448	422085056
72297144448	298245056
72420984448	385810807
72544824448	261970807
72668664448	339583460
72792504448	215743460
72916344448	289178542
73037614518	373761612
73153534518	257841612
73269454518	354056554
73385374518	238136554
73501294518	348975374
73617214518	233055374
73733134518	348205642
73849054518	232285642
73964974518	339203972
74088678384	428893353
74212518384	305053353
74336358384	379448408
74460198384	255608408
74584038384	316548497
74707878384	192708497
74831718384	246313074
74955558384	302423766
75074320586	183661564
75190240586	254879633
75306160586	331139671
75422080586	215219671
75538000586	306877285
75653920586	401943045
75769840586	286023045
75885760586	376758723
76004052320	258466989
76127892320	330316656
76251732320	206476656
76375572320	268564289
76499412320	319066340
76623252320	195226340
76747092320	232646281
76870932320	268197237
76994772320	310257647
77111026654	194003313
77226946654	249041118
77342866654	311887639
77458786654	195967639
77574706654	267313074
77690626654	349210248
77806546654	233290248
77922466654	310179024
78043266256	367081396
78167106256	243241396
78290946256	292995246
78414786256	327793525
78538626256	203953525
78662466256	231503256
78786306256	247158199
78910146256	266095223
79031812722	144428757
79147732722	180626331
79263652722	219745164
79379572722	267361662
79495492722	318463773
79611412722	202543773
79727332722	267820707
79843252722	328420676
79959172722	212500676
80082480192	256066325
80206320192	285332827
80330160192	161492827
80454000192	190302109
80577840192	207177163
80701680192	217110081
80825520192	218922867
80949360192	218816985
81068518790	237977148
81184438790	263213832
81300358790	147293832
81416278790	178791551
81532198790	217847460
81648118790	260169971
81764038790	314152954
81879958790	198232954
81995878790	240036400
82121694128	264712253
82245534128	278275399
82369374128	154435399
82493214128	164996884
82617054128	169381247
82740894128	162668037
82864734128	152433970
82988574128	139260956
83105224858	135384692
83221144858	144590611
83337064858	159658690
83452984858	178734015
83568904858	206649619
83684824858	237085109
83800744858	276354726
83916664858	160434726
84037068064	189350631
84160908064	203568093
84284748064	211829822
84408588064	209128462
84532428064	205028866
84656268064	195389023
84780108064	176033471
84903948064	153507733
85026010926	136124440
85141930926	127424690
85257850926	125729262
85373770926	137150461
85489690926	150845344
85605610926	171165419
85721530926	197952880
85837450926	226722291
85953370926	256987777
86076282000	267972461
86200122000	144132461
86323962000	146797748
86447802000	142519757
86571642000	128784963
86695482000	114706197
86819322000	195945182
86943162000	169959008
87062716994	156401440
87178636994	149177611
87294556994	145173994
87410476994	155160861
87526396994	168403984
87642316994	186721375
87758236994	213317467
87874156994	238190909
87990076994	260918906
88115495936	265339225
88239335936	141499225
88363175936	137763133
88487015936	130983375
88610855936	114651587
88734695936	195922823
88858535936	169103122
88982375936	141398977
89099423062	126030038
89215343062	119834270
89331263062	115941699
89447183062	118305934
89563103062	133523149
89679023062	150867102
89794943062	174338595
89910863062	199567151
90030869872	235631069
90154709872	259695729
90278549872	290753540
90402389872	166913540
90526229872	183646634
90650069872	210796701
90773909872	219352808
90897749872	248083566
91020209130	269913034
91136129130	153993034
91252049130	206222593
91367969130	253716035
91483889130	323900704
91599809130	207980704
91715729130	272143931
91831649130	347128512
91947569130	231208512
92070083808	271116623
92193923808	314948988
92317763808	191108988
92441603808	210139517
92565443808	232892877
92689283808	232968857
92813123808	234512688
92936963808	232743204
93056915198	250864878
93172835198	260882492
93288755198	144962492
93404675198	173582016
93520595198	186795499
93636515198	218235779
93752435198	244539380
93868355198	274506740
93984275198	158586740
94109297744	153287610
94233137744	145922857
94356977744	123576337
94480817744	103033427
94604657744	143483422
94728497744	89753268
94852337744	98574940
94976177744	98608330
95093621266	131763789
95209541266	98547844
95325461266	139664540
95441381266	101840831
95557301266	154295168
95673221266	131052222
95789141266	103897779
95905061266	174019011
96024671680	143672143
96148511680	91571977
96272351680	102965865
96396191680	105803302
96520031680	103832250
96643871680	87731762
96767711680	71447922
96891551680	50229928
97014407334	42593783
97130327334	45457848
97246247334	35393670
97362167334	15882090
97478087334	13620238
97594007334	7701955
97709927334	10952249
97825847334	17051050
97941767334	12657337
98063885616	4478758
98187725616	6002519
98311565616	7665433
98435405616	7511917
98559245616	8739352
98683085616	4257747
98806925616	5839662
98930765616	5877216
99051113402	7043359
99167033402	7405321
99282953402	16175366
99398873402	8798541
99514793402	10043503
99630713402	10178589
99746633402	7032769
99862553402	14337139
99978473402	15842754
100103099552	5379059
100226939552	15224320
100350779552	5547594
100474619552	6239842
100598459552	14981752
100722299552	5576496
100846139552	4432012
100969979552	6574481
101087819470	7171755
101203739470	6318177
101319659470	23197153
101435579470	14336531
101551499470	11732614
101667419470	15449539
101783339470	10149335
101899259470	10913637
102018473488	14628239
102142313488	7122281
102266153488	3954577
102389993488	4312953
102513833488	7326179
102637673488	7131427
102761513488	5435441
102885353488	5782644
103008605538	9025115
103124525538	13571957
103240445538	10691509
103356365538	8436645
103472285538	12804920
103588205538	11971271
103704125538	7509658
103820045538	7949179
103935965538	12637655
104057687424	19568872
104181527424	6943031
104305367424	6804357
104429207424	10608758
104553047424	6695637
104676887424	7793117
104800727424	21158634
104924567424	5462534
105045311606	8245643
105161231606	10772979
105277151606	11876479
105393071606	11019295
105508991606	24652515
105624911606	11849322
105740831606	11405964
105856751606	13806776
105972671606	9102281
106096901360	4106833
106220741360	6184928
106344581360	6980596
106468421360	4321685
106592261360	5738879
106716101360	7806340
106839941360	4101751
106963781360	9448094
107082017674	6883796
107197937674	7690607
107313857674	9790798
107429777674	7623023
107545697674	6266356
107661617674	13008226
107777537674	12342101
107893457674	6977653
108012275296	8824020
108136115296	5164286
108259955296	15433501
108383795296	6428374
108507635296	4880217
108631475296	13207886
108755315296	5889240
108879155296	7428193
109002803742	16287036
109118723742	6996567
109234643742	8525361
109350563742	14166154
109466483742	8723126
109582403742	7951841
109698323742	17719835
109814243742	12132826
109930163742	11641636
110051489232	7288489
110175329232	6431433
110299169232	6993361
110423009232	6964844
110546849232	6235358
110670689232	4023323
110794529232	4318507
110918369232	5107399
111039509810	10893147
111155429810	21564178
111271349810	9620272
111387269810	11437153
111503189810	9112558
111619109810	6873354
111735029810	9436685
111850949810	17943146
111966869810	8872633
112090703168	6225530
112214543168	4733021
112338383168	4358575
112462223168	22142829
112586063168	6077433
112709903168	7628903
112833743168	11320305
112957583168	4180075
113076215878	11979626
113192135878	29105564
113308055878	9483401
113423975878	9843635
113539895878	13020052
113655815878	8275244
113771735878	6195129
113887655878	22508317
114006077104	8526609
114129917104	6052903
114253757104	8327139
114377597104	5040743
114501437104	4607084
114625277104	9487553
114749117104	4882494
114872957104	7604628
114996797104	4577428
115112921946	8598167
115228841946	6670123
115344761946	15871420
115460681946	8059986
115576601946	8379517
115692521946	8370605
115808441946	12023858
115924361946	12240774
116045291040	7101642
116169131040	5780712
116292971040	11838834
116416811040	3853128
116540651040	5034532
116664491040	15131974
116788331040	7420388
116912171040	4568603
117033708014	12557454
117149628014	9414046
117265548014	9234938
117381468014	17706895
117497388014	12947748
117613308014	10106291
117729228014	11310357
117845148014	7050309
117961068014	11868431
118084504976	9492512
118208344976	6438822
118332184976	5264367
118456024976	4771156
118579864976	5295930
118703704976	4916430
118827544976	7145888
118951384976	8521352
119070414082	7417753
119186334082	10295277
119302254082	9718835
119418174082	9560382
119534094082	15540754
119650014082	10181114
119765934082	10833215
