4208	3797274
63124208	2582422
126244208	1425078
189364208	2718602
252484208	1418103
315604208	1615366
378724208	2063830
441844208	2737528
504964208	1919013
568084208	2755481
631204208	2036201
694324208	2689926
757444208	2688744
820564208	2343355
883684208	2598633
946804208	1349815
1008980858	1692982
1066100858	3278741
1123220858	8172131
1180340858	2698544
1237460858	1850153
1294580858	2485662
1351700858	2113478
1408820858	2155825
1465940858	3152963
1523060858	2588416
1580180858	3635844
1637300858	3484126
1694420858	2700839
1751540858	2259719
1808660858	2352671
1865780858	2922542
1922900858	1789141
1980020858	2232018
2042084208	2769944
2105204208	14940530
2168324208	2256555
2231444208	2512085
2294564208	2710817
2357684208	1737480
2420804208	2122635
2483924208	2813624
2547044208	1765745
2610164208	2063504
2673284208	2764127
2736404208	2024659
2799524208	2404223
2862644208	2135696
2925764208	2288772
2988884208	2630976
3047060858	2771359
3104180858	2973610
3161300858	2551906
3218420858	4806621
3275540858	3157532
3332660858	2693950
3389780858	2000270
3446900858	3108064
3504020858	2284242
3561140858	2394704
3618260858	3464777
3675380858	3080115
3732500858	3286586
3789620858	2373237
3846740858	2694214
3903860858	2204626
3960980858	3317474
4021044208	2599277
4084164208	2720921
4147284208	2714375
4210404208	13976364
4273524208	2558448
4336644208	2346571
4399764208	1975339
4462884208	2390379
4526004208	2668869
4589124208	1994808
4652244208	2463106
4715364208	2652990
4778484208	2716077
4841604208	2769716
4904724208	1672886
4967844208	1592608
5028020858	2984846
5085140858	3194209
5142260858	2777765
5199380858	3747040
5256500858	2874390
5313620858	3416799
5370740858	3441270
5427860858	2204072
5484980858	2182019
5542100858	3247287
5599220858	3812322
5656340858	2122116
5713460858	3508948
5770580858	2388664
5827700858	2125796
5884820858	3044747
5941940858	2870030
6000004208	1501528
6063124208	2590216
6126244208	2037741
6189364208	1791755
6252484208	2756461
6315604208	11078409
6378724208	2210374
6441844208	2400052
6504964208	2877481
6568084208	3112682
6631204208	1586460
6694324208	2051587
6757444208	1808293
6820564208	2599073
6883684208	1971337
6946804208	2139473
7008980858	2305911
7066100858	3063330
7123220858	3710168
7180340858	3573628
7237460858	3739203
7294580858	2273587
7351700858	3676415
7408820858	3943005
7465940858	2706630
7523060858	2328641
7580180858	2773921
7637300858	3240223
7694420858	2462658
7751540858	3674135
7808660858	2759976
7865780858	3048270
7922900858	3443729
7980020858	3302153
8042084208	2376536
8105204208	2448661
8168324208	1686876
8231444208	2461316
8294564208	2428367
8357684208	1899981
8420804208	8588381
8483924208	2354888
8547044208	1854490
8610164208	2797093
8673284208	2293566
8736404208	1468148
8799524208	1811507
8862644208	2296500
8925764208	1842397
8988884208	1812691
9047060858	3218245
9104180858	2315850
9161300858	2138253
9218420858	3463939
9275540858	3075476
9332660858	3234299
9389780858	2827256
9446900858	3046425
9504020858	3980452
9561140858	2966550
9618260858	2170397
9675380858	2855212
9732500858	3025443
9789620858	2573860
9846740858	4719560
9903860858	2390494
9960980858	2357682
10021044208	2222677
10084164208	1560968
10147284208	2753037
10210404208	2513561
10273524208	2335900
10336644208	2084580
10399764208	2850377
10462884208	2419460
10526004208	10140051
10589124208	2837444
10652244208	2530288
10715364208	1829120
10778484208	2507323
10841604208	2223362
10904724208	2532037
10967844208	2920926
11028020858	3480378
11085140858	2734255
11142260858	3388222
11199380858	2904452
11256500858	3070911
11313620858	3287866
11370740858	3496621
11427860858	3422145
11484980858	2709828
11542100858	2595194
11599220858	2490421
11656340858	2826382
11713460858	2584825
11770580858	2699550
11827700858	2581714
11884820858	2612866
11941940858	2512467
12000004208	1589573
12063124208	8995558
12126244208	1568790
12189364208	2336253
12252484208	1568263
12315604208	2627676
12378724208	2308559
12441844208	2750560
12504964208	1606290
12568084208	2873494
12631204208	5121373
12694324208	2261885
12757444208	2784326
12820564208	1988635
12883684208	2573476
12946804208	1467733
13008980858	2159710
13066100858	4007431
13123220858	3063468
13180340858	3967793
13237460858	2051421
13294580858	3102678
13351700858	3146151
13408820858	2618810
13465940858	2608530
13523060858	2811627
13580180858	2398604
13637300858	3248704
13694420858	2861730
13751540858	3037380
13808660858	3244166
13865780858	3133618
13922900858	2636183
13980020858	1990353
14042084208	2528749
14105204208	1989709
14168324208	6512174
14231444208	1520225
14294564208	1724199
14357684208	2824528
14420804208	2043326
14483924208	2604030
14547044208	2895209
14610164208	1762096
14673284208	1486789
14736404208	6465030
14799524208	2322165
14862644208	2202724
14925764208	1831645
14988884208	1820862
15047060858	1497035333
15104180858	1439915333
15161300858	1382795333
15218420858	1325675333
15275540858	1268555333
15332660858	1211435333
15389780858	1154315333
15446900858	1097195333
15504020858	1040075333
15561140858	982955333
15618260858	925835333
15675380858	868715333
15732500858	811595333
15789620858	754475333
15846740858	697355333
15903860858	640235333
15960980858	583115333
16021044208	523051983
16084164208	459931983
16147284208	396811983
16210404208	515597007
16273524208	452477007
16336644208	389357007
16399764208	326237007
16462884208	263117007
16526004208	199997007
16589124208	217984823
16652244208	154864823
16715364208	91744823
16778484208	64348040
16841604208	23926033
16904724208	1429831
16967844208	1479373
17028020858	1528214
17085140858	4009440
17142260858	2519683
17199380858	2410430
17256500858	1521569
17313620858	1904527
17370740858	2017016
17427860858	2275645
17484980858	1587076
17542100858	2504787
17599220858	2284280
17656340858	1681682
17713460858	2085622
17770580858	2847829
17827700858	2207237
17884820858	1887798
17941940858	1983184
18000004208	1225295
18063124208	1608346
18126244208	2162222
18189364208	1779105
18252484208	2188908
18315604208	2404267
18378724208	3441355
18441844208	2177937
18504964208	1292902
18568084208	1887176
18631204208	2173835
18694324208	1736395
18757444208	2048691
18820564208	1757725
18883684208	2129295
18946804208	2178777
19008980858	1838676
19066100858	2025895
19123220858	1859929
19180340858	2556296
19237460858	1997518
19294580858	2756369
19351700858	1459292
19408820858	2846249
19465940858	1475553
19523060858	1903719
19580180858	1877937
19637300858	2086007
19694420858	2454372
19751540858	1920348
19808660858	2529558
19865780858	2767320
19922900858	1487669
19980020858	2414921
20042084208	1462466
20105204208	2426897
20168324208	1820360
20231444208	1693324
20294564208	1352909
20357684208	2374422
20420804208	2245718
20483924208	1623766
20547044208	1733887
20610164208	2306372
20673284208	2116266
20736404208	1605181
20799524208	1359917
20862644208	1393554
20925764208	1466344
20988884208	1247288
21047060858	3483185
21104180858	2074377
21161300858	2592702
21218420858	1787282
21275540858	2361624
21332660858	2560337
21389780858	2695904
21446900858	1966015
21504020858	2466360
21561140858	2322582
21618260858	2175292
21675380858	1670523
21732500858	1699806
21789620858	1716468
21846740858	1968258
21903860858	1940752
21960980858	1978458
22021044208	3697041
22084164208	1394817
22147284208	1844853
22210404208	2420883
22273524208	1945783
22336644208	1815063
22399764208	1461020
22462884208	1435543
22526004208	2349081
22589124208	2396971
22652244208	2008400
22715364208	2219966
22778484208	2156454
22841604208	2345229
22904724208	2095050
22967844208	1837375
23028020858	1959774
23085140858	1708666
23142260858	2290792
23199380858	1530655
23256500858	1789073
23313620858	2437879
23370740858	2534481
23427860858	2017710
23484980858	2855494
23542100858	2394221
23599220858	2155186
23656340858	2405544
23713460858	2648392
23770580858	2518163
23827700858	1947942
23884820858	1591492
23941940858	2600515
24000004208	1326767
24063124208	1854314
24126244208	13217011
24189364208	2225597
24252484208	1904047
24315604208	2075833
24378724208	2322907
24441844208	1254360
24504964208	1240278
24568084208	2590814
24631204208	1875417
24694324208	1505522
24757444208	1365753
24820564208	2398036
24883684208	2162049
24946804208	1994700
25008980858	2340246
25066100858	3113231
25123220858	2266007
25180340858	1504856
25237460858	1613841
25294580858	2168774
25351700858	1946801
25408820858	2747988
25465940858	1427002
25523060858	1621501
25580180858	2366639
25637300858	2436775
25694420858	2572484
25751540858	1643536
25808660858	2157326
25865780858	4291791
25922900858	2476576
25980020858	1481544
26042084208	1783165
26105204208	1366126
26168324208	1713290
26231444208	10751204
26294564208	2465308
26357684208	1249693
26420804208	1374563
26483924208	2150851
26547044208	2201932
26610164208	1989260
26673284208	1685100
26736404208	1357354
26799524208	1719458
26862644208	1677530
26925764208	2003724
26988884208	1927778
27047060858	1918499
27104180858	2212654
27161300858	1472761
27218420858	2727975
27275540858	2807000
27332660858	2785962
27389780858	2736484
27446900858	1759811
27504020858	2098506
27561140858	2659756
27618260858	2892728
27675380858	2159998
27732500858	2272404
27789620858	2799360
27846740858	2751668
27903860858	1784185
27960980858	2417123
28021044208	1758372
28084164208	2117190
28147284208	2062360
28210404208	2066518
28273524208	1773830
28336644208	9882705
28399764208	2472348
28462884208	2335904
28526004208	2512945
28589124208	1451943
28652244208	1414782
28715364208	1351842
28778484208	1347338
28841604208	1368796
28904724208	2230226
28967844208	2382829
29028020858	2614365
29085140858	1864701
29142260858	2002536
29199380858	2060433
29256500858	2265732
29313620858	2166269
29370740858	2464654
29427860858	2147653
29484980858	1455496
29542100858	1832601
29599220858	2691783
29656340858	3264045
29713460858	2391001
29770580858	1765599
29827700858	2617485
29884820858	2768443
29941940858	1473111
30000004208	612159857
30063124208	759499035
30126244208	696379035
30189364208	633259035
30252484208	570139035
30315604208	507019035
30378724208	443899035
30441844208	380779035
30504964208	317659035
30568084208	254539035
30631204208	302224936
30694324208	239104936
30757444208	175984936
30820564208	112864936
30883684208	105573257
30946804208	72074342
31008980858	32263175
31066100858	12862530
31123220858	2564819
31180340858	1896188
31237460858	3499694
31294580858	2347730
31351700858	3661636
31408820858	2456544
31465940858	3123673
31523060858	2825373
31580180858	2493980
31637300858	3303674
31694420858	2131307
31751540858	1980192
31808660858	3377345
31865780858	2769885
31922900858	2472766
31980020858	4194667
32042084208	2782433
32105204208	2303502
32168324208	2086204
32231444208	2251576
32294564208	2255660
32357684208	2336488
32420804208	2093482
32483924208	1457899
32547044208	8891848
32610164208	1761618
32673284208	2539048
32736404208	2511119
32799524208	2407700
32862644208	2347820
32925764208	2508621
32988884208	2446084
33047060858	2810777
33104180858	3067357
33161300858	2615896
33218420858	3555943
33275540858	2468751
33332660858	3088187
33389780858	2001562
33446900858	2675859
33504020858	2579070
33561140858	3485526
33618260858	2721345
33675380858	2753820
33732500858	1881279
33789620858	2639668
33846740858	2422297
33903860858	1903665
33960980858	2653108
34021044208	1470556
34084164208	7108112
34147284208	1791372
34210404208	1427071
34273524208	2661217
34336644208	2120988
34399764208	1884714
34462884208	1466253
34526004208	1420778
34589124208	2127979
34652244208	8038057
34715364208	2203660
34778484208	2293925
34841604208	2492340
34904724208	2697524
34967844208	1434066
35028020858	1968764
35085140858	1938009
35142260858	3085099
35199380858	2300555
35256500858	2375416
35313620858	2381412
35370740858	3575919
35427860858	3285742
35484980858	2154534
35542100858	2741602
35599220858	2888396
35656340858	2250853
35713460858	2036423
35770580858	3642971
35827700858	3075388
35884820858	2132382
35941940858	2534642
36000004208	1093125
36063124208	1713112
36126244208	1984966
36189364208	7532221
36252484208	2281559
36315604208	1849206
36378724208	1828373
36441844208	1593570
36504964208	2445320
36568084208	2908845
36631204208	1839068
36694324208	2646288
36757444208	4900351
36820564208	2778346
36883684208	2008033
36946804208	2343059
37008980858	2538168
37066100858	3937640
37123220858	2380335
37180340858	3169474
37237460858	2658141
37294580858	3277752
37351700858	3254771
37408820858	3054684
37465940858	2484019
37523060858	2398072
37580180858	3227475
37637300858	3376751
37694420858	2469684
37751540858	3417504
37808660858	3057212
37865780858	2523099
37922900858	2130535
37980020858	3660017
38042084208	2555639
38105204208	1938351
38168324208	1908486
38231444208	1576420
38294564208	6806006
38357684208	1885939
38420804208	2246274
38483924208	1732421
38547044208	1931341
38610164208	1850552
38673284208	1632482
38736404208	1546203
38799524208	2539252
38862644208	3458448
38925764208	1618961
38988884208	1513939
39047060858	3108109
39104180858	2570736
39161300858	2408406
39218420858	3357832
39275540858	2116370
39332660858	3714329
39389780858	2039491
39446900858	2756996
39504020858	2015498
39561140858	3201232
39618260858	1905994
39675380858	2512247
39732500858	2076048
39789620858	2936884
39846740858	2177183
39903860858	2022534
39960980858	3700022
40021044208	2551642
40084164208	2154226
40147284208	2351461
40210404208	2619465
40273524208	2331360
40336644208	2041671
40399764208	5598660
40462884208	2400769
40526004208	2494555
40589124208	2190307
40652244208	1761220
40715364208	1555295
40778484208	2036096
40841604208	1951349
40904724208	1402042
40967844208	2716869
41028020858	2169916
41085140858	2858943
41142260858	2638778
41199380858	3365426
41256500858	3123238
41313620858	2936907
41370740858	2643797
41427860858	1961718
41484980858	3057900
41542100858	2812315
41599220858	2942155
41656340858	2499867
41713460858	2752499
41770580858	2257547
41827700858	2579997
41884820858	2082922
41941940858	3070050
42000004208	1131483
42063124208	1773206
42126244208	1720306
42189364208	2730772
42252484208	1588824
42315604208	2050967
42378724208	1893244
42441844208	2680972
42504964208	3746446
42568084208	2880214
42631204208	1658596
42694324208	1999759
42757444208	2336492
42820564208	2171081
42883684208	1873828
42946804208	2428821
43008980858	2656187
43066100858	7330186
43123220858	3745751
43180340858	2342460
43237460858	3537186
43294580858	2838731
43351700858	2700477
43408820858	2178260
43465940858	3757960
43523060858	3545696
43580180858	2108579
43637300858	3554102
43694420858	3149465
43751540858	2890309
43808660858	2682932
43865780858	2123803
43922900858	3639731
43980020858	2721238
44042084208	3068525
44105204208	2239971
44168324208	1458242
44231444208	1793658
44294564208	1703890
44357684208	2274791
44420804208	2639269
44483924208	1689575
44547044208	1519560
44610164208	2889009
44673284208	1401542
44736404208	2694873
44799524208	2658502
44862644208	2380732
44925764208	1950677
44988884208	2108448
45047060858	18614720
45104180858	39044418
45161300858	33148298
45218420858	16897511
45275540858	32940007
45332660858	34741108
45389780858	24661016
45446900858	25217305
45504020858	16746018
45561140858	34961423
45618260858	11242365
45675380858	27426300
45732500858	24230712
45789620858	32350321
45846740858	16306537
45903860858	17683107
45960980858	22289979
46021044208	21726777
46084164208	8554949
46147284208	13225455
46210404208	2333785
46273524208	1457154
46336644208	2238949
46399764208	1516522
46462884208	1829751
46526004208	1647676
46589124208	1885829
46652244208	2181361
46715364208	1746251
46778484208	1455758
46841604208	1514879
46904724208	1476637
46967844208	1929189
47028020858	2664665
47085140858	1928615
47142260858	1863901
47199380858	2410556
47256500858	1458759
47313620858	1628265
47370740858	1664918
47427860858	1717405
47484980858	1594387
47542100858	2114651
47599220858	2788515
47656340858	2492225
47713460858	2143665
47770580858	2572540
47827700858	2252182
47884820858	2314164
47941940858	1848020
48000004208	1212272
48063124208	2373557
48126244208	1383543
48189364208	1326880
48252484208	8773468
48315604208	1727301
48378724208	2019925
48441844208	2381529
48504964208	2253622
48568084208	2592554
48631204208	1360577
48694324208	1588492
48757444208	2455178
48820564208	1500403
48883684208	2085669
48946804208	1972098
49008980858	1524292
49066100858	1960002
49123220858	2775404
49180340858	2660321
49237460858	2734393
49294580858	1685297
49351700858	2640983
49408820858	1600712
49465940858	2282036
49523060858	1945103
49580180858	2369254
49637300858	2037235
49694420858	2003842
49751540858	1527145
49808660858	1638769
49865780858	1534205
49922900858	2762098
49980020858	2516511
50042084208	2047842
50105204208	2363041
50168324208	2132432
50231444208	1742594
50294564208	1853912
50357684208	8663663
50420804208	1244606
50483924208	2396634
50547044208	1290654
50610164208	2238338
50673284208	1534376
50736404208	1671061
50799524208	1236565
50862644208	2248377
50925764208	1390005
50988884208	1337139
51047060858	2246813
51104180858	2611698
51161300858	2704156
51218420858	2085954
51275540858	2201544
51332660858	1847741
51389780858	2132713
51446900858	1831673
51504020858	2057356
51561140858	2808183
51618260858	2060314
51675380858	2411452
51732500858	1772416
51789620858	1668458
51846740858	2084376
51903860858	1493739
51960980858	2620053
52021044208	1423377
52084164208	2216868
52147284208	1749239
52210404208	1321109
52273524208	1485295
52336644208	2121686
52399764208	2168512
52462884208	5200827
52526004208	1869207
52589124208	2319740
52652244208	2188737
52715364208	2171188
52778484208	1999470
52841604208	1671470
52904724208	1367282
52967844208	1365289
53028020858	2853832
53085140858	1861171
53142260858	1433921
53199380858	1587823
53256500858	1477868
53313620858	2487874
53370740858	2489600
53427860858	1975210
53484980858	2799142
53542100858	1480828
53599220858	1806190
53656340858	1919197
53713460858	1641575
53770580858	1459569
53827700858	1777553
53884820858	1945594
53941940858	1731310
54000004208	955201
54063124208	2296398
54126244208	1699593
54189364208	1460534
54252484208	1874184
54315604208	1511379
54378724208	2399488
54441844208	1937678
54504964208	2305332
54568084208	4399805
54631204208	1900040
54694324208	2094650
54757444208	1820077
54820564208	1857388
54883684208	1306824
54946804208	2432014
55008980858	1853072
55066100858	2531051
55123220858	2254281
55180340858	1571409
55237460858	2230214
55294580858	2748930
55351700858	1748426
55408820858	1822631
55465940858	1846958
55523060858	2205774
55580180858	2173936
55637300858	2269110
55694420858	2788068
55751540858	1560034
55808660858	1642244
55865780858	2635555
55922900858	2612649
55980020858	2450616
56042084208	2414617
56105204208	8077409
56168324208	1363224
56231444208	1598263
56294564208	1537571
56357684208	1533875
56420804208	1951809
56483924208	1392944
56547044208	1529707
56610164208	2019733
56673284208	3577136
56736404208	1956377
56799524208	1376842
56862644208	1477199
56925764208	1371486
56988884208	2312159
57047060858	2273601
57104180858	1783073
57161300858	2064636
57218420858	1860117
57275540858	2042161
57332660858	2030545
57389780858	2296310
57446900858	2394785
57504020858	2272417
57561140858	2141017
57618260858	1649289
57675380858	1471340
57732500858	1996206
57789620858	2030367
57846740858	2210577
57903860858	1706860
57960980858	1727470
58021044208	2260808
58084164208	1605067
58147284208	1385406
58210404208	6540837
58273524208	2346763
58336644208	1911093
58399764208	2014199
58462884208	1835886
58526004208	2007433
58589124208	1381507
58652244208	1418038
58715364208	2279086
58778484208	2988229
58841604208	1955271
58904724208	1547017
58967844208	1833621
59028020858	2770727
59085140858	2802939
59142260858	2719411
59199380858	2511517
59256500858	2464941
59313620858	1776565
59370740858	1614118
59427860858	1682847
59484980858	1485127
59542100858	2792149
59599220858	2072719
59656340858	2104797
59713460858	2413907
59770580858	2078449
59827700858	2640482
59884820858	2240506
59941940858	2099336
