1332	4679568
42625332	415980
85249332	417219
127873332	319363
170497332	404642
213121332	376880
255745332	385229
298369332	446635
340993332	295227
383617332	456851
426241332	403484
468865332	437530
511489332	408102
554113332	426166
596737332	455431
639361332	478061
681985332	437173
724609332	1075075
767233332	462753
809857332	406429
852481332	380228
895105332	514529
937729332	345333
980353332	418411
1020286332	569790
1057918332	761603
1095550332	370398
1133182332	373366
1170814332	677425
1208446332	550913
1246078332	395472
1283710332	438854
1321342332	441394
1358974332	975145
1396606332	372880
1434238332	484496
1471870332	364694
1509502332	1321016
1547134332	612417
1584766332	425996
1622398332	518484
1660030332	3575782
1697662332	579316
1735294332	592918
1772926332	436582
1810558332	444195
1848190332	632762
1885822332	388051
1923454332	659574
1961086332	554725
2000001332	61283
2042625332	324646
2085249332	361681
2127873332	378324
2170497332	402833
2213121332	321678
2255745332	464884
2298369332	354477
2340993332	513398
2383617332	479799
2426241332	362576
2468865332	435129
2511489332	316591
2554113332	440406
2596737332	392866
2639361332	424057
2681985332	365584
2724609332	436347
2767233332	420731
2809857332	301918
2852481332	368817
2895105332	330011
2937729332	531181
2980353332	440458
3020286332	888452
3057918332	431606
3095550332	598589
3133182332	580031
3170814332	866714
3208446332	539264
3246078332	472613
3283710332	613379
3321342332	2878302
3358974332	431160
3396606332	568437
3434238332	685207
3471870332	478502
3509502332	507850
3547134332	701110
3584766332	636788
3622398332	746204
3660030332	1044289
3697662332	354480
3735294332	501726
3772926332	491151
3810558332	349485
3848190332	683869
3885822332	363080
3923454332	458426
3961086332	663442
4000001332	59320
4042625332	508518
4085249332	313444
4127873332	456136
4170497332	305930
4213121332	404856
4255745332	464714
4298369332	277156
4340993332	269587
4383617332	429723
4426241332	296160
4468865332	440062
4511489332	414146
4554113332	503871
4596737332	402030
4639361332	337988
4681985332	466057
4724609332	346172
4767233332	354831
4809857332	557635
4852481332	492301
4895105332	428349
4937729332	324441
4980353332	1362363
5020286332	610157
5057918332	504279
5095550332	432432
5133182332	1648708
5170814332	565861
5208446332	641847
5246078332	444355
5283710332	459146
5321342332	411164
5358974332	718876
5396606332	381420
5434238332	499524
5471870332	422147
5509502332	716849
5547134332	542731
5584766332	378941
5622398332	671064
5660030332	655218
5697662332	467241
5735294332	491170
5772926332	617778
5810558332	696729
5848190332	554339
5885822332	599734
5923454332	404084
5961086332	421059
6000001332	79453
6042625332	289941
6085249332	354769
6127873332	403573
6170497332	485089
6213121332	285851
6255745332	468190
6298369332	489879
6340993332	363462
6383617332	330793
6426241332	381326
6468865332	464269
6511489332	519098
6554113332	434797
6596737332	547551
6639361332	462213
6681985332	370924
6724609332	257056
6767233332	1111342
6809857332	317152
6852481332	302466
6895105332	377155
6937729332	429366
6980353332	471349
7020286332	680771
7057918332	362204
7095550332	605437
7133182332	647028
7170814332	466914
7208446332	507265
7246078332	608051
7283710332	501269
7321342332	353303
7358974332	750577
7396606332	762523
7434238332	405061
7471870332	618561
7509502332	469703
7547134332	516724
7584766332	722021
7622398332	455509
7660030332	899750
7697662332	576131
7735294332	371135
7772926332	522442
7810558332	432795
7848190332	378640
7885822332	487060
7923454332	502780
7961086332	405203
8000001332	212770
8042625332	311797
8085249332	512320
8127873332	483498
8170497332	263692
8213121332	397621
8255745332	476901
8298369332	389770
8340993332	513360
8383617332	354522
8426241332	418466
8468865332	404959
8511489332	423685
8554113332	3453441
8596737332	499395
8639361332	514943
8681985332	333574
8724609332	412177
8767233332	453917
8809857332	516190
8852481332	356706
8895105332	478568
8937729332	419614
8980353332	279918
9020286332	540543
9057918332	635081
9095550332	537887
9133182332	358778
9170814332	482990
9208446332	446964
9246078332	503315
9283710332	515484
9321342332	600044
9358974332	551410
9396606332	563861
9434238332	462917
9471870332	370515
9509502332	630279
9547134332	676173
9584766332	392148
9622398332	497324
9660030332	742566
9697662332	539082
9735294332	530518
9772926332	679632
9810558332	658944
9848190332	1023673
9885822332	373675
9923454332	399376
9961086332	446234
10000001332	254035
10042625332	307153
10085249332	408781
10127873332	493538
10170497332	1892490
10213121332	385716
10255745332	389866
10298369332	446926
10340993332	444964
10383617332	416631
10426241332	331373
10468865332	291969
10511489332	473812
10554113332	514218
10596737332	368460
10639361332	477564
10681985332	480404
10724609332	463202
10767233332	680514
10809857332	440481
10852481332	445047
10895105332	395055
10937729332	373726
10980353332	338853
11020286332	455236
11057918332	454516
11095550332	398841
11133182332	484796
11170814332	555234
11208446332	567759
11246078332	477599
11283710332	402169
11321342332	370667
11358974332	672273
11396606332	487720
11434238332	580462
11471870332	538390
11509502332	1019645
11547134332	631514
11584766332	468017
11622398332	733832
11660030332	910400
11697662332	679315
11735294332	383593
11772926332	382964
11810558332	2648700
11848190332	579768
11885822332	657015
11923454332	571424
11961086332	624075
12000001332	141688
12042625332	389135
12085249332	368426
12127873332	350411
12170497332	306704
12213121332	360847
12255745332	451213
12298369332	395571
12340993332	366040
12383617332	324133
12426241332	368896
12468865332	358040
12511489332	429393
12554113332	299533
12596737332	485393
12639361332	347641
12681985332	416247
12724609332	412354
12767233332	848915
12809857332	421821
12852481332	266734
12895105332	361597
12937729332	435677
12980353332	419743
13020286332	626001
13057918332	617900
13095550332	506879
13133182332	683846
13170814332	1009911
13208446332	523421
13246078332	628951
13283710332	420615
13321342332	658899
13358974332	642957
13396606332	652339
13434238332	409817
13471870332	2404302
13509502332	450745
13547134332	540404
13584766332	625086
13622398332	1588063
13660030332	675437
13697662332	367803
13735294332	495065
13772926332	374841
13810558332	636710
13848190332	678607
13885822332	714823
13923454332	685966
13961086332	506625
14000001332	71319
14042625332	474864
14085249332	483640
14127873332	362145
14170497332	326816
14213121332	344912
14255745332	302787
14298369332	362117
14340993332	487525
14383617332	311847
14426241332	527670
14468865332	363161
14511489332	296626
14554113332	381318
14596737332	498452
14639361332	364679
14681985332	413824
14724609332	366453
14767233332	463157
14809857332	516543
14852481332	438343
14895105332	484508
14937729332	430406
14980353332	493761
15020286332	489578
15057918332	417556
15095550332	741216
15133182332	1983347
15170814332	551925
15208446332	620901
15246078332	486657
15283710332	1079410
15321342332	530069
15358974332	434646
15396606332	377820
15434238332	604109
15471870332	723617
15509502332	679009
15547134332	541940
15584766332	447390
15622398332	703344
15660030332	806413
15697662332	401152
15735294332	476980
15772926332	490058
15810558332	432156
15848190332	691048
15885822332	427187
15923454332	471066
15961086332	401439
16000001332	102449
16042625332	435480
16085249332	314528
16127873332	324391
16170497332	428404
16213121332	284422
16255745332	388048
16298369332	436629
16340993332	264079
16383617332	278387
16426241332	338879
16468865332	297229
16511489332	283338
16554113332	497404
16596737332	265707
16639361332	316939
16681985332	303971
16724609332	445281
16767233332	284791
16809857332	330335
16852481332	478073
16895105332	512862
16937729332	494815
16980353332	355742
17020286332	656459
17057918332	422382
17095550332	3839587
17133182332	447200
17170814332	511095
17208446332	577213
17246078332	652704
17283710332	691884
17321342332	568895
17358974332	543453
17396606332	629134
17434238332	498819
17471870332	587491
17509502332	608366
17547134332	418301
17584766332	4566733
17622398332	1228492
17660030332	831573
17697662332	459008
17735294332	660254
17772926332	382524
17810558332	712927
17848190332	723026
17885822332	502964
17923454332	627752
17961086332	648243
18000001332	152127
18042625332	524078
18085249332	531648
18127873332	407178
18170497332	498439
18213121332	486619
18255745332	449756
18298369332	310498
18340993332	286486
18383617332	309698
18426241332	499117
18468865332	390475
18511489332	478164
18554113332	461668
18596737332	403392
18639361332	358747
18681985332	428641
18724609332	2040659
18767233332	343994
18809857332	322915
18852481332	451679
18895105332	274433
18937729332	320095
18980353332	492059
19020286332	447095
19057918332	464033
19095550332	777281
19133182332	470773
19170814332	596057
19208446332	386161
19246078332	582855
19283710332	641858
19321342332	488471
19358974332	689436
19396606332	439365
19434238332	539509
19471870332	477491
19509502332	659164
19547134332	460924
19584766332	744365
19622398332	710664
19660030332	1202586
19697662332	534447
19735294332	510612
19772926332	625135
19810558332	620105
19848190332	454019
19885822332	454097
19923454332	427188
19961086332	514121
20000001332	4432189
20042625332	571874
20085249332	523938
20127873332	559790
20170497332	491437
20213121332	335111
20255745332	406498
20298369332	336027
20340993332	1907457
20383617332	343279
20426241332	304661
20468865332	340358
20511489332	820824
20554113332	415535
20596737332	312828
20639361332	352691
20681985332	324808
20724609332	263365
20767233332	368147
20809857332	302765
20852481332	494165
20895105332	330744
20937729332	454845
20980353332	386424
21020286332	699138
21057918332	651999
21095550332	646642
21133182332	382818
21170814332	610496
21208446332	392879
21246078332	524720
21283710332	447928
21321342332	557322
21358974332	662818
21396606332	553406
21434238332	624488
21471870332	770419
21509502332	601392
21547134332	500019
21584766332	638153
21622398332	494181
21660030332	1140276
21697662332	762362
21735294332	463534
21772926332	556314
21810558332	701208
21848190332	491982
21885822332	404960
21923454332	618383
21961086332	2431435
22000001332	138250
22042625332	286815
22085249332	340904
22127873332	1184726
22170497332	343731
22213121332	414255
22255745332	384344
22298369332	316847
22340993332	484339
22383617332	284929
22426241332	518912
22468865332	409213
22511489332	518997
22554113332	334635
22596737332	273951
22639361332	485243
22681985332	505064
22724609332	438057
22767233332	370412
22809857332	424471
22852481332	387914
22895105332	275627
22937729332	391304
22980353332	281026
23020286332	429913
23057918332	572142
23095550332	472208
23133182332	700854
23170814332	397286
23208446332	725595
23246078332	473581
23283710332	412452
23321342332	727727
23358974332	487802
23396606332	700873
23434238332	668134
23471870332	523837
23509502332	761856
23547134332	772590
23584766332	534437
23622398332	1704762
23660030332	858254
23697662332	565183
23735294332	547087
23772926332	1701322
23810558332	602484
23848190332	378937
23885822332	747392
23923454332	524702
23961086332	452872
24000001332	73091
24042625332	364721
24085249332	301837
24127873332	261037
24170497332	401042
24213121332	266908
24255745332	480655
24298369332	520765
24340993332	425432
24383617332	290244
24426241332	274770
24468865332	287108
24511489332	491947
24554113332	473363
24596737332	305348
24639361332	316598
24681985332	455234
24724609332	479722
24767233332	449094
24809857332	322457
24852481332	466406
24895105332	464509
24937729332	457262
24980353332	283818
25020286332	750175
25057918332	500647
25095550332	476402
25133182332	468023
25170814332	625418
25208446332	713310
25246078332	386906
25283710332	1725081
25321342332	657217
25358974332	499792
25396606332	723993
25434238332	1294308
25471870332	517199
25509502332	516832
25547134332	706868
25584766332	3591498
25622398332	449248
25660030332	576123
25697662332	451573
25735294332	582302
25772926332	355256
25810558332	741564
25848190332	593151
25885822332	628862
25923454332	371729
25961086332	471030
26000001332	72566
26042625332	451004
26085249332	252959
26127873332	506087
26170497332	525942
26213121332	320922
26255745332	462828
26298369332	356394
26340993332	362923
26383617332	300169
26426241332	389570
26468865332	260246
26511489332	410426
26554113332	508178
26596737332	394045
26639361332	361389
26681985332	436944
26724609332	447489
26767233332	405957
26809857332	463197
26852481332	474070
26895105332	447244
26937729332	267074
26980353332	262801
27020286332	517851
27057918332	653970
27095550332	922910
27133182332	719169
27170814332	496793
27208446332	380753
27246078332	2065762
27283710332	474652
27321342332	498523
27358974332	491910
27396606332	430883
27434238332	759776
27471870332	551223
27509502332	740506
27547134332	565451
27584766332	580795
27622398332	603151
27660030332	976695
27697662332	599464
27735294332	557337
27772926332	487828
27810558332	582279
27848190332	602989
27885822332	468335
27923454332	691506
27961086332	367363
28000001332	65342
28042625332	351726
28085249332	421855
28127873332	321670
28170497332	420496
28213121332	486290
28255745332	366088
28298369332	464482
28340993332	280165
28383617332	495631
28426241332	428530
28468865332	357862
28511489332	270641
28554113332	405986
28596737332	468078
28639361332	506748
28681985332	339580
28724609332	325345
28767233332	444035
28809857332	361344
28852481332	329974
28895105332	1358861
28937729332	319554
28980353332	505826
29020286332	401457
29057918332	1023803
29095550332	391676
29133182332	603887
29170814332	515973
29208446332	391126
29246078332	556481
29283710332	424612
29321342332	428821
29358974332	389939
29396606332	435923
29434238332	568975
29471870332	719078
29509502332	418029
29547134332	424036
29584766332	649047
29622398332	2107764
29660030332	1316443
29697662332	797300
29735294332	763803
29772926332	654681
29810558332	585312
29848190332	498793
29885822332	764541
29923454332	514037
29961086332	582090
30000001332	166573
30042625332	529149
30085249332	333526
30127873332	445885
30170497332	440103
30213121332	360680
30255745332	337059
30298369332	434664
30340993332	399156
30383617332	478125
30426241332	313814
30468865332	357762
30511489332	871961
30554113332	449965
30596737332	384412
30639361332	432432
30681985332	916557
30724609332	403385
30767233332	436788
30809857332	413698
30852481332	393550
30895105332	509979
30937729332	459509
30980353332	337433
31020286332	613759
31057918332	496695
31095550332	415128
31133182332	665157
31170814332	475120
31208446332	693822
31246078332	598405
31283710332	474814
31321342332	799706
31358974332	517630
31396606332	521078
31434238332	763827
31471870332	424020
31509502332	620166
31547134332	501044
31584766332	723543
31622398332	686737
31660030332	683577
31697662332	608777
31735294332	743158
31772926332	786485
31810558332	414192
31848190332	426910
31885822332	678869
31923454332	755381
31961086332	467086
32000001332	58507
32042625332	508920
32085249332	429346
32127873332	535415
32170497332	528225
32213121332	519285
32255745332	258354
32298369332	746656
32340993332	446060
32383617332	354586
32426241332	274055
32468865332	292585
32511489332	438910
32554113332	376351
32596737332	457234
32639361332	336134
32681985332	302288
32724609332	329035
32767233332	446607
32809857332	382544
32852481332	500766
32895105332	398661
32937729332	386113
32980353332	350842
33020286332	622365
33057918332	744870
33095550332	436337
33133182332	526251
33170814332	746065
33208446332	492716
33246078332	589332
33283710332	397967
33321342332	514290
33358974332	688029
33396606332	638487
33434238332	457498
33471870332	544009
33509502332	538007
33547134332	722934
33584766332	557091
33622398332	644112
33660030332	813966
33697662332	399879
33735294332	449424
33772926332	1593079
33810558332	593252
33848190332	668893
33885822332	459490
33923454332	1262491
33961086332	584770
34000001332	73047
34042625332	271543
34085249332	2542083
34127873332	285905
34170497332	411304
34213121332	278172
34255745332	379379
34298369332	503072
34340993332	363641
34383617332	272152
34426241332	252510
34468865332	312840
34511489332	306011
34554113332	452499
34596737332	442795
34639361332	490678
34681985332	393417
34724609332	346785
34767233332	362678
34809857332	327995
34852481332	492625
34895105332	382144
34937729332	252443
34980353332	366107
35020286332	634722
35057918332	752095
35095550332	628654
35133182332	589251
35170814332	444118
35208446332	630696
35246078332	399015
35283710332	771640
35321342332	425102
35358974332	790524
35396606332	507205
35434238332	852591
35471870332	452081
35509502332	417170
35547134332	553972
35584766332	958339
35622398332	494552
35660030332	715084
35697662332	515655
35735294332	3435758
35772926332	788216
35810558332	589517
35848190332	604366
35885822332	535825
35923454332	430934
35961086332	621261
36000001332	142247
36042625332	459766
36085249332	304574
36127873332	263453
36170497332	423403
36213121332	469433
36255745332	309632
36298369332	328494
36340993332	418391
36383617332	386856
36426241332	336069
36468865332	441669
36511489332	348513
36554113332	470730
36596737332	441510
36639361332	490747
36681985332	432957
36724609332	280851
36767233332	286274
36809857332	417550
36852481332	3546601
36895105332	575375
36937729332	444766
36980353332	403434
37020286332	542335
37057918332	390946
37095550332	688568
37133182332	596897
37170814332	756143
37208446332	597879
37246078332	897966
37283710332	453578
37321342332	3688835
37358974332	880856
37396606332	2948604
37434238332	478544
37471870332	737654
37509502332	443130
37547134332	1971605
37584766332	699973
37622398332	690176
37660030332	725878
37697662332	594975
37735294332	542999
37772926332	591523
37810558332	621514
37848190332	521233
37885822332	733319
37923454332	780472
37961086332	432758
38000001332	83667
38042625332	271234
38085249332	287267
38127873332	447550
38170497332	314588
38213121332	304531
38255745332	383489
38298369332	459621
38340993332	431791
38383617332	440166
38426241332	265301
38468865332	429729
38511489332	410797
38554113332	267133
38596737332	327221
38639361332	268783
38681985332	495077
38724609332	415695
38767233332	408293
38809857332	471190
38852481332	255453
38895105332	413201
38937729332	429409
38980353332	453634
39020286332	641473
39057918332	1633110
39095550332	645260
39133182332	650612
39170814332	663890
39208446332	1635478
39246078332	687216
39283710332	643840
39321342332	563481
39358974332	574484
39396606332	764729
39434238332	696903
39471870332	595179
39509502332	575448
39547134332	672513
39584766332	425291
39622398332	639037
39660030332	709026
39697662332	563521
39735294332	415067
39772926332	634232
39810558332	637565
39848190332	372647
39885822332	413376
39923454332	494841
39961086332	677081
