4000	25572564
63004000	45133807
126004000	10247013
189004000	2856340
252004000	2892017
315004000	1815707
378004000	3219640
441004000	2841653
504004000	3523125
567004000	1884721
630004000	2747480
693004000	2112674
756004000	3407362
819004000	3029770
882004000	2828605
945004000	3008230
1007267632	3963584
1064471632	11478338
1121675632	4383413
1178879632	3498010
1236083632	2715506
1293287632	2779306
1350491632	3101631
1407695632	4216747
1464899632	3011130
1522103632	9796747
1579307632	2641384
1636511632	3768314
1693715632	4215187
1750919632	2662774
1808123632	3906283
1865327632	2816146
1922531632	3392600
1979735632	4387709
2041164000	3013322
2104164000	3289685
2167164000	2574799
2230164000	3170261
2293164000	3110542
2356164000	1864613
2419164000	3558265
2482164000	2359607
2545164000	3275701
2608164000	2453873
2671164000	2957832
2734164000	2379176
2797164000	3026711
2860164000	2126632
2923164000	2564465
2986164000	3108445
3044640912	16833147
3101844912	3128296
3159048912	2862213
3216252912	3303919
3273456912	3508626
3330660912	3382096
3387864912	3970191
3445068912	2429723
3502272912	3117009
3559476912	3525884
3616680912	3156620
3673884912	4452764
3731088912	4535555
3788292912	5053879
3845496912	3131907
3902700912	4477971
3959904912	3500795
4019324000	7683155
4082324000	2916455
4145324000	2421247
4208324000	2656144
4271324000	3145233
4334324000	2749766
4397324000	3237501
4460324000	2904753
4523324000	8844978
4586324000	3171268
4649324000	1765325
4712324000	2023115
4775324000	2085139
4838324000	1801014
4901324000	2715398
4964324000	2405910
5024810192	3592065
5082014192	4799268
5139218192	3197747
5196422192	2451547
5253626192	3965872
5310830192	3874826
5368034192	3740979
5425238192	2345597
5482442192	2961010
5539646192	5261882
5596850192	4618222
5654054192	3063253
5711258192	2727374
5768462192	3710495
5825666192	3994447
5882870192	3054733
5940074192	4322780
5997278192	17358571
6060484000	2198027
6123484000	2577375
6186484000	3431257
6249484000	2025858
6312484000	3118092
6375484000	3406321
6438484000	2133063
6501484000	2736729
6564484000	1800302
6627484000	2368175
6690484000	2603140
6753484000	3256938
6816484000	3137917
6879484000	2022227
6942484000	3125748
7004979472	3039314
7062183472	7677400
7119387472	4521352
7176591472	2647611
7233795472	4574697
7290999472	4556914
7348203472	4340776
7405407472	2986523
7462611472	3771167
7519815472	7740146
7577019472	3527965
7634223472	4640353
7691427472	3174825
7748631472	4065224
7805835472	3959473
7863039472	2806282
7920243472	4152704
7977447472	3803798
8038644000	3688733
8101644000	2172654
8164644000	2515750
8227644000	3243883
8290644000	3200148
8353644000	2318918
8416644000	2961101
8479644000	2359505
8542644000	2732481
8605644000	1826048
8668644000	2948856
8731644000	2113513
8794644000	2031119
8857644000	3189707
8920644000	2393856
8983644000	3175782
9042352752	16690592
9099556752	3220517
9156760752	3640413
9213964752	3682318
9271168752	4739655
9328372752	3193035
9385576752	2677741
9442780752	3438062
9499984752	4369953
9557188752	2411609
9614392752	2411093
9671596752	4536665
9728800752	3462208
9786004752	4901143
9843208752	3415748
9900412752	2437456
9957616752	3229212
10016804000	5910455
10079804000	2499444
10142804000	2505719
10205804000	1637284
10268804000	2268639
10331804000	2686716
10394804000	3598717
10457804000	2323890
10520804000	4305270
10583804000	2082555
10646804000	2934735
10709804000	2013591
10772804000	2476386
10835804000	2779177
10898804000	2759870
10961804000	1783739
11022522032	4050682
11079726032	6545323
11136930032	4400849
11194134032	3883309
11251338032	2673801
11308542032	3028979
11365746032	3210429
11422950032	3901890
11480154032	4734452
11537358032	5100097
11594562032	2909988
11651766032	2997464
11708970032	4852168
11766174032	4684930
11823378032	3716844
11880582032	3142081
11937786032	2602570
11994990032	15172096
12057964000	2820403
12120964000	3244738
12183964000	3246477
12246964000	2073244
12309964000	2985927
12372964000	3145547
12435964000	2185413
12498964000	3112227
12561964000	3232592
12624964000	1745237
12687964000	3044080
12750964000	2127302
12813964000	2591156
12876964000	3288780
12939964000	2339159
13002691312	3835736
13059895312	8963618
13117099312	2701172
13174303312	3984588
13231507312	4534479
13288711312	4463806
13345915312	3745690
13403119312	5673276
13460323312	4266073
13517527312	5145322
13574731312	4143223
13631935312	3713385
13689139312	2808521
13746343312	3547938
13803547312	3931815
13860751312	3339260
13917955312	2413903
13975159312	4605705
14036124000	2975779
14099124000	1776111
14162124000	3035730
14225124000	2480223
14288124000	2293471
14351124000	2242985
14414124000	2230664
14477124000	2416599
14540124000	2952369
14603124000	3234671
14666124000	3376408
14729124000	2973363
14792124000	3028325
14855124000	3178592
14918124000	3358565
14981124000	3426264
15040064592	6268352338
15097268592	6211148338
15154472592	6153944338
15211676592	6096740338
15268880592	6039536338
15326084592	5982332338
15383288592	5925128338
15440492592	5867924338
15497696592	5810720338
15554900592	5753516338
15612104592	5696312338
15669308592	5639108338
15726512592	5581904338
15783716592	5524700338
15840920592	5467496338
15898124592	5410292338
15955328592	5353088338
16014284000	5294132930
16077284000	5231132930
16140284000	5168132930
16203284000	5105132930
16266284000	5042132930
16329284000	4979132930
16392284000	4916132930
16455284000	4853132930
16518284000	4790132930
16581284000	4727132930
16644284000	4664132930
16707284000	4601132930
16770284000	4538132930
16833284000	4475132930
16896284000	4412132930
16959284000	4349132930
17020233872	4288183058
17077437872	4230979058
17134641872	4173775058
17191845872	4116571058
17249049872	4059367058
17306253872	4002163058
17363457872	3944959058
17420661872	3887755058
17477865872	3830551058
17535069872	3773347058
17592273872	3716143058
17649477872	3658939058
17706681872	3601735058
17763885872	3544531058
17821089872	3487327058
17878293872	3430123058
17935497872	3372919058
17992701872	3315715058
18055444000	3252972930
18118444000	3189972930
18181444000	3126972930
18244444000	3063972930
18307444000	3000972930
18370444000	2937972930
18433444000	2874972930
18496444000	2811972930
18559444000	2748972930
18622444000	2685972930
18685444000	2622972930
18748444000	2559972930
18811444000	2496972930
18874444000	2433972930
18937444000	2370972930
19000403152	2308013778
19057607152	2250809778
19114811152	2193605778
19172015152	2136401778
19229219152	2079197778
19286423152	2021993778
19343627152	1964789778
19400831152	1907585778
19458035152	1850381778
19515239152	1793177778
19572443152	1735973778
19629647152	2640100343
19686851152	2582896343
19744055152	2525692343
19801259152	2468488343
19858463152	2411284343
19915667152	2354080343
19972871152	2296876343
20033604000	2236143495
20096604000	2173143495
20159604000	2110143495
20222604000	2047143495
20285604000	1984143495
20348604000	1921143495
20411604000	1858143495
20474604000	1795143495
20537604000	1732143495
20600604000	1669143495
20663604000	1606143495
20726604000	1543143495
20789604000	1480143495
20852604000	1417143495
20915604000	1354143495
20978604000	1291143495
21037776432	1231971063
21094980432	1174767063
21152184432	1117563063
21209388432	1060359063
21266592432	1003155063
21323796432	945951063
21381000432	1429032843
21438204432	1371828843
21495408432	1314624843
21552612432	1257420843
21609816432	1200216843
21667020432	1143012843
21724224432	1085808843
21781428432	1028604843
21838632432	971400843
21895836432	914196843
21953040432	856992843
22011764000	798269275
22074764000	735269275
22137764000	672269275
22200764000	609269275
22263764000	546269275
22326764000	780822294
22389764000	717822294
22452764000	654822294
22515764000	591822294
22578764000	528822294
22641764000	465822294
22704764000	402822294
22767764000	339822294
22830764000	456410701
22893764000	393410701
22956764000	330410701
23017945712	269228989
23075149712	212024989
23132353712	270474616
23189557712	213270616
23246761712	156066616
23303965712	167627399
23361169712	110423399
23418373712	94861400
23475577712	66723831
23532781712	29447664
23589985712	4779286
23647189712	3259136
23704393712	2542681
23761597712	1948549
23818801712	1872925
23876005712	2482735
23933209712	3425277
23990413712	3914272
24052924000	2622436
24115924000	2474006
24178924000	2404304
24241924000	1994639
24304924000	2325394
24367924000	1864948
24430924000	2175800
24493924000	2806263
24556924000	2160963
24619924000	2049559
24682924000	1643330
24745924000	2337434
24808924000	2745446
24871924000	2539076
24934924000	1859485
24997924000	1722929
25055318992	1950021
25112522992	2889414
25169726992	2345866
25226930992	2947981
25284134992	3995830
25341338992	2905325
25398542992	1896367
25455746992	3078127
25512950992	2955692
25570154992	1903170
25627358992	3104408
25684562992	1808138
25741766992	2661434
25798970992	2843570
25856174992	2032095
25913378992	2866294
25970582992	9478737
26031084000	2197071
26094084000	1594321
26157084000	2403440
26220084000	2356363
26283084000	2153741
26346084000	1967842
26409084000	1691795
26472084000	2811949
26535084000	1927137
26598084000	2965733
26661084000	2646521
26724084000	2567099
26787084000	2401691
26850084000	1927364
26913084000	1767670
26976084000	2769202
27035488272	2811778
27092692272	3320822
27149896272	2849374
27207100272	1829753
27264304272	2858787
27321508272	2155955
27378712272	3043489
27435916272	2952044
27493120272	3721868
27550324272	2446290
27607528272	1957082
27664732272	2144044
27721936272	3247887
27779140272	3210570
27836344272	2901880
27893548272	2459050
27950752272	2559462
28009244000	2683547
28072244000	2333393
28135244000	2880664
28198244000	2291502
28261244000	2761502
28324244000	1866399
28387244000	2852622
28450244000	1726994
28513244000	2181263
28576244000	2195378
28639244000	2069779
28702244000	1770171
28765244000	2318361
28828244000	2359768
28891244000	2103220
28954244000	1656504
29015657552	4935542
29072861552	3483439
29130065552	1584730
29187269552	3102227
29244473552	2762435
29301677552	2961366
29358881552	3008759
29416085552	1701974
29473289552	4507913
29530493552	1976339
29587697552	1754996
29644901552	3192020
29702105552	2677370
29759309552	3335768
29816513552	2031073
29873717552	2323984
29930921552	3321005
29988125552	2247956
30050404000	3603428277
30113404000	3540428277
30176404000	3477428277
30239404000	3414428277
30302404000	3351428277
30365404000	3288428277
30428404000	3225428277
30491404000	3162428277
30554404000	3099428277
30617404000	3036428277
30680404000	2973428277
30743404000	2910428277
30806404000	2847428277
30869404000	2784428277
30932404000	2721428277
30995404000	2658428277
31053030832	2600801445
31110234832	2543597445
31167438832	2486393445
31224642832	2429189445
31281846832	2371985445
31339050832	2314781445
31396254832	2257577445
31453458832	2200373445
31510662832	2143169445
31567866832	2085965445
31625070832	2028761445
31682274832	1971557445
31739478832	1914353445
31796682832	1857149445
31853886832	1799945445
31911090832	1742741445
31968294832	1685537445
32028564000	1625268277
32091564000	1562268277
32154564000	1499268277
32217564000	1436268277
32280564000	1373268277
32343564000	1310268277
32406564000	1247268277
32469564000	1184268277
32532564000	1121268277
32595564000	1058268277
32658564000	1606188041
32721564000	1543188041
32784564000	1480188041
32847564000	1417188041
32910564000	1354188041
32973564000	1291188041
33033200112	1231551929
33090404112	1174347929
33147608112	1117143929
33204812112	1059939929
33262016112	1002735929
33319220112	945531929
33376424112	888327929
33433628112	831123929
33490832112	773919929
33548036112	716715929
33605240112	659511929
33662444112	602307929
33719648112	893588230
33776852112	836384230
33834056112	779180230
33891260112	721976230
33948464112	664772230
34006724000	606512342
34069724000	543512342
34132724000	480512342
34195724000	417512342
34258724000	354512342
34321724000	490026447
34384724000	427026447
34447724000	364026447
34510724000	301026447
34573724000	238026447
34636724000	286929821
34699724000	223929821
34762724000	160929821
34825724000	159711247
34888724000	96711247
34951724000	69044279
35013369392	40309648
35070573392	21585660
35127777392	5311678
35184981392	3759822
35242185392	4236809
35299389392	3912548
35356593392	3588352
35413797392	2565563
35471001392	8184480
35528205392	3470497
35585409392	3427763
35642613392	4883032
35699817392	3879511
35757021392	4697030
35814225392	4557546
35871429392	4182769
35928633392	3482009
35985837392	7046249
36047884000	3326054
36110884000	2402229
36173884000	3208633
36236884000	1931780
36299884000	2646356
36362884000	3227597
36425884000	2865958
36488884000	3289847
36551884000	3298486
36614884000	3274581
36677884000	3187516
36740884000	1887699
36803884000	2861300
36866884000	3026687
36929884000	1873075
36992884000	10998853
37050742672	3555904
37107946672	3855520
37165150672	4641832
37222354672	2741677
37279558672	3349756
37336762672	3011263
37393966672	3992118
37451170672	3075655
37508374672	3253920
37565578672	3873842
37622782672	2668556
37679986672	4960975
37737190672	4415082
37794394672	4759043
37851598672	2758996
37908802672	4481076
37966006672	10931606
38026044000	1934489
38089044000	3529030
38152044000	2696397
38215044000	2860958
38278044000	2397218
38341044000	2861521
38404044000	2891324
38467044000	6325435
38530044000	1901848
38593044000	3117412
38656044000	3179319
38719044000	3104453
38782044000	2062102
38845044000	3853754
38908044000	2210272
38971044000	3280270
39030911952	5297302
39088115952	4903724
39145319952	2752074
39202523952	4760503
39259727952	3861337
39316931952	3592222
39374135952	2991994
39431339952	3033961
39488543952	4625461
39545747952	3678333
39602951952	3968031
39660155952	2504134
39717359952	3659287
39774563952	4448917
39831767952	3914259
39888971952	3330712
39946175952	13806711
40004204000	2524481
40067204000	3337588
40130204000	3759862
40193204000	2374490
40256204000	2132416
40319204000	3192388
40382204000	3660033
40445204000	3707722
40508204000	2289729
40571204000	2712587
40634204000	3150323
40697204000	2671253
40760204000	2329153
40823204000	2038347
40886204000	2885783
40949204000	2958180
41011081232	3849219
41068285232	4480533
41125489232	3920807
41182693232	3275234
41239897232	3083649
41297101232	4569428
41354305232	3993149
41411509232	3725471
41468713232	7966688
41525917232	2926528
41583121232	4327132
41640325232	2548355
41697529232	4746570
41754733232	4769339
41811937232	2898478
41869141232	4792120
41926345232	4492469
41983549232	4337419
42045364000	2433153
42108364000	2528382
42171364000	2172948
42234364000	2862446
42297364000	3452428
42360364000	2555556
42423364000	2053253
42486364000	2044023
42549364000	2692294
42612364000	3160179
42675364000	3247898
42738364000	3585258
42801364000	2460189
42864364000	2659370
42927364000	3584946
42990364000	9033801
43048454512	4113734
43105658512	3801501
43162862512	3671522
43220066512	3103686
43277270512	4862675
43334474512	2511559
43391678512	3583001
43448882512	2818153
43506086512	3089873
43563290512	3188799
43620494512	2742876
43677698512	4142014
43734902512	3356589
43792106512	3652827
43849310512	3068334
43906514512	4908224
43963718512	7459882
44023524000	2768478
44086524000	2961458
44149524000	3262650
44212524000	2011620
44275524000	3293156
44338524000	2108787
44401524000	3343171
44464524000	2726288
44527524000	2332693
44590524000	3369170
44653524000	2175048
44716524000	2558401
44779524000	2239162
44842524000	2819056
44905524000	2649856
44968524000	7561962
45028623792	110887897
45085827792	53683897
45143031792	140391763
45200235792	83187763
45257439792	135060027
45314643792	132648049
45371847792	75444049
45429051792	127562471
45486255792	130562094
45543459792	73358094
45600663792	126899590
45657867792	125501646
45715071792	68297646
45772275792	122538502
45829479792	119925782
45886683792	62721782
45943887792	109077454
46001684000	102862483
46064684000	141604670
46127684000	120993511
46190684000	57993511
46253684000	119759653
46316684000	56759653
46379684000	126531539
46442684000	63531539
46505684000	89526023
46568684000	62027370
46631684000	127961883
46694684000	64961883
46757684000	88700414
46820684000	60620903
46883684000	125229333
46946684000	62229333
47008793072	95239366
47065997072	81448889
47123201072	126395947
47180405072	114647750
47237609072	57443750
47294813072	93634325
47352017072	78230280
47409221072	122690310
47466425072	116093394
47523629072	58889394
47580833072	98227799
47638037072	84515259
47695241072	128190808
47752445072	114923981
47809649072	57719981
47866853072	92789810
47924057072	81404898
47981261072	126409962
48042844000	103103182
48105844000	40103182
48168844000	106870289
48231844000	43870289
48294844000	104779105
48357844000	41779105
48420844000	92520454
48483844000	119657222
48546844000	89095780
48609844000	104056630
48672844000	69512622
48735844000	94150950
48798844000	63437385
48861844000	80106936
48924844000	46700169
48987844000	123410726
49046166352	65088374
49103370352	99224657
49160574352	81605199
49217778352	123924369
49274982352	108843104
49332186352	51639104
49389390352	32921310
49446594352	9999037
49503798352	2718492
49561002352	2836590
49618206352	2364094
49675410352	2084904
49732614352	2367183
49789818352	2603649
49847022352	3085786
49904226352	2907088
49961430352	2886472
50021004000	1857777
50084004000	2597318
50147004000	2243858
50210004000	2512879
50273004000	1816418
50336004000	1661944
50399004000	1535395
50462004000	2402679
50525004000	2247735
50588004000	2701883
50651004000	1979740
50714004000	2865403
50777004000	2661382
50840004000	2488362
50903004000	1825942
50966004000	9734093
51026335632	1740668
51083539632	3169220
51140743632	2328517
51197947632	2782661
51255151632	3203137
51312355632	3031225
51369559632	1736270
51426763632	2038773
51483967632	3080994
51541171632	1997105
51598375632	2185658
51655579632	2032006
51712783632	2308814
51769987632	3243403
51827191632	2516582
51884395632	2704889
51941599632	4010189
51998803632	1763362
52062164000	2285148
52125164000	2277656
52188164000	1774397
52251164000	2734229
52314164000	2848875
52377164000	2265366
52440164000	2540084
52503164000	2472546
52566164000	2549828
52629164000	1600701
52692164000	2888073
52755164000	2748904
52818164000	2899935
52881164000	2576984
52944164000	2377182
53006504912	1713579
53063708912	2358774
53120912912	2483893
53178116912	1759966
53235320912	2100664
53292524912	3373616
53349728912	2223312
53406932912	2178095
53464136912	3052482
53521340912	3137756
53578544912	1765525
53635748912	1866084
53692952912	2370989
53750156912	3197577
53807360912	2529445
53864564912	2889116
53921768912	11048172
53978972912	2798869
54040324000	1548659
54103324000	2863467
54166324000	2572619
54229324000	2403874
54292324000	2782136
54355324000	2351283
54418324000	1900465
54481324000	1975844
54544324000	1610539
54607324000	2494638
54670324000	2165753
54733324000	1510752
54796324000	2567659
54859324000	2719776
54922324000	2212857
54985324000	1788503
55043878192	2452391
55101082192	2747462
55158286192	1917866
55215490192	3132148
55272694192	2226576
55329898192	2496933
55387102192	2807085
55444306192	2652142
55501510192	1991218
55558714192	1949700
55615918192	1737956
55673122192	2065424
55730326192	2864752
55787530192	1862799
55844734192	2065110
55901938192	2714475
55959142192	2927121
56018484000	2050837
56081484000	1489862
56144484000	2670243
56207484000	1837639
56270484000	1438697
56333484000	2289624
56396484000	2178731
56459484000	1587730
56522484000	2084715
56585484000	1772098
56648484000	1838531
56711484000	2753011
56774484000	2281448
56837484000	2063010
56900484000	2594093
56963484000	3635774
57024047472	3160727
57081251472	1892963
57138455472	1937526
57195659472	1914310
57252863472	2174851
57310067472	1986854
57367271472	1610073
57424475472	3147998
57481679472	2588881
57538883472	1916586
57596087472	2115474
57653291472	1906445
57710495472	2123933
57767699472	2523062
57824903472	1700524
57882107472	3152514
57939311472	2833992
57996515472	1937422
58059644000	2134643
58122644000	1545004
58185644000	2767427
58248644000	2302880
58311644000	2130020
58374644000	1715141
58437644000	2398610
58500644000	1736237
58563644000	1425304
58626644000	1878715
58689644000	1597365
58752644000	2472163
58815644000	2634969
58878644000	2050820
58941644000	8929471
59004216752	2135325
59061420752	2565768
59118624752	3190374
59175828752	2327291
59233032752	2988219
59290236752	2535354
59347440752	3009443
59404644752	2081620
59461848752	3106152
59519052752	1748116
59576256752	1712479
59633460752	2141607
59690664752	2156805
59747868752	2213341
59805072752	2781130
59862276752	2861739
59919480752	6761248
