3808	20068669
62835808	33543252
125667808	6233819
188499808	2866605
251331808	2645511
314163808	3226090
376995808	3303941
439827808	2469621
502659808	11756577
565491808	2198542
628323808	3106158
691155808	2860276
753987808	3160156
816819808	3158683
879651808	3686765
942483808	3440741
1004846794	17229995
1062134794	7225747
1119422794	4918708
1176710794	4796671
1233998794	4103758
1291286794	5348667
1348574794	4013814
1405862794	3454078
1463150794	8661070
1520438794	5374594
1577726794	4229710
1635014794	2911030
1692302794	5571373
1749590794	3448090
1806878794	3561323
1864166794	4585603
1921454794	16903013
1978742794	4586273
2039517520	2227899
2102349520	3606993
2165181520	2513252
2228013520	2698623
2290845520	2424622
2353677520	3079763
2416509520	4301827
2479341520	2545535
2542173520	2935780
2605005520	3415663
2667837520	3238658
2730669520	2460887
2793501520	3423611
2856333520	2707583
2919165520	7787711
2981997520	2525842
3040874002	3069973
3098162002	5587828
3155450002	4424425
3212738002	3463389
3270026002	5312029
3327314002	2694013
3384602002	8134013
3441890002	3012663
3499178002	3034483
3556466002	2987892
3613754002	3994446
3671042002	3484650
3728330002	4462597
3785618002	4615555
3842906002	9903799
3900194002	5952272
3957482002	4596790
4016199232	3396356
4079031232	2857366
4141863232	1944082
4204695232	2829479
4267527232	2971414
4330359232	3035648
4393191232	3399773
4456023232	3202953
4518855232	2358573
4581687232	3118826
4644519232	3668443
4707351232	2248210
4770183232	3219812
4833015232	6234784
4895847232	3174832
4958679232	2486024
5019613210	5056124
5076901210	3324150
5134189210	3822651
5191477210	3677740
5248765210	4725376
5306053210	4238634
5363341210	3613629
5420629210	3866875
5477917210	3120511
5535205210	4330779
5592493210	5454256
5649781210	2972898
5707069210	5566755
5764357210	7817386
5821645210	3708472
5878933210	4564086
5936221210	4847653
5993509210	3714047
6055712944	3233828
6118544944	3610537
6181376944	2796325
6244208944	2485342
6307040944	2016060
6369872944	2160010
6432704944	3714519
6495536944	3553693
6558368944	2497857
6621200944	3614238
6684032944	2910831
6746864944	4965642
6809696944	2997217
6872528944	2369254
6935360944	3461599
6998192944	3702962
7055640418	2852138
7112928418	3227888
7170216418	3737343
7227504418	4117438
7284792418	4731497
7342080418	5055304
7399368418	2839293
7456656418	5054183
7513944418	3584804
7571232418	3024981
7628520418	4238980
7685808418	9419453
7743096418	4962967
7800384418	5463075
7857672418	3177157
7914960418	2605099
7972248418	5091339
8032394656	3643635
8095226656	4855655
8158058656	3391290
8220890656	3176431
8283722656	3499163
8346554656	3116837
8409386656	2017464
8472218656	3313506
8535050656	3859650
8597882656	6572807
8660714656	2171589
8723546656	3159354
8786378656	3420635
8849210656	2557494
8912042656	2342574
8974874656	1982603
9034379626	4767462
9091667626	8813240
9148955626	5601168
9206243626	5214905
9263531626	4543726
9320819626	5278631
9378107626	4791554
9435395626	6382368
9492683626	4715310
9549971626	19246045
9607259626	7975560
9664547626	3853671
9721835626	2867965
9779123626	5246622
9836411626	5404850
9893699626	5184196
9950987626	3076513
10009076368	6164086
10071908368	2073353
10134740368	3243830
10197572368	2860295
10260404368	3640560
10323236368	3510220
10386068368	3112677
10448900368	2653227
10511732368	12475418
10574564368	2830081
10637396368	3481676
10700228368	3696915
10763060368	3492035
10825892368	2298365
10888724368	3535465
10951556368	2411118
11013118834	9492240
11070406834	4952946
11127694834	3923703
11184982834	4829029
11242270834	3282897
11299558834	5150794
11356846834	4595526
11414134834	4026233
11471422834	13092125
11528710834	4089709
11585998834	3627390
11643286834	3342187
11700574834	4733435
11757862834	4906393
11815150834	4419526
11872438834	3515068
11929726834	7272799
11987014834	4163825
12048590080	3329174
12111422080	2034743
12174254080	2936868
12237086080	3511038
12299918080	2636534
12362750080	2984904
12425582080	8297788
12488414080	2652224
12551246080	2930834
12614078080	1918137
12676910080	2649242
12739742080	3604829
12802574080	3049155
12865406080	3645945
12928238080	2506357
12991070080	2137882
13049146042	4240727
13106434042	3827831
13163722042	2980561
13221010042	2809506
13278298042	4659646
13335586042	5441722
13392874042	10530222
13450162042	4633493
13507450042	5310348
13564738042	4954080
13622026042	4945261
13679314042	4362657
13736602042	3329761
13793890042	4085176
13851178042	4593943
13908466042	5021171
13965754042	3372329
14025271792	3226357
14088103792	2262183
14150935792	3418664
14213767792	3255150
14276599792	2143713
14339431792	4266648
14402263792	2190318
14465095792	3522435
14527927792	3064231
14590759792	2096969
14653591792	3153541
14716423792	2284143
14779255792	2028295
14842087792	2140270
14904919792	2515473
14967751792	3161536
15027885250	6541419323
15085173250	6484131323
15142461250	6426843323
15199749250	6369555323
15257037250	6312267323
15314325250	6254979323
15371613250	6197691323
15428901250	6140403323
15486189250	6083115323
15543477250	6025827323
15600765250	5968539323
15658053250	5911251323
15715341250	5853963323
15772629250	5796675323
15829917250	5739387323
15887205250	5682099323
15944493250	5624811323
16001953504	5567351069
16064785504	5504519069
16127617504	5441687069
16190449504	5378855069
16253281504	5316023069
16316113504	5253191069
16378945504	5190359069
16441777504	5127527069
16504609504	5064695069
16567441504	5001863069
16630273504	4939031069
16693105504	4876199069
16755937504	4813367069
16818769504	4750535069
16881601504	4687703069
16944433504	4624871069
17006624458	4562680115
17063912458	4505392115
17121200458	4448104115
17178488458	4390816115
17235776458	4333528115
17293064458	4276240115
17350352458	4218952115
17407640458	4161664115
17464928458	4104376115
17522216458	4047088115
17579504458	3989800115
17636792458	3932512115
17694080458	3875224115
17751368458	3817936115
17808656458	3760648115
17865944458	3703360115
17923232458	3646072115
17980520458	3588784115
18041467216	3527837357
18104299216	3465005357
18167131216	3402173357
18229963216	3339341357
18292795216	3276509357
18355627216	3213677357
18418459216	3150845357
18481291216	3088013357
18544123216	3025181357
18606955216	2962349357
18669787216	2899517357
18732619216	2836685357
18795451216	2773853357
18858283216	2711021357
18921115216	2648189357
18983947216	2585357357
19042651666	2526652907
19099939666	2469364907
19157227666	2412076907
19214515666	2354788907
19271803666	2297500907
19329091666	2240212907
19386379666	2182924907
19443667666	2125636907
19500955666	2068348907
19558243666	2011060907
19615531666	1953772907
19672819666	1896484907
19730107666	2963086825
19787395666	2905798825
19844683666	2848510825
19901971666	2791222825
19959259666	2733934825
20018148928	2675045563
20080980928	2612213563
20143812928	2549381563
20206644928	2486549563
20269476928	2423717563
20332308928	2360885563
20395140928	2298053563
20457972928	2235221563
20520804928	2172389563
20583636928	2109557563
20646468928	2046725563
20709300928	1983893563
20772132928	1921061563
20834964928	1858229563
20897796928	1795397563
20960628928	1732565563
21021390874	1671803617
21078678874	1614515617
21135966874	1557227617
21193254874	1499939617
21250542874	1442651617
21307830874	1385363617
21365118874	1328075617
21422406874	1270787617
21479694874	1213499617
21536982874	1156211617
21594270874	1098923617
21651558874	1687221015
21708846874	1629933015
21766134874	1572645015
21823422874	1515357015
21880710874	1458069015
21937998874	1400781015
21995286874	1343493015
22057662640	1281117249
22120494640	1218285249
22183326640	1155453249
22246158640	1092621249
22308990640	1029789249
22371822640	966957249
22434654640	904125249
22497486640	841293249
22560318640	778461249
22623150640	715629249
22685982640	652797249
22748814640	996345421
22811646640	933513421
22874478640	870681421
22937310640	807849421
23000130082	745029979
23057418082	687741979
23114706082	630453979
23171994082	573165979
23229282082	515877979
23286570082	458589979
23343858082	401301979
23401146082	611035637
23458434082	553747637
23515722082	496459637
23573010082	439171637
23630298082	381883637
23687586082	324595637
23744874082	267307637
23802162082	379673636
23859450082	322385636
23916738082	265097636
23974026082	207809636
24034344352	244202915
24097176352	181370915
24160008352	118538915
24222840352	108547558
24285672352	78502306
24348504352	36257678
24411336352	4024012
24474168352	1563064
24537000352	2453586
24599832352	1926713
24662664352	2670194
24725496352	2506902
24788328352	2677376
24851160352	1892169
24913992352	2517919
24976824352	2916017
25036157290	2205344
25093445290	2855721
25150733290	2676797
25208021290	3377437
25265309290	3806502
25322597290	3240448
25379885290	3605526
25437173290	1933029
25494461290	2229645
25551749290	2317494
25609037290	2401998
25666325290	3477407
25723613290	12609213
25780901290	2402806
25838189290	3093022
25895477290	1845348
25952765290	3160227
26011026064	2647763
26073858064	2582413
26136690064	1982780
26199522064	5665074
26262354064	2677828
26325186064	2867368
26388018064	2906820
26450850064	2998449
26513682064	2680911
26576514064	1640972
26639346064	1984227
26702178064	11590253
26765010064	1669933
26827842064	2480169
26890674064	2689340
26953506064	2570491
27014896498	1979934
27072184498	2252902
27129472498	2598115
27186760498	4573413
27244048498	2279623
27301336498	3591641
27358624498	2050215
27415912498	2389949
27473200498	2670365
27530488498	3711169
27587776498	2922717
27645064498	10942403
27702352498	2212193
27759640498	3512658
27816928498	3562743
27874216498	2187408
27931504498	2525520
27988792498	1889098
28050539776	2041158
28113371776	2571601
28176203776	1621529
28239035776	2468533
28301867776	2243262
28364699776	3020368
28427531776	2562551
28490363776	1613401
28553195776	1607504
28616027776	3166550
28678859776	2123772
28741691776	2459122
28804523776	2021229
28867355776	2251660
28930187776	2612327
28993019776	2696158
29050923706	3543778
29108211706	3448444
29165499706	2928665
29222787706	2696229
29280075706	2233944
29337363706	2902317
29394651706	3538842
29451939706	1806770
29509227706	2110507
29566515706	6700077
29623803706	3571643
29681091706	2055127
29738379706	2583139
29795667706	3498672
29852955706	2137701
29910243706	1927942
29967531706	2043128
30027221488	3773758553
30090053488	3710926553
30152885488	3648094553
30215717488	3585262553
30278549488	3522430553
30341381488	3459598553
30404213488	3396766553
30467045488	3333934553
30529877488	3271102553
30592709488	3208270553
30655541488	3145438553
30718373488	3082606553
30781205488	3019774553
30844037488	2956942553
30906869488	2894110553
30969701488	2831278553
31029662914	2771317127
31086950914	2714029127
31144238914	2656741127
31201526914	2599453127
31258814914	2542165127
31316102914	2484877127
31373390914	2427589127
31430678914	2370301127
31487966914	2313013127
31545254914	2255725127
31602542914	2198437127
31659830914	2141149127
31717118914	2083861127
31774406914	2026573127
31831694914	1969285127
31888982914	1911997127
31946270914	1854709127
32003903200	1797076841
32066735200	1734244841
32129567200	1671412841
32192399200	1608580841
32255231200	1545748841
32318063200	1482916841
32380895200	1420084841
32443727200	1357252841
32506559200	1294420841
32569391200	1231588841
32632223200	1168756841
32695055200	1830956213
32757887200	1768124213
32820719200	1705292213
32883551200	1642460213
32946383200	1579628213
33008402122	1517609291
33065690122	1460321291
33122978122	1403033291
33180266122	1345745291
33237554122	1288457291
33294842122	1231169291
33352130122	1173881291
33409418122	1116593291
33466706122	1059305291
33523994122	1002017291
33581282122	944729291
33638570122	887441291
33695858122	830153291
33753146122	772865291
33810434122	715577291
33867722122	1087863040
33925010122	1030575040
33982298122	973287040
34043416912	912168250
34106248912	849336250
34169080912	786504250
34231912912	723672250
34294744912	660840250
34357576912	598008250
34420408912	535176250
34483240912	472344250
34546072912	673316132
34608904912	610484132
34671736912	547652132
34734568912	484820132
34797400912	421988132
34860232912	359156132
34923064912	296324132
34985896912	412514016
35044429330	353981598
35101717330	296693598
35159005330	239405598
35216293330	182117598
35273581330	252346369
35330869330	195058369
35388157330	137770369
35445445330	171219430
35502733330	113931430
35560021330	117966465
35617309330	102996792
35674597330	45708792
35731885330	45633121
35789173330	23575977
35846461330	11958781
35903749330	3280348
35961037330	5548860
36020098624	3945790
36082930624	2447208
36145762624	2897122
36208594624	12233376
36271426624	2225685
36334258624	2851603
36397090624	3497107
36459922624	3476144
36522754624	3236033
36585586624	2115070
36648418624	3499889
36711250624	3682803
36774082624	3053950
36836914624	2966835
36899746624	2717895
36962578624	3110105
37023168538	3222506
37080456538	3018487
37137744538	4136444
37195032538	16250745
37252320538	4743439
37309608538	3413266
37366896538	4161821
37424184538	3861097
37481472538	2943599
37538760538	5403517
37596048538	5875811
37653336538	8252308
37710624538	3374158
37767912538	3400513
37825200538	4403577
37882488538	5119935
37939776538	5289473
37997064538	5581966
38059612336	2048556
38122444336	5927803
38185276336	3184498
38248108336	2117968
38310940336	2757361
38373772336	2898819
38436604336	3139656
38499436336	2584092
38562268336	2899526
38625100336	3769748
38687932336	3645192
38750764336	4000190
38813596336	3753595
38876428336	2483216
38939260336	2428938
39001907746	4471249
39059195746	3822291
39116483746	11740517
39173771746	4162794
39231059746	3024505
39288347746	4888821
39345635746	4705278
39402923746	5236135
39460211746	5620300
39517499746	4012618
39574787746	7858774
39632075746	3428641
39689363746	4923162
39746651746	4616198
39803939746	3982806
39861227746	4211335
39918515746	3781013
39975803746	3284101
40036294048	3757657
40099126048	2137483
40161958048	3602031
40224790048	3478238
40287622048	2380695
40350454048	2821663
40413286048	3991268
40476118048	2682435
40538950048	3673823
40601782048	3651696
40664614048	3934217
40727446048	2232999
40790278048	3496782
40853110048	3653963
40915942048	3462905
40978774048	3417664
41037934954	7075997
41095222954	4823772
41152510954	4352364
41209798954	4622806
41267086954	3306143
41324374954	3409845
41381662954	5300356
41438950954	2820068
41496238954	4132131
41553526954	4859911
41610814954	4824119
41668102954	5152624
41725390954	5671226
41782678954	4754403
41839966954	5354827
41897254954	5159857
41954542954	5281119
42012975760	3155659
42075807760	3303997
42138639760	2954816
42201471760	2405514
42264303760	2320607
42327135760	2568332
42389967760	2605822
42452799760	4016010
42515631760	2127797
42578463760	2826362
42641295760	3764292
42704127760	3670757
42766959760	3104007
42829791760	3793600
42892623760	17045832
42955455760	3911801
43016674162	4596088
43073962162	4810850
43131250162	3035214
43188538162	3471104
43245826162	3749871
43303114162	3589206
43360402162	8896227
43417690162	4576088
43474978162	5504812
43532266162	3345056
43589554162	3293065
43646842162	4212055
43704130162	3739512
43761418162	5212140
43818706162	22080604
43875994162	5417044
43933282162	3869828
43990570162	4133094
44052489472	2984048
44115321472	2648996
44178153472	3532896
44240985472	2845818
44303817472	4667946
44366649472	2458866
44429481472	3749497
44492313472	3086123
44555145472	3063451
44617977472	2850884
44680809472	2606501
44743641472	2170171
44806473472	8396619
44869305472	3814304
44932137472	4049279
44994969472	3196877
45052701370	80275422
45109989370	133127552
45167277370	135021309
45224565370	77733309
45281853370	133488307
45339141370	140457810
45396429370	83169810
45453717370	139602486
45511005370	144336229
45568293370	87048229
45625581370	147194515
45682869370	158560558
45740157370	101272558
45797445370	163649017
45854733370	170747687
45912021370	113459687
45969309370	158811418
46029171184	146210898
46092003184	83378898
46154835184	114668750
46217667184	98025972
46280499184	138373514
46343331184	120266342
46406163184	57434342
46468995184	123866011
46531827184	61034011
46594659184	135586729
46657491184	72754729
46720323184	108893060
46783155184	89154689
46845987184	124549343
46908819184	103152681
46971651184	134044732
47031440578	119774078
47088728578	62486078
47146016578	111474581
47203304578	109500049
47260592578	154292371
47317880578	146943104
47375168578	89655104
47432456578	139371552
47489744578	133412316
47547032578	76124316
47604320578	116171161
47661608578	114168108
47718896578	56880108
47776184578	112190780
47833472578	108432709
47890760578	151176959
47948048578	137516365
48005852896	79712047
48068684896	110133565
48131516896	88796445
48194348896	122256436
48257180896	97613360
48320012896	128821895
48382844896	103008681
48445676896	40176681
48508508896	95992299
48571340896	128934476
48634172896	110223676
48697004896	47391676
48759836896	104835832
48822668896	42003832
48885500896	105939511
48948332896	43107511
49010179786	105601842
49067467786	48313842
49124755786	148755020
49182043786	91467020
49239331786	131595057
49296619786	120143140
49353907786	62855140
49411195786	111274080
49468483786	102640874
49525771786	149445482
49583059786	144854926
49640347786	87566926
49697635786	61679650
49754923786	23783528
49812211786	5237403
49869499786	2860729
49926787786	2516242
49984075786	2028936
50045366608	2184698
50108198608	2778719
50171030608	2566278
50233862608	2982039
50296694608	2637447
50359526608	3107604
50422358608	1838236
50485190608	2096110
50548022608	1742119
50610854608	2730514
50673686608	2752134
50736518608	1956997
50799350608	1907266
50862182608	2742216
50925014608	2911924
50987846608	3485964
51046206994	3120061
51103494994	2345525
51160782994	3277803
51218070994	2045399
51275358994	2232142
51332646994	3194165
51389934994	2054973
51447222994	13388394
51504510994	2134498
51561798994	2612164
51619086994	2904724
51676374994	3321109
51733662994	1980897
51790950994	2588278
51848238994	3109428
51905526994	6105349
51962814994	2073504
52022048320	1905918
52084880320	2464271
52147712320	2870429
52210544320	1500370
52273376320	1508637
52336208320	2796770
52399040320	10140371
52461872320	2189496
52524704320	2296164
52587536320	1536180
52650368320	1717387
52713200320	1940089
52776032320	2825191
52838864320	1506189
52901696320	3669394
52964528320	1617254
53024946202	1883340
53082234202	3031844
53139522202	3220640
53196810202	3320803
53254098202	2787763
53311386202	2785249
53368674202	9522502
53425962202	3353504
53483250202	2008112
53540538202	2340692
53597826202	2811164
53655114202	3178038
53712402202	2462690
53769690202	1937507
53826978202	2930450
53884266202	3539888
53941554202	2027972
53998842202	2772987
54061562032	2440532
54124394032	2167640
54187226032	2242616
54250058032	2899944
54312890032	2720573
54375722032	2854933
54438554032	1747865
54501386032	2303980
54564218032	2220599
54627050032	1585798
54689882032	2548447
54752714032	2000908
54815546032	2203966
54878378032	2301141
54941210032	2706967
55003685410	2404247
55060973410	3324146
55118261410	3532055
55175549410	2603487
55232837410	3226796
55290125410	4166235
55347413410	1892196
55404701410	3133954
55461989410	3158672
55519277410	1924786
55576565410	2242817
55633853410	2564295
55691141410	3473839
55748429410	3253912
55805717410	2528267
55863005410	2933860
55920293410	2046297
55977581410	2245695
56038243744	2550262
56101075744	2896807
56163907744	1658974
56226739744	2037008
56289571744	2381526
56352403744	2630473
56415235744	2895213
56478067744	2275039
56540899744	2227178
56603731744	2643427
56666563744	1549430
56729395744	2252689
56792227744	1991841
56855059744	2547919
56917891744	1577204
56980723744	2075018
57039712618	2303921
57097000618	2870908
57154288618	3335998
57211576618	3655933
57268864618	2312199
57326152618	2020936
57383440618	3532581
57440728618	2592436
57498016618	3306453
57555304618	2086588
57612592618	3024990
57669880618	2961620
57727168618	2252628
57784456618	1901864
57841744618	2548136
57899032618	3259665
57956320618	3648117
58014925456	1521533
58077757456	2363810
58140589456	1855617
58203421456	2371018
58266253456	2053914
58329085456	1677936
58391917456	1793767
58454749456	1928088
58517581456	2553059
58580413456	2682434
58643245456	3007598
58706077456	2863784
58768909456	2808709
58831741456	1537187
58894573456	2278821
58957405456	2288545
59018451826	1799293
59075739826	3198043
59133027826	1855124
59190315826	2765670
59247603826	2190457
59304891826	3463627
59362179826	3279009
59419467826	1931727
59476755826	2804607
59534043826	10429845
59591331826	2959533
59648619826	2088055
59705907826	3442476
59763195826	2826134
59820483826	3491583
59877771826	2554136
