4208	12044793
126244208	5349150
252484208	4587860
378724208	3023549
504964208	5287851
631204208	5509242
757444208	4731407
883684208	4523856
1008980858	5024352
1123220858	6078902
1237460858	5607774
1351700858	4871294
1465940858	5555045
1580180858	5026835
1694420858	3760596
1808660858	3850629
1922900858	3555400
2042084208	3290299
2168324208	5320320
2294564208	4422924
2420804208	3938414
2547044208	3416902
2673284208	3499595
2799524208	5675176
2925764208	5009867
3047060858	4694090
3161300858	5759186
3275540858	5220602
3389780858	4739724
3504020858	5405162
3618260858	2985329
3732500858	4677507
3846740858	4444250
3960980858	4701478
4084164208	4971744
4210404208	13214618
4336644208	3085568
4462884208	5049539
4589124208	4203159
4715364208	3567508
4841604208	3708645
4967844208	5625524
5085140858	4493802
5199380858	4774775
5313620858	5592623
5427860858	2939488
5542100858	5589622
5656340858	5385106
5770580858	5414185
5884820858	5618684
6000004208	4282192
6126244208	3639055
6252484208	2908880
6378724208	3857731
6504964208	3041777
6631204208	5412103
6757444208	4785679
6883684208	5103109
7008980858	5604100
7123220858	3207106
7237460858	5707560
7351700858	4973447
7465940858	3065580
7580180858	5401773
7694420858	5255158
7808660858	4655564
7922900858	4975277
8042084208	4404172
8168324208	3840324
8294564208	2925103
8420804208	8509349
8547044208	5523966
8673284208	5040739
8799524208	4467941
8925764208	3925277
9047060858	4491734
9161300858	5014118
9275540858	4789128
9389780858	4294208
9504020858	5232881
9618260858	3259784
9732500858	5703911
9846740858	4833524
9960980858	3937889
10084164208	4278595
10210404208	3772730
10336644208	3139054
10462884208	5142976
10589124208	3541885
10715364208	3503159
10841604208	5646151
10967844208	4779637
11085140858	4183478
11199380858	4849596
11313620858	4433856
11427860858	4200854
11542100858	3463002
11656340858	4590773
11770580858	4007945
11884820858	3507877
12000004208	4935661
12126244208	6143495
12252484208	5462302
12378724208	4643181
12504964208	3712308
12631204208	10175470
12757444208	5024711
12883684208	4306010
13008980858	4769343
13123220858	5144348
13237460858	3819730
13351700858	3618837
13465940858	3186826
13580180858	3215153
13694420858	5245446
13808660858	4884494
13922900858	4446147
14042084208	3955856
14168324208	8688374
14294564208	3117416
14420804208	5279535
14547044208	4688626
14673284208	4182124
14799524208	4941678
14925764208	4070797
15047060858	3773664
15161300858	3394420
15275540858	3900843
15389780858	3543031
15504020858	3636208
15618260858	3647640
15732500858	3434217
15846740858	5205225
15960980858	5399281
16084164208	5582072
16210404208	4941442
16336644208	4790247
16462884208	3999106
16589124208	3351627
16715364208	3099539
16841604208	6500281
16967844208	3062021
17085140858	4885247
17199380858	5181425
17313620858	4573694
17427860858	5171539
17542100858	4663714
17656340858	4768236
17770580858	4236114
17884820858	4693149
18000004208	3434635
18126244208	2964740
18252484208	4901744
18378724208	4601370
18504964208	4602853
18631204208	4290522
18757444208	3236776
18883684208	5240658
19008980858	4621374
19123220858	4547568
19237460858	3799202
19351700858	3066313
19465940858	3009710
19580180858	5692735
19694420858	5500582
19808660858	4547521
19922900858	3898381
20042084208	5511353
20168324208	4902646
20294564208	4303013
20420804208	3514527
20547044208	4014933
20673284208	3364286
20799524208	5308924
20925764208	4492922
21047060858	6613415
21161300858	4586244
21275540858	4751380
21389780858	4607618
21504020858	4358462
21618260858	4804719
21732500858	4311737
21846740858	3763275
21960980858	3409985
22084164208	3324798
22210404208	5473622
22336644208	5571081
22462884208	4936982
22589124208	4944687
22715364208	4196427
22841604208	4894349
22967844208	4436984
23085140858	3359824
23199380858	5755354
23313620858	5133938
23427860858	5198487
23542100858	4783872
23656340858	5743327
23770580858	5903204
23884820858	5605897
24000004208	4334461
24126244208	14089010
24252484208	5109621
24378724208	4219703
24504964208	3575862
24631204208	3034979
24757444208	2958237
24883684208	4935979
25008980858	5480137
25123220858	5212090
25237460858	6279541
25351700858	3393605
25465940858	3724312
25580180858	3555167
25694420858	3219987
25808660858	3441869
25922900858	2974207
26042084208	5504327
26168324208	4822139
26294564208	3194930
26420804208	5475228
26547044208	4762455
26673284208	4266986
26799524208	4066910
26925764208	3213824
27047060858	5773182
27161300858	5529562
27275540858	5034132
27389780858	4286036
27504020858	4212917
27618260858	4510717
27732500858	3699863
27846740858	4265555
27960980858	4034260
28084164208	4454512
28210404208	3900850
28336644208	13588045
28462884208	3732819
28589124208	3152403
28715364208	5519074
28841604208	4588480
28967844208	4529543
29085140858	3217290
29199380858	5759541
29313620858	5266057
29427860858	6250185
29542100858	3051943
29656340858	3041396
29770580858	5521431
29884820858	5292261
30000004208	946352064
30126244208	1107649541
30252484208	981409541
30378724208	855169541
30504964208	728929541
30631204208	602689541
30757444208	476449541
30883684208	350209541
31008980858	372612218
31123220858	258372218
31237460858	144132218
31351700858	104707733
31465940858	51543042
31580180858	5621332
31694420858	3084944
31808660858	3025914
31922900858	3057413
32042084208	3711202
32168324208	2955444
32294564208	4974430
32420804208	4284195
32547044208	5686617
32673284208	5468565
32799524208	4753165
32925764208	3854337
33047060858	5299378
33161300858	5457905
33275540858	5548817
33389780858	5657649
33504020858	2846951
33618260858	5592341
33732500858	3076224
33846740858	3057035
33960980858	3059668
34084164208	9177766
34210404208	3481113
34336644208	5473042
34462884208	4745194
34589124208	3983420
34715364208	2888692
34841604208	5135522
34967844208	4287260
35085140858	4216679
35199380858	4497628
35313620858	4618141
35427860858	4746229
35542100858	4820444
35656340858	4854513
35770580858	4330605
35884820858	4489337
36000004208	3587204
36126244208	5488043
36252484208	3539957
36378724208	3040516
36504964208	5167743
36631204208	4476693
36757444208	3101842
36883684208	5340805
37008980858	2917349
37123220858	3256936
37237460858	3262895
37351700858	3413302
37465940858	3623093
37580180858	3706605
37694420858	4132755
37808660858	3317286
37922900858	3487427
38042084208	4286727
38168324208	3692387
38294564208	7322799
38420804208	3731138
38547044208	3076360
38673284208	5305738
38799524208	4661131
38925764208	3622790
39047060858	5180960
39161300858	5465492
39275540858	5553313
39389780858	2926684
39504020858	2887972
39618260858	3121358
39732500858	3377166
39846740858	3376338
39960980858	3755272
40084164208	3213160
40210404208	5126585
40336644208	4521586
40462884208	5547934
40589124208	5273123
40715364208	4752782
40841604208	4429748
40967844208	3721094
41085140858	4255213
41199380858	4377656
41313620858	4617400
41427860858	4659450
41542100858	4565696
41656340858	4695503
41770580858	4913656
41884820858	5055986
42000004208	3286444
42126244208	3615314
42252484208	3012428
42378724208	5065694
42504964208	5748518
42631204208	5497858
42757444208	4698622
42883684208	3891570
43008980858	4161053
43123220858	5649330
43237460858	7441332
43351700858	5375230
43465940858	3064013
43580180858	3784966
43694420858	4039114
43808660858	4172568
43922900858	4202694
44042084208	8439060
44168324208	4017548
44294564208	3273530
44420804208	5555794
44547044208	5047257
44673284208	3220492
44799524208	5275150
44925764208	4460182
45047060858	3166795
45161300858	3232351
45275540858	3490714
45389780858	3706465
45504020858	3967929
45618260858	4206462
45732500858	4318305
45846740858	4257510
45960980858	4367374
46084164208	3682110
46210404208	5512707
46336644208	4848370
46462884208	3902242
46589124208	3339693
46715364208	3851982
46841604208	2869186
46967844208	5177602
47085140858	5189174
47199380858	5627409
47313620858	4800357
47427860858	4958760
47542100858	5044780
47656340858	5248226
47770580858	5344225
47884820858	5432131
48000004208	4562624
48126244208	3869713
48252484208	13673576
48378724208	4597191
48504964208	4116092
48631204208	3572557
48757444208	5643709
48883684208	3204317
49008980858	3429677
49123220858	3830292
49237460858	3908455
49351700858	3400498
49465940858	3556084
49580180858	3760072
49694420858	4423382
49808660858	4591806
49922900858	5085166
50042084208	3031798
50168324208	5512250
50294564208	4808392
50420804208	3822587
50547044208	3277068
50673284208	2882632
50799524208	5075723
50925764208	3274380
51047060858	5163071
51161300858	2855181
51275540858	3178613
51389780858	3428155
51504020858	3262209
51618260858	4291882
51732500858	4455366
51846740858	4688028
51960980858	4502963
52084164208	4054509
52210404208	3561771
52336644208	5539005
52462884208	10145606
52589124208	3798188
52715364208	3168003
52841604208	5182028
52967844208	4580837
53085140858	4279665
53199380858	4504157
53313620858	4548822
53427860858	4910880
53542100858	4768329
53656340858	5027921
53770580858	5055246
53884820858	4960384
54000004208	4413068
54126244208	5269919
54252484208	4559292
54378724208	3772499
54504964208	3085050
54631204208	4875171
54757444208	4107437
54883684208	3342578
55008980858	3568421
55123220858	4718658
55237460858	4786459
55351700858	5092005
55465940858	5127603
55580180858	5274158
55694420858	2993907
55808660858	3307887
55922900858	3247263
56042084208	4098290
56168324208	4745034
56294564208	4119088
56420804208	3545864
56547044208	2860460
56673284208	4726839
56799524208	3974485
56925764208	3243137
57047060858	4633963
57161300858	5181534
57275540858	5006030
57389780858	4943185
57504020858	4922136
57618260858	5007754
57732500858	4689690
57846740858	4738291
57960980858	4870458
58084164208	4476635
58210404208	7796938
58336644208	4185697
58462884208	3460620
58589124208	2873905
58715364208	4941757
58841604208	4682050
58967844208	3995869
59085140858	3777296
59199380858	4145988
59313620858	4461340
59427860858	4845823
59542100858	4963899
59656340858	5323119
59770580858	5533712
59884820858	5465932
60000004208	623658036
60126244208	706119387
60252484208	579879387
60378724208	453639387
60504964208	327399387
60631204208	303674525
60757444208	177434525
60883684208	108555620
61008980858	36049983
61123220858	5645877
61237460858	4503496
61351700858	3687401
61465940858	3719461
61580180858	3489214
61694420858	3112066
61808660858	5243013
61922900858	5744984
62042084208	5130325
62168324208	4459150
62294564208	3570061
62420804208	5959714
62547044208	5369465
62673284208	4680845
62799524208	4131941
62925764208	3285657
63047060858	3884699
63161300858	3454655
63275540858	5562531
63389780858	5157516
63504020858	5466069
63618260858	5664541
63732500858	5037481
63846740858	4265134
63960980858	3942755
64084164208	4293818
64210404208	3695828
64336644208	3041938
64462884208	4980736
64589124208	4698868
64715364208	3976284
64841604208	3260615
64967844208	5395789
65085140858	6710171
65199380858	5590715
65313620858	5251126
65427860858	4490229
65542100858	3871400
65656340858	4177233
65770580858	4006391
65884820858	3685038
66000004208	4789086
66126244208	5598058
66252484208	4902578
66378724208	4176600
66504964208	3613594
66631204208	3479663
66757444208	5556088
66883684208	4830184
67008980858	5241335
67123220858	5180888
67237460858	3588608
67351700858	3186605
67465940858	5252968
67580180858	4793793
67694420858	5552488
67808660858	5296641
67922900858	4859887
68042084208	4128784
68168324208	12561380
68294564208	4132281
68420804208	3378677
68547044208	5540582
68673284208	4963946
68799524208	4706093
68925764208	3910464
69047060858	3695446
69161300858	3602865
69275540858	7343412
69389780858	3966453
69504020858	3620531
69618260858	3202164
69732500858	2906117
69846740858	3269760
69960980858	2954030
70084164208	3073089
70210404208	5056316
70336644208	5197358
70462884208	4663938
70589124208	3901221
70715364208	3421165
70841604208	3284300
70967844208	5232319
71085140858	3447429
71199380858	3486151
71313620858	2979683
71427860858	5590720
71542100858	4547396
71656340858	4826227
71770580858	4395231
71884820858	3911814
72000004208	4986622
72126244208	4234589
72252484208	3435713
72378724208	12458601
72504964208	5696159
72631204208	5029423
72757444208	4255310
72883684208	3541114
73008980858	4906624
73123220858	4602054
73237460858	3957429
73351700858	3040347
73465940858	6188562
73580180858	3098631
73694420858	3181900
73808660858	5489906
73922900858	5723222
74042084208	5534532
74168324208	5036864
74294564208	4171728
74420804208	3455446
74547044208	3812105
74673284208	3261666
74799524208	5466918
74925764208	3072338
75047060858	5641715
75161300858	5213405
75275540858	4893035
75389780858	4584471
75504020858	4036110
75618260858	4848309
75732500858	5204269
75846740858	5083503
75960980858	5675630
76084164208	3771800
76210404208	3076305
76336644208	5296104
76462884208	4648707
76589124208	9009540
76715364208	4634598
76841604208	3045206
76967844208	5501980
77085140858	3887488
77199380858	4558821
77313620858	4035145
77427860858	3441578
77542100858	3189810
77656340858	3996190
77770580858	3441744
77884820858	4407577
78000004208	5587680
78126244208	9171625
78252484208	4735903
78378724208	3875494
78504964208	3159172
78631204208	5345112
78757444208	3631501
78883684208	3004684
79008980858	3267515
79123220858	3267307
79237460858	3874378
79351700858	3974865
79465940858	4774268
79580180858	4431441
79694420858	4487260
79808660858	3740449
79922900858	3778782
80042084208	5575623
80168324208	5015575
80294564208	4885055
80420804208	4130960
80547044208	3560063
80673284208	5596318
80799524208	5488653
80925764208	5469355
81047060858	4985186
81161300858	4934986
81275540858	4403626
81389780858	4609146
81504020858	4154309
81618260858	3825249
81732500858	3969937
81846740858	4209188
81960980858	3556545
82084164208	3618540
82210404208	3016314
82336644208	8380813
82462884208	5048281
82589124208	4458870
82715364208	4056704
82841604208	3632980
82967844208	4643808
83085140858	3024302
83199380858	5094441
83313620858	4434829
83427860858	4145583
83542100858	4075433
83656340858	3837368
83770580858	3001821
83884820858	5231726
84000004208	4769169
84126244208	4067504
84252484208	3176672
84378724208	5265905
84504964208	3064800
84631204208	5410692
84757444208	4718243
84883684208	3926374
85008980858	6995684
85123220858	3687610
85237460858	5682126
85351700858	5165770
85465940858	4593855
85580180858	4852289
85694420858	4805688
85808660858	4712461
85922900858	3702159
86042084208	5213424
86168324208	4839604
86294564208	3994078
86420804208	3271095
86547044208	6148238
86673284208	2897825
86799524208	4980158
86925764208	4143279
87047060858	3649566
87161300858	4467198
87275540858	3222306
87389780858	5580891
87504020858	4976921
87618260858	5703534
87732500858	4704021
87846740858	4068504
87960980858	3612050
88084164208	5682324
88210404208	5130729
88336644208	4396317
88462884208	3546189
88589124208	5473155
88715364208	5320581
88841604208	4392528
88967844208	3866287
89085140858	5281350
89199380858	8595323
89313620858	5059379
89427860858	4149859
89542100858	3323896
89656340858	3633869
89770580858	3825236
89884820858	3551241
90000004208	23224199
90126244208	25549004
90252484208	15335362
90378724208	31096921
90504964208	25954005
90631204208	25253532
90757444208	13645707
90883684208	18050912
91008980858	4758155
91123220858	4978644
91237460858	5065155
91351700858	4977486
91465940858	5289127
91580180858	5196142
91694420858	5374396
91808660858	2869824
91922900858	3053519
92042084208	3941593
92168324208	3204314
92294564208	12608340
92420804208	4238788
92547044208	3490826
92673284208	5645086
92799524208	4772456
92925764208	4899710
93047060858	3415717
93161300858	3782370
93275540858	3927173
93389780858	3124021
93504020858	3169023
93618260858	3738710
93732500858	3599299
93846740858	3848260
93960980858	3897671
94084164208	3496778
94210404208	5459394
94336644208	4590284
94462884208	3443964
94589124208	5567015
94715364208	4751061
94841604208	3873966
94967844208	4802600
95085140858	4429148
95199380858	4690137
95313620858	4844994
95427860858	4807082
95542100858	4027694
95656340858	4568300
95770580858	4715685
95884820858	4901110
96000004208	4051234
96126244208	3275704
96252484208	5353733
96378724208	4607439
96504964208	8783085
96631204208	5582887
96757444208	4917704
96883684208	4245568
97008980858	4467293
97123220858	4617147
97237460858	4614280
97351700858	4858148
97465940858	5186067
97580180858	4649882
97694420858	4827212
97808660858	5015175
97922900858	4922466
98042084208	2921185
98168324208	3705263
98294564208	3032988
98420804208	5246476
98547044208	4625908
98673284208	3806450
98799524208	3037688
98925764208	5067731
99047060858	3808490
99161300858	3949891
99275540858	4340425
99389780858	4481000
99504020858	4494441
99618260858	4655631
99732500858	3908839
99846740858	4045369
99960980858	4124470
100084164208	3604955
100210404208	4376032
100336644208	3819751
100462884208	3102295
100589124208	5163487
100715364208	4021532
100841604208	3586498
100967844208	5594435
101085140858	5516226
101199380858	2831841
101313620858	3357687
101427860858	3591725
101542100858	3858180
101656340858	4128539
101770580858	3575838
101884820858	3811549
102000004208	2947501
102126244208	4985266
102252484208	8508768
102378724208	4881679
102504964208	4288001
102631204208	3580353
102757444208	2883647
102883684208	4540235
103008980858	4665664
103123220858	4951125
103237460858	5115294
103351700858	5122896
103465940858	5317476
103580180858	4557697
103694420858	4881461
103808660858	5217772
103922900858	4511994
104042084208	3246909
104168324208	2821216
104294564208	4944573
104420804208	4261020
104547044208	3436552
104673284208	5542045
104799524208	4858223
104925764208	3946421
105047060858	5405242
105161300858	5661117
105275540858	2948474
105389780858	5645545
105504020858	2814480
105618260858	3009440
105732500858	3046147
105846740858	3223964
105960980858	5671255
106084164208	5168496
106210404208	4560963
106336644208	3725353
106462884208	4320672
106589124208	3631340
106715364208	5684387
106841604208	5144416
106967844208	4571753
107085140858	5215722
107199380858	5513124
107313620858	5640629
107427860858	2986271
107542100858	5381406
107656340858	5494121
107770580858	5392525
107884820858	2862819
108000004208	4954903
108126244208	3686185
108252484208	3220644
108378724208	5199528
108504964208	4585750
108631204208	5620936
108757444208	4628128
108883684208	3861162
109008980858	3850733
109123220858	3972121
109237460858	4199978
109351700858	4284597
109465940858	4519730
109580180858	4602092
109694420858	4848539
109808660858	5133758
109922900858	5428192
110042084208	3264714
110168324208	5495992
110294564208	4772705
110420804208	3985792
110547044208	3038249
110673284208	3646500
110799524208	3014476
110925764208	5277176
111047060858	3883637
111161300858	4156188
111275540858	3653521
111389780858	3706534
111504020858	3826154
111618260858	4162148
111732500858	4181334
111846740858	4519619
111960980858	4582452
112084164208	3916304
112210404208	11576547
112336644208	5334183
112462884208	4625097
112589124208	3986192
112715364208	3102840
112841604208	3598726
112967844208	2865437
113085140858	5403054
113199380858	2924314
113313620858	5009072
113427860858	5264877
113542100858	5623490
113656340858	3041151
113770580858	3047558
113884820858	2977922
114000004208	4793855
114126244208	4166810
114252484208	3462249
114378724208	5437920
114504964208	4650050
114631204208	3923565
114757444208	3079980
114883684208	3946318
115008980858	4160286
115123220858	4479167
115237460858	4736709
115351700858	4903315
115465940858	4192572
115580180858	4376699
115694420858	4476014
115808660858	4664239
115922900858	4919496
116042084208	2872768
116168324208	5272657
116294564208	4689582
116420804208	12066287
116547044208	3284490
116673284208	5370369
116799524208	4540930
116925764208	3902700
117047060858	4282562
117161300858	4484235
117275540858	4644187
117389780858	4659904
117504020858	4359302
117618260858	4688313
117732500858	4845714
117846740858	4989202
117960980858	5171954
118084164208	4776849
118210404208	4274898
118336644208	3637963
118462884208	2994373
118589124208	4976594
118715364208	4494464
118841604208	3585742
118967844208	5713310
119085140858	5518021
119199380858	2987994
119313620858	3041632
119427860858	3162403
119542100858	3433190
119656340858	5573745
119770580858	3041119
119884820858	3240062
