1666	70583050
29989666	40595050
59977666	43794422
89965666	37528312
119953666	24260884
149941666	14137505
179929666	3093943
209917666	1435705
239905666	542759
269893666	627348
299881666	642835
329869666	781337
359857666	538630
389845666	609854
419833666	771735
449821666	983198
479809666	545459
509797666	646061
539785666	541793
569773666	592980
599761666	639657
629749666	512130
659737666	1131124
689725666	769482
719713666	752254
749701666	589853
779689666	804442
809677666	440980
839665666	771512
869653666	513515
899641666	748940
929629666	666400
959617666	653706
989605666	520299
1019593666	459780
1049581666	785841
1079569666	586618
1109557666	496015
1139545666	861673
1169533666	751848
1199521666	511006
1229509666	471303
1259497666	472789
1289485666	526379
1319473666	1281466
1349461666	607488
1379449666	694555
1409437666	612264
1439425666	569508
1469413666	812715
1499401666	752106
1529389666	2267211
1559377666	752803
1589365666	628258
1619353666	874570
1649341666	762313
1679329666	624566
1709317666	779484
1739305666	866999
1769293666	797719
1799281666	515001
1829269666	826507
1859257666	937772
1889245666	577376
1919233666	736192
1949221666	677940
1979209666	545389
2009197666	688179
2039185666	639507
2069173666	543552
2099161666	765837
2129149666	518889
2159137666	577696
2189125666	2502052
2219113666	449205
2249101666	691326
2279089666	683497
2309077666	590280
2339065666	845730
2369053666	716389
2399041666	803315
2429029666	644931
2459017666	825047
2489005666	728634
2518993666	621048
2548981666	571192
2578969666	481956
2608957666	654472
2638945666	861201
2668933666	478066
2698921666	970124
2728909666	679907
2758897666	596801
2788885666	636837
2818873666	693285
2848861666	911202
2878849666	449722
2908837666	664334
2938825666	631177
2968813666	680477
2998801666	596584
3028789666	646965
3058777666	3215247
3088765666	803528
3118753666	635964
3148741666	718730
3178729666	572265
3208717666	831974
3238705666	557377
3268693666	634258
3298681666	512260
3328669666	823612
3358657666	649538
3388645666	542321
3418633666	483496
3448621666	682185
3478609666	823963
3508597666	811675
3538585666	507045
3568573666	498280
3598561666	764428
3628549666	579449
3658537666	610169
3688525666	548857
3718513666	1105636
3748501666	467667
3778489666	441102
3808477666	755190
3838465666	843981
3868453666	733119
3898441666	558317
3928429666	745540
3958417666	680532
3988405666	597410
4018393666	477180
4048381666	683345
4078369666	668202
4108357666	741961
4138345666	609073
4168333666	504848
4198321666	531165
4228309666	660122
4258297666	570439
4288285666	879830
4318273666	763937
4348261666	506610
4378249666	1212325
4408237666	644440
4438225666	664124
4468213666	463607
4498201666	523675
4528189666	541408
4558177666	480396
4588165666	1667585
4618153666	580859
4648141666	565318
4678129666	774016
4708117666	947604
4738105666	534591
4768093666	616869
4798081666	516356
4828069666	855154
4858057666	885865
4888045666	491861
4918033666	707977
4948021666	628812
4978009666	570865
5007997666	665471
5037985666	610812
5067973666	536142
5097961666	2475360
5127949666	1347391
5157937666	701460
5187925666	869923
5217913666	517849
5247901666	2419114
5277889666	668311
5307877666	802815
5337865666	570183
5367853666	707616
5397841666	655944
5427829666	555271
5457817666	828121
5487805666	648942
5517793666	684382
5547781666	635816
5577769666	614784
5607757666	802393
5637745666	760611
5667733666	709138
5697721666	841783
5727709666	888008
5757697666	603839
5787685666	536168
5817673666	756061
5847661666	720628
5877649666	7548027
5907637666	6154993
5937625666	1764376
5967613666	960753
5997601666	927594
6027589666	705527
6057577666	594702
6087565666	935998
6117553666	3413318
6147541666	585006
6177529666	582179
6207517666	565314
6237505666	540800
6267493666	712117
6297481666	580501
6327469666	842288
6357457666	618478
6387445666	668508
6417433666	856817
6447421666	506400
6477409666	778259
6507397666	798740
6537385666	555297
6567373666	574865
6597361666	462543
6627349666	550651
6657337666	741108
6687325666	691986
6717313666	755097
6747301666	672099
6777289666	1130899
6807277666	790429
6837265666	863051
6867253666	664334
6897241666	571194
6927229666	606002
6957217666	654643
6987205666	634727
7017193666	658785
7047181666	643148
7077169666	595069
7107157666	870072
7137145666	474737
7167133666	504642
7197121666	833434
7227109666	549660
7257097666	485393
7287085666	826249
7317073666	558226
7347061666	596901
7377049666	717676
7407037666	460807
7437025666	1004438
7467013666	758292
7497001666	450559
7526989666	677632
7556977666	799153
7586965666	873123
7616953666	569469
7646941666	1273292
7676929666	507894
7706917666	715249
7736905666	806132
7766893666	510048
7796881666	766921
7826869666	515993
7856857666	502096
7886845666	878625
7916833666	662678
7946821666	492396
7976809666	558249
8006797666	743046
8036785666	756059
8066773666	727825
8096761666	577959
8126749666	561242
8156737666	491362
8186725666	600617
8216713666	640622
8246701666	726859
8276689666	614993
8306677666	1215457
8336665666	497531
8366653666	554506
8396641666	711154
8426629666	825729
8456617666	530425
8486605666	445917
8516593666	1147238
8546581666	640891
8576569666	699533
8606557666	797852
8636545666	674864
8666533666	747436
8696521666	810391
8726509666	830462
8756497666	602272
8786485666	853210
8816473666	472076
8846461666	543274
8876449666	483572
8906437666	623565
8936425666	626528
8966413666	877280
8996401666	670483
9026389666	539445
9056377666	795380
9086365666	723722
9116353666	582304
9146341666	706667
9176329666	3175092
9206317666	670067
9236305666	551728
9266293666	860237
9296281666	784890
9326269666	443569
9356257666	575508
9386245666	760590
9416233666	479789
9446221666	691417
9476209666	708582
9506197666	600876
9536185666	659608
9566173666	458992
9596161666	755330
9626149666	594449
9656137666	810248
9686125666	849242
9716113666	844399
9746101666	600050
9776089666	631251
9806077666	448948
9836065666	811817
9866053666	812400
9896041666	457828
9926029666	814879
9956017666	509743
9986005666	509265
10015993666	1622722714
10045981666	1592734714
10075969666	1562746714
10105957666	1532758714
10135945666	1502770714
10165933666	1472782714
10195921666	1442794714
10225909666	1412806714
10255897666	1382818714
10285885666	1352830714
10315873666	1322842714
10345861666	1292854714
10375849666	1262866714
10405837666	1232878714
10435825666	1202890714
10465813666	1172902714
10495801666	1142914714
10525789666	1112926714
10555777666	1082938714
10585765666	1052950714
10615753666	1022962714
10645741666	992974714
10675729666	962986714
10705717666	932998714
10735705666	903010714
10765693666	873022714
10795681666	843034714
10825669666	813046714
10855657666	783058714
10885645666	753070714
10915633666	723082714
10945621666	693094714
10975609666	663106714
11005597666	633118714
11035585666	603130714
11065573666	573142714
11095561666	543154714
11125549666	513166714
11155537666	483178714
11185525666	659050472
11215513666	629062472
11245501666	599074472
11275489666	569086472
11305477666	539098472
11335465666	509110472
11365453666	479122472
11395441666	449134472
11425429666	419146472
11455417666	389158472
11485405666	359170472
11515393666	329182472
11545381666	299194472
11575369666	269206472
11605357666	239218472
11635345666	209230472
11665333666	265222593
11695321666	235234593
11725309666	205246593
11755297666	175258593
11785285666	145270593
11815273666	115282593
11845261666	85294593
11875249666	93253125
11905237666	63265125
11935225666	49190705
11965213666	19202705
11995201666	1992392
12025189666	262841
12055177666	288709
12085165666	369567
12115153666	127162
12145141666	208995
12175129666	221132
12205117666	208344
12235105666	255790
12265093666	239129
12295081666	220878
12325069666	152052
12355057666	267454
12385045666	321506
12415033666	251854
12445021666	202896
12475009666	272089
12504997666	216117
12534985666	158376
12564973666	275753
12594961666	217264
12624949666	210032
12654937666	278932
12684925666	249101
12714913666	295722
12744901666	171726
12774889666	179382
12804877666	199519
12834865666	338533
12864853666	261915
12894841666	240989
12924829666	189278
12954817666	230436
12984805666	220077
13014793666	227184
13044781666	281784
13074769666	389139
13104757666	1457286
13134745666	252917
13164733666	277062
13194721666	272535
13224709666	292510
13254697666	108288
13284685666	227534
13314673666	205531
13344661666	163666
13374649666	267508
13404637666	227253
13434625666	158245
13464613666	394222
13494601666	280315
13524589666	387821
13554577666	191859
13584565666	237162
13614553666	254066
13644541666	214273
13674529666	155046
13704517666	251129
13734505666	104503
13764493666	222716
13794481666	224189
13824469666	119985
13854457666	404635
13884445666	248617
13914433666	319355
13944421666	275975
13974409666	195813
14004397666	229808
14034385666	325261
14064373666	279992
14094361666	192532
14124349666	208327
14154337666	204181
14184325666	286589
14214313666	334353
14244301666	125144
14274289666	331223
14304277666	243270
14334265666	241659
14364253666	138216
14394241666	283080
14424229666	184188
14454217666	258365
14484205666	283254
14514193666	176529
14544181666	191148
14574169666	116885
14604157666	303984
14634145666	125552
14664133666	118463
14694121666	165652
14724109666	204721
14754097666	160519
14784085666	167114
14814073666	126263
14844061666	207944
14874049666	326539
14904037666	244667
14934025666	239143
14964013666	212756
14994001666	265670
15023989666	224923
15053977666	123195
15083965666	164329
15113953666	230346
15143941666	147005
15173929666	215648
15203917666	165379
15233905666	245527
15263893666	255695
15293881666	276207
15323869666	104166
15353857666	230409
15383845666	255405
15413833666	262985
15443821666	290655
15473809666	201488
15503797666	124824
15533785666	197055
15563773666	209427
15593761666	149992
15623749666	298163
15653737666	258260
15683725666	105226
15713713666	284486
15743701666	246421
15773689666	229586
15803677666	183129
15833665666	124704
15863653666	196320
15893641666	239005
15923629666	147227
15953617666	220693
15983605666	289316
16013593666	258391
16043581666	196707
16073569666	219580
16103557666	275998
16133545666	281357
16163533666	517122
16193521666	217108
16223509666	365999
16253497666	248679
16283485666	163412
16313473666	260839
16343461666	232572
16373449666	282235
16403437666	383997
16433425666	242291
16463413666	254467
16493401666	205003
16523389666	169603
16553377666	289960
16583365666	345490
16613353666	284338
16643341666	207886
16673329666	220325
16703317666	265303
16733305666	216561
16763293666	194532
16793281666	193547
16823269666	195514
16853257666	380985
16883245666	245403
16913233666	182299
16943221666	229632
16973209666	111949
17003197666	310193
17033185666	2100775
17063173666	217484
17093161666	153012
17123149666	197895
17153137666	235590
17183125666	264958
17213113666	268652
17243101666	310500
17273089666	306391
17303077666	241255
17333065666	270917
17363053666	225763
17393041666	351569
17423029666	173156
17453017666	189536
17483005666	268484
17512993666	284820
17542981666	104445
17572969666	200834
17602957666	219835
17632945666	213041
17662933666	362778
17692921666	230691
17722909666	215786
17752897666	369287
17782885666	212225
17812873666	220313
17842861666	259642
17872849666	141928
17902837666	265450
17932825666	244298
17962813666	313982
17992801666	233226
18022789666	184129
18052777666	349147
18082765666	260987
18112753666	226122
18142741666	216893
18172729666	219738
18202717666	228276
18232705666	192688
18262693666	148427
18292681666	253390
18322669666	172338
18352657666	274177
18382645666	135030
18412633666	189106
18442621666	249683
18472609666	237810
18502597666	315657
18532585666	249162
18562573666	771428
18592561666	226186
18622549666	286004
18652537666	287060
18682525666	244344
18712513666	275708
18742501666	240631
18772489666	165047
18802477666	123546
18832465666	259655
18862453666	278892
18892441666	159251
18922429666	317718
18952417666	163690
18982405666	287032
19012393666	246322
19042381666	125999
19072369666	115108
19102357666	258549
19132345666	246570
19162333666	182931
19192321666	279412
19222309666	277159
19252297666	140337
19282285666	232184
19312273666	285964
19342261666	206510
19372249666	251937
19402237666	219218
19432225666	183809
19462213666	271114
19492201666	355233
19522189666	127912
19552177666	254569
19582165666	293352
19612153666	230783
19642141666	103404
19672129666	366111
19702117666	261540
19732105666	319583
19762093666	233341
19792081666	299145
19822069666	281980
19852057666	208443
19882045666	166595
19912033666	250580
19942021666	212591
19972009666	269575
20001997666	6933909
20031985666	7862066
20061973666	4000183
20091961666	9156268
20121949666	8803801
20151937666	7343443
20181925666	7987229
20211913666	5581628
20241901666	4938692
20271889666	3177768
20301877666	8108000
20331865666	3539259
20361853666	4223749
20391841666	5572599
20421829666	7793143
20451817666	10208509
20481805666	8746988
20511793666	4440819
20541781666	11011301
20571769666	5070456
20601757666	9486068
20631745666	10570518
20661733666	9016884
20691721666	11179850
20721709666	9626584
20751697666	13005768
20781685666	7777006
20811673666	6762191
20841661666	9501813
20871649666	9626020
20901637666	4902512
20931625666	9311327
20961613666	11904067
20991601666	13040861
21021589666	10503852
21051577666	7791766
21081565666	14107852
21111553666	12982623
21141541666	12355053
21171529666	11857423
21201517666	13938625
21231505666	15214710
21261493666	6424714
21291481666	6986804
21321469666	8696396
21351457666	10972442
21381445666	12637973
21411433666	11498132
21441421666	16108226
21471409666	9927383
21501397666	14174845
21531385666	10817490
21561373666	15099985
21591361666	3553490
21621349666	1482983
21651337666	885434
21681325666	803864
21711313666	743653
21741301666	700370
21771289666	692386
21801277666	489340
21831265666	460530
21861253666	573424
21891241666	742793
21921229666	716488
21951217666	519723
21981205666	799592
22011193666	527056
22041181666	536553
22071169666	501357
22101157666	854256
22131145666	760940
22161133666	865770
22191121666	609406
22221109666	549876
22251097666	494946
22281085666	1258488
22311073666	680026
22341061666	500091
22371049666	721995
22401037666	635196
22431025666	633721
22461013666	496717
22491001666	637751
22520989666	459867
22550977666	852129
22580965666	652150
22610953666	812682
22640941666	852502
22670929666	1197295
22700917666	852099
22730905666	855663
22760893666	549120
22790881666	495411
22820869666	886561
22850857666	632093
22880845666	603632
22910833666	503849
22940821666	571035
22970809666	762654
23000797666	734328
23030785666	644079
23060773666	547880
23090761666	762346
23120749666	873463
23150737666	2548437
23180725666	703644
23210713666	564143
23240701666	2336410
23270689666	716014
23300677666	651335
23330665666	450970
23360653666	862719
23390641666	690109
23420629666	560345
23450617666	505565
23480605666	563533
23510593666	842006
23540581666	491327
23570569666	581164
23600557666	721033
23630545666	611090
23660533666	535363
23690521666	825456
23720509666	736655
23750497666	585031
23780485666	778223
23810473666	1070272
23840461666	708397
23870449666	729250
23900437666	771601
23930425666	832835
23960413666	479236
23990401666	865510
24020389666	1866530
24050377666	816361
24080365666	531868
24110353666	651171
24140341666	811668
24170329666	1054729
24200317666	597881
24230305666	691163
24260293666	688549
24290281666	467467
24320269666	619514
24350257666	495703
24380245666	655073
24410233666	446324
24440221666	553110
24470209666	959746
24500197666	865698
24530185666	687771
24560173666	464068
24590161666	717806
24620149666	567815
24650137666	466917
24680125666	1444996
24710113666	522279
24740101666	875228
24770089666	818021
24800077666	738435
24830065666	541550
24860053666	737860
24890041666	617494
24920029666	746030
24950017666	865588
24980005666	847343
25009993666	454476
25039981666	853158
25069969666	593802
25099957666	875843
25129945666	757460
25159933666	519868
25189921666	779726
25219909666	858971
25249897666	634166
25279885666	603764
25309873666	637803
25339861666	1701270
25369849666	446371
25399837666	679647
25429825666	446360
25459813666	810496
25489801666	580919
25519789666	570164
25549777666	2091994
25579765666	4141637
25609753666	2543044
25639741666	1071032
25669729666	999731
25699717666	550693
25729705666	879855
25759693666	869386
25789681666	505018
25819669666	466351
25849657666	823832
25879645666	545225
25909633666	819627
25939621666	743826
25969609666	860773
25999597666	558422
26029585666	755964
26059573666	696662
26089561666	490143
26119549666	786379
26149537666	508966
26179525666	499900
26209513666	2082043
26239501666	745576
26269489666	824022
26299477666	519756
26329465666	870688
26359453666	697305
26389441666	704025
26419429666	610973
26449417666	697270
26479405666	910933
26509393666	719895
26539381666	603903
26569369666	790835
26599357666	692017
26629345666	629715
26659333666	478819
26689321666	820422
26719309666	557756
26749297666	459949
26779285666	796454
26809273666	734094
26839261666	806202
26869249666	593658
26899237666	585646
26929225666	807320
26959213666	508657
26989201666	768091
27019189666	688753
27049177666	3662920
27079165666	4770850
27109153666	741993
27139141666	700440
27169129666	771441
27199117666	507064
27229105666	634856
27259093666	607544
27289081666	463620
27319069666	647839
27349057666	871174
27379045666	524450
27409033666	792278
27439021666	577219
27469009666	697489
27498997666	650316
27528985666	925084
27558973666	619047
27588961666	703586
27618949666	877145
27648937666	459433
27678925666	758845
27708913666	732488
27738901666	1029913
27768889666	711449
27798877666	512099
27828865666	854507
27858853666	679272
27888841666	696502
27918829666	626511
27948817666	742718
27978805666	535526
28008793666	715411
28038781666	657983
28068769666	539385
28098757666	473773
28128745666	784248
28158733666	443505
28188721666	877063
28218709666	456000
28248697666	633997
28278685666	439564
28308673666	633523
28338661666	719184
28368649666	798998
28398637666	934746
28428625666	551493
28458613666	600047
28488601666	711765
28518589666	7186895
28548577666	995246
28578565666	605387
28608553666	1719943
28638541666	516381
28668529666	865507
28698517666	474025
28728505666	600593
28758493666	873488
28788481666	680043
28818469666	625755
28848457666	533663
28878445666	445665
28908433666	493640
28938421666	526564
28968409666	707238
28998397666	482882
29028385666	735001
29058373666	835113
29088361666	568478
29118349666	808669
29148337666	583586
29178325666	679195
29208313666	740392
29238301666	586550
29268289666	2506518
29298277666	565494
29328265666	749363
29358253666	717960
29388241666	573070
29418229666	479174
29448217666	873131
29478205666	642061
29508193666	473721
29538181666	555122
29568169666	482546
29598157666	829108
29628145666	716137
29658133666	786300
29688121666	720929
29718109666	561031
29748097666	513650
29778085666	772601
29808073666	561879
29838061666	701041
29868049666	588604
29898037666	649742
29928025666	719161
29958013666	459061
