1332	1823317
29971332	38206584
59941332	32886703
89911332	29029971
119881332	50051289
149851332	43380804
179821332	35394365
209791332	26449374
239761332	32171956
269731332	17578367
299701332	14180265
329671332	15706451
359641332	12784698
389611332	11791978
419581332	8870181
449551332	4050688
479521332	6083387
509491332	6407421
539461332	8359293
569431332	7347836
599401332	5912880
629371332	3380643
659341332	6224779
689311332	5222103
719281332	7519478
749251332	6957742
779221332	5044249
809191332	5327740
839161332	4947825
869131332	3986128
899101332	4555042
929071332	5627581
959041332	5155425
989011332	4344845
1018981332	3387945
1048951332	4909694
1078921332	5713419
1108891332	4514326
1138861332	4294886
1168831332	3536852
1198801332	5898590
1228771332	6852711
1258741332	5654798
1288711332	5541176
1318681332	4866533
1348651332	3965440
1378621332	6058882
1408591332	6154346
1438561332	3632223
1468531332	4081859
1498501332	5962550
1528471332	5172076
1558441332	5180722
1588411332	5602701
1618381332	4420090
1648351332	4500801
1678321332	3703647
1708291332	5585229
1738261332	3997478
1768231332	6468828
1798201332	5467986
1828171332	5777287
1858141332	5398665
1888111332	4941879
1918081332	4565288
1948051332	5891823
1978021332	3561540
2007991332	4133851
2037961332	5337796
2067931332	5625105
2097901332	7237379
2127871332	6357972
2157841332	4755694
2187811332	5397265
2217781332	5471227
2247751332	5221571
2277721332	7942381
2307691332	4444739
2337661332	5160679
2367631332	4615168
2397601332	4042839
2427571332	6123227
2457541332	6153901
2487511332	6611937
2517481332	3541954
2547451332	4680402
2577421332	4232316
2607391332	3249971
2637361332	5906863
2667331332	3716825
2697301332	3589449
2727271332	6292315
2757241332	6347133
2787211332	5761148
2817181332	5118561
2847151332	3813996
2877121332	4043049
2907091332	4127883
2937061332	6327255
2967031332	5068839
2997001332	6029693
3026971332	6714623
3056941332	4520785
3086911332	4057459
3116881332	5844925
3146851332	6476780
3176821332	4126543
3206791332	5219573
3236761332	4800797
3266731332	4227761
3296701332	6168110
3326671332	4275903
3356641332	6395079
3386611332	6129864
3416581332	5054407
3446551332	4406557
3476521332	3549606
3506491332	7983610
3536461332	5255480
3566431332	3407074
3596401332	6355399
3626371332	5946047
3656341332	5591331
3686311332	6188582
3716281332	4150400
3746251332	4113611
3776221332	3337829
3806191332	6040749
3836161332	5784331
3866131332	5791740
3896101332	4790946
3926071332	4965690
3956041332	4271074
3986011332	3641521
4015981332	6357687
4045951332	4867143
4075921332	6635449
4105891332	6575914
4135861332	5910066
4165831332	4854021
4195801332	7402239
4225771332	5599583
4255741332	3590937
4285711332	3340823
4315681332	5859497
4345651332	4635428
4375621332	6082545
4405591332	5083938
4435561332	5201124
4465531332	3867436
4495501332	5711803
4525471332	5156896
4555441332	8121100
4585411332	4317890
4615381332	4382744
4645351332	3195532
4675321332	4756287
4705291332	3536482
4735261332	7032304
4765231332	4723430
4795201332	3731385
4825171332	5485476
4855141332	4141553
4885111332	6062489
4915081332	5723644
4945051332	3909641
4975021332	3794520
5004991332	3320400
5034961332	4068404
5064931332	5078294
5094901332	5836484
5124871332	6191122
5154841332	5245802
5184811332	3974679
5214781332	5979681
5244751332	4741156
5274721332	6844820
5304691332	4419273
5334661332	3805252
5364631332	5438305
5394601332	4239472
5424571332	6155411
5454541332	4488259
5484511332	3910278
5514481332	5628994
5544451332	5997822
5574421332	5511066
5604391332	7471651
5634361332	3756675
5664331332	3711918
5694301332	3369682
5724271332	5693000
5754241332	4635391
5784211332	5273042
5814181332	6499951
5844151332	5646015
5874121332	4383944
5904091332	6135711
5934061332	4784417
5964031332	4573824
5994001332	3683585
6023971332	4300586
6053941332	5320954
6083911332	4616628
6113881332	4965394
6143851332	5115713
6173821332	5654438
6203791332	4782772
6233761332	3764446
6263731332	5757515
6293701332	4436855
6323671332	5589861
6353641332	6034484
6383611332	5525623
6413581332	4573843
6443551332	3903461
6473521332	6693916
6503491332	5607275
6533461332	6588970
6563431332	3846398
6593401332	3434771
6623371332	5298822
6653341332	7158431
6683311332	6727645
6713281332	3571214
6743251332	6251970
6773221332	4782548
6803191332	3652921
6833161332	3970665
6863131332	4654276
6893101332	3391901
6923071332	5375995
6953041332	4439144
6983011332	6904998
7012981332	6865502
7042951332	6302764
7072921332	5974887
7102891332	4769691
7132861332	3206769
7162831332	6733125
7192801332	5292117
7222771332	4454103
7252741332	6112833
7282711332	4720596
7312681332	6173511
7342651332	5467825
7372621332	6590364
7402591332	3747203
7432561332	5890838
7462531332	4485057
7492501332	5813607
7522471332	4839991
7552441332	4520115
7582411332	4941694
7612381332	4326873
7642351332	3321285
7672321332	5572108
7702291332	7924369
7732261332	3548155
7762231332	6302686
7792201332	5045989
7822171332	3509690
7852141332	5549664
7882111332	5865406
7912081332	5807178
7942051332	4877565
7972021332	3734738
8001991332	6046500
8031961332	6628158
8061931332	4486473
8091901332	4098072
8121871332	4995122
8151841332	4531071
8181811332	4081907
8211781332	5460210
8241751332	5475208
8271721332	5887788
8301691332	5520346
8331661332	4955792
8361631332	4080483
8391601332	7282666
8421571332	3793649
8451541332	4254297
8481511332	3392167
8511481332	5626438
8541451332	6300617
8571421332	6531852
8601391332	4498459
8631361332	4417224
8661331332	3379653
8691301332	5336103
8721271332	4305627
8751241332	7345878
8781211332	3728795
8811181332	4284825
8841151332	3877204
8871121332	4118158
8901091332	3811953
8931061332	5133343
8961031332	6120617
8991001332	5440311
9020971332	4233469
9050941332	4267473
9080911332	3914147
9110881332	4157008
9140851332	6196163
9170821332	6010972
9200791332	4770725
9230761332	6137821
9260731332	7992787
9290701332	4552457
9320671332	5638009
9350641332	6037647
9380611332	5851671
9410581332	4903111
9440551332	5400539
9470521332	5827704
9500491332	6154720
9530461332	6640843
9560431332	3467047
9590401332	5652621
9620371332	5403133
9650341332	6369060
9680311332	5325795
9710281332	3662505
9740251332	5582734
9770221332	5505937
9800191332	5260651
9830161332	4640335
9860131332	5451931
9890101332	6245854
9920071332	3345547
9950041332	6445513
9980011332	5282263
10009981332	16387352190
10039951332	16357382190
10069921332	16327412190
10099891332	16297442190
10129861332	16267472190
10159831332	16237502190
10189801332	16207532190
10219771332	16177562190
10249741332	16147592190
10279711332	16117622190
10309681332	16087652190
10339651332	16057682190
10369621332	16027712190
10399591332	15997742190
10429561332	15967772190
10459531332	15937802190
10489501332	15907832190
10519471332	15877862190
10549441332	15847892190
10579411332	15817922190
10609381332	15787952190
10639351332	15757982190
10669321332	15728012190
10699291332	15698042190
10729261332	15668072190
10759231332	15638102190
10789201332	15608132190
10819171332	15578162190
10849141332	15548192190
10879111332	15518222190
10909081332	15488252190
10939051332	15458282190
10969021332	15428312190
10998991332	15398342190
11028961332	15368372190
11058931332	15338402190
11088901332	15308432190
11118871332	15278462190
11148841332	15248492190
11178811332	15218522190
11208781332	15188552190
11238751332	15158582190
11268721332	15128612190
11298691332	15098642190
11328661332	15068672190
11358631332	15038702190
11388601332	15008732190
11418571332	14978762190
11448541332	14948792190
11478511332	14918822190
11508481332	14888852190
11538451332	14858882190
11568421332	14828912190
11598391332	14798942190
11628361332	14768972190
11658331332	14739002190
11688301332	14709032190
11718271332	14679062190
11748241332	14649092190
11778211332	14619122190
11808181332	14589152190
11838151332	14559182190
11868121332	14529212190
11898091332	14499242190
11928061332	14469272190
11958031332	14439302190
11988001332	14409332190
12017971332	14379362190
12047941332	14349392190
12077911332	14319422190
12107881332	14289452190
12137851332	14259482190
12167821332	14229512190
12197791332	14199542190
12227761332	14169572190
12257731332	14139602190
12287701332	14109632190
12317671332	14079662190
12347641332	14049692190
12377611332	14019722190
12407581332	13989752190
12437551332	13959782190
12467521332	13929812190
12497491332	13899842190
12527461332	13869872190
12557431332	13839902190
12587401332	13809932190
12617371332	13779962190
12647341332	13749992190
12677311332	13720022190
12707281332	13690052190
12737251332	13660082190
12767221332	13630112190
12797191332	13600142190
12827161332	13570172190
12857131332	13540202190
12887101332	13510232190
12917071332	13480262190
12947041332	13450292190
12977011332	13420322190
13006981332	13390352190
13036951332	13360382190
13066921332	13330412190
13096891332	13300442190
13126861332	13270472190
13156831332	13240502190
13186801332	13210532190
13216771332	13180562190
13246741332	13150592190
13276711332	13120622190
13306681332	13090652190
13336651332	13060682190
13366621332	13030712190
13396591332	13000742190
13426561332	12970772190
13456531332	12940802190
13486501332	12910832190
13516471332	12880862190
13546441332	12850892190
13576411332	12820922190
13606381332	12790952190
13636351332	12760982190
13666321332	12731012190
13696291332	12701042190
13726261332	12671072190
13756231332	12641102190
13786201332	12611132190
13816171332	12581162190
13846141332	12551192190
13876111332	12521222190
13906081332	12491252190
13936051332	12461282190
13966021332	12431312190
13995991332	12401342190
14025961332	12371372190
14055931332	12341402190
14085901332	12311432190
14115871332	12281462190
14145841332	12251492190
14175811332	12221522190
14205781332	12191552190
14235751332	12161582190
14265721332	12131612190
14295691332	12101642190
14325661332	12071672190
14355631332	12041702190
14385601332	12011732190
14415571332	11981762190
14445541332	11951792190
14475511332	11921822190
14505481332	11891852190
14535451332	11861882190
14565421332	11831912190
14595391332	11801942190
14625361332	11771972190
14655331332	11742002190
14685301332	11712032190
14715271332	11682062190
14745241332	11652092190
14775211332	11622122190
14805181332	11592152190
14835151332	11562182190
14865121332	11532212190
14895091332	11502242190
14925061332	11472272190
14955031332	11442302190
14985001332	11412332190
15014971332	11382362190
15044941332	11352392190
15074911332	11322422190
15104881332	11292452190
15134851332	11262482190
15164821332	11232512190
15194791332	11202542190
15224761332	11172572190
15254731332	11142602190
15284701332	11112632190
15314671332	11082662190
15344641332	11052692190
15374611332	11022722190
15404581332	10992752190
15434551332	10962782190
15464521332	10932812190
15494491332	10902842190
15524461332	10872872190
15554431332	10842902190
15584401332	10812932190
15614371332	10782962190
15644341332	10752992190
15674311332	10723022190
15704281332	10693052190
15734251332	10663082190
15764221332	10633112190
15794191332	10603142190
15824161332	10573172190
15854131332	10543202190
15884101332	10513232190
15914071332	10483262190
15944041332	10453292190
15974011332	10423322190
16003981332	10393352190
16033951332	10363382190
16063921332	10333412190
16093891332	10303442190
16123861332	10273472190
16153831332	10243502190
16183801332	10213532190
16213771332	10183562190
16243741332	10153592190
16273711332	10123622190
16303681332	10093652190
16333651332	10063682190
16363621332	10033712190
16393591332	10003742190
16423561332	9973772190
16453531332	9943802190
16483501332	9913832190
16513471332	9883862190
16543441332	9853892190
16573411332	9823922190
16603381332	9793952190
16633351332	9763982190
16663321332	9734012190
16693291332	9704042190
16723261332	9674072190
16753231332	9644102190
16783201332	9614132190
16813171332	9584162190
16843141332	9554192190
16873111332	9524222190
16903081332	9494252190
16933051332	9464282190
16963021332	9434312190
16992991332	9404342190
17022961332	9374372190
17052931332	9344402190
17082901332	9314432190
17112871332	9284462190
17142841332	9254492190
17172811332	9224522190
17202781332	9194552190
17232751332	9164582190
17262721332	9134612190
17292691332	9104642190
17322661332	9074672190
17352631332	9044702190
17382601332	9014732190
17412571332	8984762190
17442541332	8954792190
17472511332	8924822190
17502481332	8894852190
17532451332	8864882190
17562421332	8834912190
17592391332	8804942190
17622361332	8774972190
17652331332	8745002190
17682301332	8715032190
17712271332	8685062190
17742241332	8655092190
17772211332	8625122190
17802181332	8595152190
17832151332	8565182190
17862121332	8535212190
17892091332	8505242190
17922061332	8475272190
17952031332	8445302190
17982001332	8415332190
18011971332	8385362190
18041941332	8355392190
18071911332	8325422190
18101881332	8295452190
18131851332	8265482190
18161821332	8235512190
18191791332	8205542190
18221761332	8175572190
18251731332	8145602190
18281701332	8115632190
18311671332	8085662190
18341641332	8055692190
18371611332	8025722190
18401581332	7995752190
18431551332	7965782190
18461521332	7935812190
18491491332	7905842190
18521461332	7875872190
18551431332	7845902190
18581401332	7815932190
18611371332	7785962190
18641341332	7755992190
18671311332	7726022190
18701281332	7696052190
18731251332	7666082190
18761221332	7636112190
18791191332	7606142190
18821161332	7576172190
18851131332	7546202190
18881101332	7516232190
18911071332	7486262190
18941041332	7456292190
18971011332	7426322190
19000981332	7396352190
19030951332	7366382190
19060921332	7336412190
19090891332	7306442190
19120861332	7276472190
19150831332	7246502190
19180801332	7216532190
19210771332	7186562190
19240741332	7156592190
19270711332	7126622190
19300681332	7096652190
19330651332	7066682190
19360621332	7036712190
19390591332	7006742190
19420561332	6976772190
19450531332	6946802190
19480501332	6916832190
19510471332	6886862190
19540441332	6856892190
19570411332	6826922190
19600381332	6796952190
19630351332	6766982190
19660321332	6737012190
19690291332	6707042190
19720261332	6677072190
19750231332	6647102190
19780201332	6617132190
19810171332	6587162190
19840141332	6557192190
19870111332	6527222190
19900081332	6497252190
19930051332	6467282190
19960021332	6437312190
19989991332	6407342190
20019961332	6377372190
20049931332	6347402190
20079901332	6317432190
20109871332	6287462190
20139841332	6257492190
20169811332	6227522190
20199781332	6197552190
20229751332	6167582190
20259721332	6137612190
20289691332	6107642190
20319661332	6077672190
20349631332	6047702190
20379601332	6017732190
20409571332	5987762190
20439541332	5957792190
20469511332	5927822190
20499481332	5897852190
20529451332	5867882190
20559421332	5837912190
20589391332	5807942190
20619361332	5777972190
20649331332	5748002190
20679301332	5718032190
20709271332	5688062190
20739241332	5658092190
20769211332	8904427796
20799181332	8874457796
20829151332	8844487796
20859121332	8814517796
20889091332	8784547796
20919061332	8754577796
20949031332	8724607796
20979001332	8694637796
21008971332	8664667796
21038941332	8634697796
21068911332	8604727796
21098881332	8574757796
21128851332	8544787796
21158821332	8514817796
21188791332	8484847796
21218761332	8454877796
21248731332	8424907796
21278701332	8394937796
21308671332	8364967796
21338641332	8334997796
21368611332	8305027796
21398581332	8275057796
21428551332	8245087796
21458521332	8215117796
21488491332	8185147796
21518461332	8155177796
21548431332	8125207796
21578401332	8095237796
21608371332	8065267796
21638341332	8035297796
21668311332	8005327796
21698281332	7975357796
21728251332	7945387796
21758221332	7915417796
21788191332	7885447796
21818161332	7855477796
21848131332	7825507796
21878101332	7795537796
21908071332	7765567796
21938041332	7735597796
21968011332	7705627796
21997981332	7675657796
22027951332	7645687796
22057921332	7615717796
22087891332	7585747796
22117861332	7555777796
22147831332	7525807796
22177801332	7495837796
22207771332	7465867796
22237741332	7435897796
22267711332	7405927796
22297681332	7375957796
22327651332	7345987796
22357621332	7316017796
22387591332	7286047796
22417561332	7256077796
22447531332	7226107796
22477501332	7196137796
22507471332	7166167796
22537441332	7136197796
22567411332	7106227796
22597381332	7076257796
22627351332	7046287796
22657321332	7016317796
22687291332	6986347796
22717261332	6956377796
22747231332	6926407796
22777201332	6896437796
22807171332	6866467796
22837141332	6836497796
22867111332	6806527796
22897081332	6776557796
22927051332	6746587796
22957021332	6716617796
22986991332	6686647796
23016961332	6656677796
23046931332	6626707796
23076901332	6596737796
23106871332	6566767796
23136841332	6536797796
23166811332	6506827796
23196781332	6476857796
23226751332	6446887796
23256721332	6416917796
23286691332	6386947796
23316661332	6356977796
23346631332	6327007796
23376601332	6297037796
23406571332	6267067796
23436541332	6237097796
23466511332	6207127796
23496481332	6177157796
23526451332	6147187796
23556421332	6117217796
23586391332	6087247796
23616361332	6057277796
23646331332	6027307796
23676301332	5997337796
23706271332	5967367796
23736241332	5937397796
23766211332	5907427796
23796181332	5877457796
23826151332	5847487796
23856121332	5817517796
23886091332	5787547796
23916061332	5757577796
23946031332	5727607796
23976001332	5697637796
24005971332	5667667796
24035941332	5637697796
24065911332	5607727796
24095881332	5577757796
24125851332	5547787796
24155821332	5517817796
24185791332	5487847796
24215761332	5457877796
24245731332	5427907796
24275701332	5397937796
24305671332	5367967796
24335641332	5337997796
24365611332	5308027796
24395581332	5278057796
24425551332	5248087796
24455521332	5218117796
24485491332	5188147796
24515461332	5158177796
24545431332	5128207796
24575401332	5098237796
24605371332	5068267796
24635341332	5038297796
24665311332	5008327796
24695281332	4978357796
24725251332	4948387796
24755221332	4918417796
24785191332	4888447796
24815161332	4858477796
24845131332	4828507796
24875101332	4798537796
24905071332	4768567796
24935041332	4738597796
24965011332	4708627796
24994981332	4678657796
25024951332	4648687796
25054921332	4618717796
25084891332	4588747796
25114861332	4558777796
25144831332	4528807796
25174801332	4498837796
25204771332	4468867796
25234741332	4438897796
25264711332	4408927796
25294681332	4378957796
25324651332	4348987796
25354621332	4319017796
25384591332	4289047796
25414561332	4259077796
25444531332	4229107796
25474501332	4199137796
25504471332	4169167796
25534441332	4139197796
25564411332	4109227796
25594381332	4079257796
25624351332	4049287796
25654321332	4019317796
25684291332	3989347796
25714261332	3959377796
25744231332	3929407796
25774201332	3899437796
25804171332	3869467796
25834141332	3839497796
25864111332	3809527796
25894081332	3779557796
25924051332	3749587796
25954021332	3719617796
25983991332	3689647796
26013961332	3659677796
26043931332	3629707796
26073901332	3599737796
26103871332	3569767796
26133841332	3539797796
26163811332	3509827796
26193781332	3479857796
26223751332	3449887796
26253721332	3419917796
26283691332	3389947796
26313661332	3359977796
26343631332	3330007796
26373601332	3300037796
26403571332	3270067796
26433541332	3240097796
26463511332	3210127796
26493481332	5034554236
26523451332	5004584236
26553421332	4974614236
26583391332	4944644236
26613361332	4914674236
26643331332	4884704236
26673301332	4854734236
26703271332	4824764236
26733241332	4794794236
26763211332	4764824236
26793181332	4734854236
26823151332	4704884236
26853121332	4674914236
26883091332	4644944236
26913061332	4614974236
26943031332	4585004236
26973001332	4555034236
27002971332	4525064236
27032941332	4495094236
27062911332	4465124236
27092881332	4435154236
27122851332	4405184236
27152821332	4375214236
27182791332	4345244236
27212761332	4315274236
27242731332	4285304236
27272701332	4255334236
27302671332	4225364236
27332641332	4195394236
27362611332	4165424236
27392581332	4135454236
27422551332	4105484236
27452521332	4075514236
27482491332	4045544236
27512461332	4015574236
27542431332	3985604236
27572401332	3955634236
27602371332	3925664236
27632341332	3895694236
27662311332	3865724236
27692281332	3835754236
27722251332	3805784236
27752221332	3775814236
27782191332	3745844236
27812161332	3715874236
27842131332	3685904236
27872101332	3655934236
27902071332	3625964236
27932041332	3595994236
27962011332	3566024236
27991981332	3536054236
28021951332	3506084236
28051921332	3476114236
28081891332	3446144236
28111861332	3416174236
28141831332	3386204236
28171801332	3356234236
28201771332	3326264236
28231741332	3296294236
28261711332	3266324236
28291681332	3236354236
28321651332	3206384236
28351621332	3176414236
28381591332	3146444236
28411561332	3116474236
28441531332	3086504236
28471501332	3056534236
28501471332	3026564236
28531441332	2996594236
28561411332	2966624236
28591381332	2936654236
28621351332	2906684236
28651321332	2876714236
28681291332	2846744236
28711261332	2816774236
28741231332	2786804236
28771201332	2756834236
28801171332	2726864236
28831141332	2696894236
28861111332	2666924236
28891081332	2636954236
28921051332	2606984236
28951021332	2577014236
28980991332	2547044236
29010961332	2517074236
29040931332	2487104236
29070901332	2457134236
29100871332	2427164236
29130841332	2397194236
29160811332	2367224236
29190781332	2337254236
29220751332	2307284236
29250721332	2277314236
29280691332	2247344236
29310661332	2217374236
29340631332	2187404236
29370601332	2157434236
29400571332	2127464236
29430541332	2097494236
29460511332	2067524236
29490481332	2037554236
29520451332	2007584236
29550421332	1977614236
29580391332	1947644236
29610361332	1917674236
29640331332	1887704236
29670301332	1857734236
29700271332	1827764236
29730241332	3099571156
29760211332	3069601156
29790181332	3039631156
29820151332	3009661156
29850121332	2979691156
29880091332	2949721156
29910061332	2919751156
29940031332	2889781156
