1332	3030917
29971332	9959430
59941332	8418480
89911332	3735080
119881332	2915019
149851332	3038274
179821332	4624433
209791332	2846975
239761332	3009506
269731332	2791920
299701332	2252419
329671332	2108890
359641332	3982525
389611332	2628697
419581332	3037674
449551332	2611946
479521332	2798310
509491332	2863036
539461332	2128022
569431332	2181188
599401332	2984480
629371332	2272031
659341332	3154670
689311332	2565960
719281332	3968230
749251332	2215088
779221332	2325000
809191332	2154362
839161332	1638632
869131332	2982841
899101332	3347192
929071332	2202560
959041332	1650096
989011332	2771058
1018981332	2290458
1048951332	4692512
1078921332	3135211
1108891332	2233341
1138861332	1792738
1168831332	3153899
1198801332	2786763
1228771332	3647089
1258741332	2578128
1288711332	2192831
1318681332	1884924
1348651332	3109440
1378621332	2731431
1408591332	4705199
1438561332	2088643
1468531332	2956247
1498501332	2434442
1528471332	2865630
1558441332	2287599
1588411332	3202139
1618381332	2266358
1648351332	1665579
1678321332	2587144
1708291332	2595111
1738261332	2168740
1768231332	3849941
1798201332	2363084
1828171332	1619665
1858141332	3766675
1888111332	2760227
1918081332	2350063
1948051332	2795012
1978021332	2362762
2007991332	2952434
2037961332	2327649
2067931332	3190483
2097901332	3952227
2127871332	2437106
2157841332	2492345
2187811332	1801465
2217781332	2905770
2247751332	2209998
2277721332	2996428
2307691332	3295133
2337661332	2778404
2367631332	2401336
2397601332	2275949
2427571332	1996835
2457541332	4439515
2487511332	2724211
2517481332	1634395
2547451332	2597227
2577421332	1720715
2607391332	2601170
2637361332	3403494
2667331332	1773718
2697301332	2701994
2727271332	2028633
2757241332	3078304
2787211332	2427712
2817181332	2334170
2847151332	2398881
2877121332	3090868
2907091332	2781220
2937061332	2087343
2967031332	3051701
2997001332	1761171
3026971332	3011725
3056941332	2460484
3086911332	1968837
3116881332	3017019
3146851332	5121028
3176821332	3097568
3206791332	2832823
3236761332	1999796
3266731332	2939700
3296701332	2183414
3326671332	3522394
3356641332	3209867
3386611332	1966083
3416581332	2854932
3446551332	2208472
3476521332	1685740
3506491332	3784230
3536461332	2721129
3566431332	1896948
3596401332	2762888
3626371332	2049846
3656341332	2887156
3686311332	3032007
3716281332	2834625
3746251332	2235490
3776221332	3139953
3806191332	2698149
3836161332	2215614
3866131332	3636952
3896101332	1907269
3926071332	2524860
3956041332	3113443
3986011332	2580687
4015981332	2578023
4045951332	2043922
4075921332	3088335
4105891332	2122599
4135861332	3049914
4165831332	2392648
4195801332	5283618
4225771332	2645451
4255741332	2279047
4285711332	3050820
4315681332	2333295
4345651332	1695358
4375621332	3600509
4405591332	1633348
4435561332	2332331
4465531332	6976928
4495501332	6995135
4525471332	5275355
4555441332	5735606
4585411332	4050828
4615381332	3237837
4645351332	1709537
4675321332	3136162
4705291332	2766316
4735261332	2963517
4765231332	2899719
4795201332	2261154
4825171332	3182837
4855141332	3207227
4885111332	3111336
4915081332	3172012
4945051332	2066870
4975021332	2992470
5004991332	2400373
5034961332	1877579
5064931332	2806568
5094901332	1836332
5124871332	3086110
5154841332	2819494
5184811332	2386164
5214781332	2020293
5244751332	5914771
5274721332	10099595
5304691332	8659379
5334661332	5391276
5364631332	4761464
5394601332	2584501
5424571332	2514354
5454541332	2790372
5484511332	3244012
5514481332	2635417
5544451332	1769687
5574421332	2385311
5604391332	4697012
5634361332	2431782
5664331332	2050673
5694301332	3096852
5724271332	2409091
5754241332	1762175
5784211332	3555745
5814181332	1754218
5844151332	2644553
5874121332	2906807
5904091332	1697481
5934061332	3000252
5964031332	2245103
5994001332	1780579
6023971332	2704818
6053941332	7943916
6083911332	6056019
6113881332	5937163
6143851332	2874129
6173821332	3276559
6203791332	1797662
6233761332	3051462
6263731332	2643866
6293701332	5483819
6323671332	2414800
6353641332	2100436
6383611332	2046370
6413581332	3108305
6443551332	2298069
6473521332	3049870
6503491332	2004177
6533461332	1747598
6563431332	2744815
6593401332	2290546
6623371332	3172416
6653341332	3499166
6683311332	2493803
6713281332	2034627
6743251332	3086812
6773221332	2851962
6803191332	2179280
6833161332	2094624
6863131332	2039414
6893101332	2604753
6923071332	2044710
6953041332	1690793
6983011332	1745106
7012981332	2493507
7042951332	2833965
7072921332	2627105
7102891332	1957464
7132861332	2986794
7162831332	2889094
7192801332	3092653
7222771332	2782225
7252741332	2226245
7282711332	3132238
7312681332	2618513
7342651332	5637739
7372621332	1835396
7402591332	2035948
7432561332	3142597
7462531332	2594127
7492501332	3309404
7522471332	2597390
7552441332	2196110
7582411332	1633176
7612381332	2724851
7642351332	2310699
7672321332	1991861
7702291332	2498774
7732261332	2930228
7762231332	2295427
7792201332	2466842
7822171332	1857791
7852141332	3085476
7882111332	3425711
7912081332	1888145
7942051332	1771979
7972021332	3106128
8001991332	2699861
8031961332	3404517
8061931332	3346591
8091901332	2166302
8121871332	1779745
8151841332	3122630
8181811332	2535589
8211781332	4388623
8241751332	2097236
8271721332	1796109
8301691332	2900600
8331661332	2338274
8361631332	2896152
8391601332	4184598
8421571332	2276478
8451541332	2001849
8481511332	3249593
8511481332	2501520
8541451332	1862585
8571421332	2634180
8601391332	2364034
8631361332	1669897
8661331332	2733786
8691301332	2058857
8721271332	3095485
8751241332	4217610
8781211332	2417785
8811181332	1640417
8841151332	2671172
8871121332	3123713
8901091332	2224100
8931061332	2451327
8961031332	2422125
8991001332	1978803
9020971332	3030814
9050941332	3037942
9080911332	3839927
9110881332	2020747
9140851332	1952901
9170821332	2829579
9200791332	2293010
9230761332	1839528
9260731332	2960519
9290701332	2204486
9320671332	1743323
9350641332	2745363
9380611332	2791951
9410581332	2588811
9440551332	4976030
9470521332	1897747
9500491332	3540512
9530461332	2081098
9560431332	3101225
9590401332	2511871
9620371332	3532100
9650341332	1890323
9680311332	2737372
9710281332	2085055
9740251332	3026721
9770221332	2434754
9800191332	3760891
9830161332	6695266
9860131332	6969800
9890101332	3839035
9920071332	2593679
9950041332	3856918
9980011332	3574486
10009981332	1935039047
10039951332	1905069047
10069921332	1875099047
10099891332	1845129047
10129861332	1815159047
10159831332	1785189047
10189801332	1755219047
10219771332	1725249047
10249741332	1695279047
10279711332	1665309047
10309681332	1635339047
10339651332	1605369047
10369621332	1575399047
10399591332	1545429047
10429561332	1515459047
10459531332	1485489047
10489501332	1455519047
10519471332	1425549047
10549441332	1395579047
10579411332	1365609047
10609381332	1335639047
10639351332	1305669047
10669321332	1275699047
10699291332	1245729047
10729261332	1215759047
10759231332	1185789047
10789201332	1155819047
10819171332	1125849047
10849141332	1095879047
10879111332	1065909047
10909081332	1035939047
10939051332	1005969047
10969021332	975999047
10998991332	946029047
11028961332	916059047
11058931332	886089047
11088901332	856119047
11118871332	826149047
11148841332	796179047
11178811332	766209047
11208781332	736239047
11238751332	706269047
11268721332	676299047
11298691332	646329047
11328661332	968033070
11358631332	938063070
11388601332	908093070
11418571332	878123070
11448541332	848153070
11478511332	818183070
11508481332	788213070
11538451332	758243070
11568421332	728273070
11598391332	698303070
11628361332	668333070
11658331332	638363070
11688301332	608393070
11718271332	578423070
11748241332	548453070
11778211332	518483070
11808181332	488513070
11838151332	458543070
11868121332	428573070
11898091332	398603070
11928061332	368633070
11958031332	528083556
11988001332	498113556
12017971332	468143556
12047941332	438173556
12077911332	408203556
12107881332	378233556
12137851332	348263556
12167821332	318293556
12197791332	288323556
12227761332	258353556
12257731332	228383556
12287701332	198413556
12317671332	272413201
12347641332	242443201
12377611332	212473201
12407581332	182503201
12437551332	152533201
12467521332	122563201
12497491332	149050562
12527461332	119080562
12557431332	89110562
12587401332	59140562
12617371332	61954062
12647341332	31984062
12677311332	18622896
12707281332	5559232
12737251332	313173
12767221332	302187
12797191332	449307
12827161332	339334
12857131332	394057
12887101332	288529
12917071332	305963
12947041332	438146
12977011332	251371
13006981332	289280
13036951332	382313
13066921332	392444
13096891332	910384
13126861332	371788
13156831332	466935
13186801332	492490
13216771332	486706
13246741332	270057
13276711332	430474
13306681332	297950
13336651332	407582
13366621332	383239
13396591332	280663
13426561332	193031
13456531332	374958
13486501332	502545
13516471332	221952
13546441332	277080
13576411332	353173
13606381332	365671
13636351332	255820
13666321332	419624
13696291332	249656
13726261332	211268
13756231332	320641
13786201332	539274
13816171332	291950
13846141332	261625
13876111332	465323
13906081332	282755
13936051332	269712
13966021332	343067
13995991332	296149
14025961332	343245
14055931332	377868
14085901332	432401
14115871332	475570
14145841332	566423
14175811332	513760
14205781332	483003
14235751332	280260
14265721332	350124
14295691332	370159
14325661332	256527
14355631332	885671
14385601332	471912
14415571332	353572
14445541332	548422
14475511332	400898
14505481332	348806
14535451332	294254
14565421332	366572
14595391332	325367
14625361332	328194
14655331332	317176
14685301332	409900
14715271332	340377
14745241332	449109
14775211332	318261
14805181332	468706
14835151332	358204
14865121332	312041
14895091332	384048
14925061332	144383
14955031332	347256
14985001332	442359
15014971332	2659379
15044941332	304592
15074911332	343717
15104881332	400530
15134851332	450818
15164821332	419066
15194791332	433698
15224761332	447370
15254731332	381271
15284701332	159046
15314671332	494060
15344641332	368158
15374611332	331478
15404581332	277242
15434551332	412765
15464521332	339962
15494491332	269982
15524461332	356882
15554431332	316056
15584401332	398679
15614371332	427697
15644341332	391616
15674311332	527701
15704281332	372216
15734251332	250240
15764221332	254873
15794191332	250378
15824161332	333743
15854131332	337016
15884101332	151169
15914071332	244605
15944041332	281538
15974011332	192023
16003981332	209730
16033951332	164577
16063921332	2550465
16093891332	302817
16123861332	276194
16153831332	343230
16183801332	378404
16213771332	253738
16243741332	399010
16273711332	177803
16303681332	180599
16333651332	325509
16363621332	495809
16393591332	499645
16423561332	286199
16453531332	421340
16483501332	330621
16513471332	260819
16543441332	311406
16573411332	470498
16603381332	378526
16633351332	352468
16663321332	331538
16693291332	318284
16723261332	398912
16753231332	460118
16783201332	380418
16813171332	384064
16843141332	279119
16873111332	267381
16903081332	369552
16933051332	399873
16963021332	418860
16992991332	253399
17022961332	268225
17052931332	284980
17082901332	354362
17112871332	1919441
17142841332	239161
17172811332	146445
17202781332	382168
17232751332	296982
17262721332	269965
17292691332	446006
17322661332	338350
17352631332	229270
17382601332	232423
17412571332	191153
17442541332	275100
17472511332	336731
17502481332	295582
17532451332	335013
17562421332	323836
17592391332	290596
17622361332	466880
17652331332	143875
17682301332	163434
17712271332	254382
17742241332	451407
17772211332	404685
17802181332	339596
17832151332	1151627
17862121332	338555
17892091332	349456
17922061332	329701
17952031332	425452
17982001332	393721
18011971332	268055
18041941332	303582
18071911332	428580
18101881332	289177
18131851332	377776
18161821332	909967
18191791332	257538
18221761332	322989
18251731332	388516
18281701332	320875
18311671332	294229
18341641332	367327
18371611332	422658
18401581332	466851
18431551332	422572
18461521332	236526
18491491332	467054
18521461332	264907
18551431332	479506
18581401332	327481
18611371332	311691
18641341332	327152
18671311332	385820
18701281332	247854
18731251332	436331
18761221332	147012
18791191332	447983
18821161332	292660
18851131332	260765
18881101332	160255
18911071332	267934
18941041332	380998
18971011332	278054
19000981332	322706
19030951332	1676678
19060921332	4855116
19090891332	326896
19120861332	175205
19150831332	363360
19180801332	269874
19210771332	654205
19240741332	420586
19270711332	514469
19300681332	190710
19330651332	456528
19360621332	303915
19390591332	367191
19420561332	231909
19450531332	471971
19480501332	405428
19510471332	296157
19540441332	156759
19570411332	290273
19600381332	505001
19630351332	218809
19660321332	443238
19690291332	145763
19720261332	367462
19750231332	441205
19780201332	304540
19810171332	308738
19840141332	299423
19870111332	340105
19900081332	197844
19930051332	460259
19960021332	298188
19989991332	339640
20019961332	11286587
20049931332	6302751
20079901332	7466833
20109871332	10063305
20139841332	8340860
20169811332	4251546
20199781332	7134658
20229751332	9890069
20259721332	13437405
20289691332	8465653
20319661332	6072425
20349631332	11443744
20379601332	5996717
20409571332	8212595
20439541332	9495842
20469511332	5960376
20499481332	11060528
20529451332	12960270
20559421332	10035950
20589391332	8054297
20619361332	10695890
20649331332	10506089
20679301332	10651812
20709271332	11753737
20739241332	12941889
20769211332	14118004
20799181332	11830831
20829151332	15340826
20859121332	8986176
20889091332	12553913
20919061332	15714383
20949031332	12306321
20979001332	10953710
21008971332	16806836
21038941332	15346203
21068911332	10768638
21098881332	17398244
21128851332	18236931
21158821332	16485431
21188791332	17645702
21218761332	15186110
21248731332	16184914
21278701332	14736080
21308671332	21991000
21338641332	14996451
21368611332	17006589
21398581332	21193870
21428551332	12621543
21458521332	13763078
21488491332	20527971
21518461332	14448529
21548431332	18615933
21578401332	11903681
21608371332	19060379
21638341332	24026307
21668311332	23575370
21698281332	21139833
21728251332	17475978
21758221332	13249178
21788191332	23961331
21818161332	21299664
21848131332	22508873
21878101332	22423328
21908071332	21313159
21938041332	19594864
21968011332	17640940
21997981332	16057722
22027951332	19355387
22057921332	20948869
22087891332	23126285
22117861332	26134845
22147831332	29646903
22177801332	35059891
22207771332	21340945
22237741332	26272681
22267711332	31349989
22297681332	20364325
22327651332	19850879
22357621332	14681752
22387591332	11905968
22417561332	5048017
22447531332	5222886
22477501332	3166680
22507471332	2744288
22537441332	2818129
22567411332	2712457
22597381332	3908340
22627351332	2569457
22657321332	2995940
22687291332	3697531
22717261332	4047589
22747231332	3132945
22777201332	4100037
22807171332	3324219
22837141332	2453026
22867111332	3032312
22897081332	2384234
22927051332	3882248
22957021332	2554118
22986991332	3407906
23016961332	2170101
23046931332	6056108
23076901332	4369186
23106871332	2885350
23136841332	3344464
23166811332	3628641
23196781332	3754428
23226751332	4534249
23256721332	4148467
23286691332	2635812
23316661332	2929255
23346631332	3823682
23376601332	2560713
23406571332	5763754
23436541332	3982867
23466511332	5813809
23496481332	4990006
23526451332	5606237
23556421332	2879620
23586391332	3175938
23616361332	2550984
23646331332	4864493
23676301332	3772047
23706271332	3523793
23736241332	2334154
23766211332	3852011
23796181332	2832058
23826151332	2777548
23856121332	4939394
23886091332	2825256
23916061332	3423517
23946031332	2985330
23976001332	4194236
24005971332	4215234
24035941332	4197728
24065911332	2635397
24095881332	6553278
24125851332	2666665
24155821332	2293715
24185791332	2602505
24215761332	2856032
24245731332	3281830
24275701332	5047073
24305671332	3462083
24335641332	2406277
24365611332	4628272
24395581332	3944600
24425551332	2397944
24455521332	6714581
24485491332	5014638
24515461332	4776457
24545431332	2612005
24575401332	4023687
24605371332	2696209
24635341332	3119144
24665311332	3342074
24695281332	3962258
24725251332	2857528
24755221332	3662617
24785191332	2236525
24815161332	4166386
24845131332	2995249
24875101332	3482326
24905071332	2664982
24935041332	8359124
24965011332	9918333
24994981332	17486843
25024951332	9693545
25054921332	6552959
25084891332	4817324
25114861332	2916153
25144831332	8200554
25174801332	4772087
25204771332	3276015
25234741332	3058646
25264711332	4238269
25294681332	3883241
25324651332	2975302
25354621332	2842656
25384591332	3390886
25414561332	2447264
25444531332	3485765
25474501332	2428581
25504471332	4230895
25534441332	2573958
25564411332	3075753
25594381332	2734488
25624351332	3244535
25654321332	4422664
25684291332	4082129
25714261332	3324143
25744231332	3619159
25774201332	4118637
25804171332	3077246
25834141332	3574883
25864111332	4497000
25894081332	4156983
25924051332	3890310
25954021332	3605414
25983991332	2900977
26013961332	3566456
26043931332	3072205
26073901332	4069470
26103871332	4283471
26133841332	2776034
26163811332	3017912
26193781332	6315118
26223751332	2734196
26253721332	2882940
26283691332	3672577
26313661332	2177890
26343631332	2610313
26373601332	4009353
26403571332	17790222
26433541332	13441772
26463511332	16313449
26493481332	11083233
26523451332	8949618
26553421332	7284730
26583391332	3724368
26613361332	4589677
26643331332	4456948
26673301332	3521696
26703271332	2798186
26733241332	4219252
26763211332	4280159
26793181332	2648909
26823151332	3645532
26853121332	4597093
26883091332	2587398
26913061332	5375118
26943031332	3260562
26973001332	2547843
27002971332	3055914
27032941332	3851997
27062911332	5934174
27092881332	3941821
27122851332	3201747
27152821332	3921234
27182791332	2182753
27212761332	3195803
27242731332	4413515
27272701332	3473086
27302671332	3126482
27332641332	3403916
27362611332	2442555
27392581332	3978974
27422551332	4235373
27452521332	2427542
27482491332	3325469
27512461332	2321280
27542431332	3546253
27572401332	2301999
27602371332	4660085
27632341332	2407182
27662311332	3462155
27692281332	3955727
27722251332	2712910
27752221332	3623745
27782191332	2966284
27812161332	2392111
27842131332	2927760
27872101332	2524705
27902071332	3796827
27932041332	2861590
27962011332	5398936
27991981332	4148210
28021951332	3202425
28051921332	2344217
28081891332	3684062
28111861332	4862238
28141831332	3965876
28171801332	3738075
28201771332	2461184
28231741332	3939884
28261711332	2843489
28291681332	4780654
28321651332	3787389
28351621332	4454056
28381591332	4608817
28411561332	2757357
28441531332	4179380
28471501332	5402724
28501471332	2965097
28531441332	4365518
28561411332	3048346
28591381332	4210956
28621351332	3516424
28651321332	4462534
28681291332	4129400
28711261332	4089158
28741231332	4538563
28771201332	4645391
28801171332	4370452
28831141332	4235895
28861111332	2701408
28891081332	2745801
28921051332	3984729
28951021332	3243763
28980991332	2308385
29010961332	3175869
29040931332	4449564
29070901332	4348449
29100871332	4481844
29130841332	4716548
29160811332	3518987
29190781332	4979883
29220751332	2604850
29250721332	3731831
29280691332	3423214
29310661332	2682332
29340631332	5867895
29370601332	3889232
29400571332	4503871
29430541332	4622031
29460511332	4663394
29490481332	2796164
29520451332	5058546
29550421332	3783155
29580391332	3412417
29610361332	2504282
29640331332	4106396
29670301332	2987497
29700271332	4654747
29730241332	4306906
29760211332	4800188
29790181332	4553452
29820151332	3342256
29850121332	3121895
29880091332	4675645
29910061332	2718779
29940031332	3704173
