1176	1453486
29989176	13960577
59977176	31984223
89965176	21760390
119953176	36085876
149941176	30908093
179929176	29138361
209917176	60585564
239905176	64547029
269893176	34559029
299881176	40819119
329869176	51236044
359857176	67331279
389845176	85923613
419833176	55935613
449821176	77990258
479809176	105266088
509797176	75278088
539785176	106061816
569773176	76073816
599761176	111350161
629749176	81362161
659737176	124094456
689725176	94106456
719713176	141750774
749701176	111762774
779689176	81774774
809677176	137587182
839665176	107599182
869653176	169501142
899641176	139513142
929629176	109525142
959617176	181041825
989605176	151053825
1019593176	121065825
1049581176	200271642
1079569176	170283642
1109557176	140295642
1139545176	110307642
1169533176	198987665
1199521176	168999665
1229509176	139011665
1259497176	239757259
1289485176	209769259
1319473176	179781259
1349461176	149793259
1379449176	260347593
1409437176	230359593
1439425176	200371593
1469413176	170383593
1499401176	140395593
1529389176	263306618
1559377176	233318618
1589365176	203330618
1619353176	173342618
1649341176	310430573
1679329176	280442573
1709317176	250454573
1739305176	220466573
1769293176	190478573
1799281176	340968581
1829269176	310980581
1859257176	280992581
1889245176	251004581
1919233176	221016581
1949221176	191028581
1979209176	356846189
2009197176	326858189
2039185176	296870189
2069173176	266882189
2099161176	236894189
2129149176	206906189
2159137176	387693006
2189125176	357705006
2219113176	327717006
2249101176	297729006
2279089176	267741006
2309077176	237753006
2339065176	436819958
2369053176	406831958
2399041176	376843958
2429029176	346855958
2459017176	316867958
2489005176	286879958
2518993176	256891958
2548981176	475740641
2578969176	445752641
2608957176	415764641
2638945176	385776641
2668933176	355788641
2698921176	325800641
2728909176	295812641
2758897176	265824641
2788885176	517512466
2818873176	487524466
2848861176	457536466
2878849176	427548466
2908837176	397560466
2938825176	367572466
2968813176	337584466
2998801176	307596466
3028789176	607932466
3058777176	577944466
3088765176	547956466
3118753176	517968466
3148741176	487980466
3178729176	457992466
3208717176	428004466
3238705176	398016466
3268693176	368028466
3298681176	338040466
3328669176	664832948
3358657176	634844948
3388645176	604856948
3418633176	574868948
3448621176	544880948
3478609176	514892948
3508597176	484904948
3538585176	454916948
3568573176	424928948
3598561176	394940948
3628549176	364952948
3658537176	718773156
3688525176	688785156
3718513176	658797156
3748501176	628809156
3778489176	598821156
3808477176	568833156
3838465176	538845156
3868453176	508857156
3898441176	478869156
3928429176	448881156
3958417176	418893156
3988405176	388905156
4018393176	772832057
4048381176	742844057
4078369176	712856057
4108357176	682868057
4138345176	652880057
4168333176	622892057
4198321176	592904057
4228309176	562916057
4258297176	532928057
4288285176	502940057
4318273176	472952057
4348261176	442964057
4378249176	412976057
4408237176	830759392
4438225176	800771392
4468213176	770783392
4498201176	740795392
4528189176	710807392
4558177176	680819392
4588165176	650831392
4618153176	620843392
4648141176	590855392
4678129176	560867392
4708117176	530879392
4738105176	500891392
4768093176	470903392
4798081176	957341053
4828069176	927353053
4858057176	897365053
4888045176	867377053
4918033176	837389053
4948021176	807401053
4978009176	777413053
5007997176	747425053
5037985176	717437053
5067973176	687449053
5097961176	657461053
5127949176	627473053
5157937176	597485053
5187925176	567497053
5217913176	537509053
5247901176	1061872383
5277889176	1031884383
5307877176	1001896383
5337865176	971908383
5367853176	941920383
5397841176	911932383
5427829176	881944383
5457817176	851956383
5487805176	821968383
5517793176	791980383
5547781176	761992383
5577769176	732004383
5607757176	702016383
5637745176	672028383
5667733176	642040383
5697721176	612052383
5727709176	582064383
5757697176	552076383
5787685176	1117116750
5817673176	1087128750
5847661176	1057140750
5877649176	1027152750
5907637176	997164750
5937625176	967176750
5967613176	937188750
5997601176	907200750
6027589176	877212750
6057577176	847224750
6087565176	817236750
6117553176	787248750
6147541176	757260750
6177529176	727272750
6207517176	697284750
6237505176	667296750
6267493176	637308750
6297481176	607320750
6327469176	1222009676
6357457176	1192021676
6387445176	1162033676
6417433176	1132045676
6447421176	1102057676
6477409176	1072069676
6507397176	1042081676
6537385176	1012093676
6567373176	982105676
6597361176	952117676
6627349176	922129676
6657337176	892141676
6687325176	862153676
6717313176	832165676
6747301176	802177676
6777289176	772189676
6807277176	742201676
6837265176	712213676
6867253176	682225676
6897241176	652237676
6927229176	1318548066
6957217176	1288560066
6987205176	1258572066
7017193176	1228584066
7047181176	1198596066
7077169176	1168608066
7107157176	1138620066
7137145176	1108632066
7167133176	1078644066
7197121176	1048656066
7227109176	1018668066
7257097176	988680066
7287085176	958692066
7317073176	928704066
7347061176	898716066
7377049176	868728066
7407037176	838740066
7437025176	808752066
7467013176	778764066
7497001176	748776066
7526989176	718788066
7556977176	1439698654
7586965176	1409710654
7616953176	1379722654
7646941176	1349734654
7676929176	1319746654
7706917176	1289758654
7736905176	1259770654
7766893176	1229782654
7796881176	1199794654
7826869176	1169806654
7856857176	1139818654
7886845176	1109830654
7916833176	1079842654
7946821176	1049854654
7976809176	1019866654
8006797176	989878654
8036785176	959890654
8066773176	929902654
8096761176	899914654
8126749176	869926654
8156737176	839938654
8186725176	809950654
8216713176	779962654
8246701176	749974654
8276689176	1524090740
8306677176	1494102740
8336665176	1464114740
8366653176	1434126740
8396641176	1404138740
8426629176	1374150740
8456617176	1344162740
8486605176	1314174740
8516593176	1284186740
8546581176	1254198740
8576569176	1224210740
8606557176	1194222740
8636545176	1164234740
8666533176	1134246740
8696521176	1104258740
8726509176	1074270740
8756497176	1044282740
8786485176	1014294740
8816473176	984306740
8846461176	954318740
8876449176	924330740
8906437176	894342740
8936425176	864354740
8966413176	834366740
8996401176	804378740
9026389176	1638572083
9056377176	1608584083
9086365176	1578596083
9116353176	1548608083
9146341176	1518620083
9176329176	1488632083
9206317176	1458644083
9236305176	1428656083
9266293176	1398668083
9296281176	1368680083
9326269176	1338692083
9356257176	1308704083
9386245176	1278716083
9416233176	1248728083
9446221176	1218740083
9476209176	1188752083
9506197176	1158764083
9536185176	1128776083
9566173176	1098788083
9596161176	1068800083
9626149176	1038812083
9656137176	1008824083
9686125176	978836083
9716113176	948848083
9746101176	918860083
9776089176	888872083
9806077176	858884083
9836065176	12849933304
9866053176	12819945304
9896041176	12789957304
9926029176	12759969304
9956017176	12729981304
9986005176	12699993304
10015993176	12670005304
10045981176	12640017304
10075969176	12610029304
10105957176	12580041304
10135945176	12550053304
10165933176	12520065304
10195921176	12490077304
10225909176	12460089304
10255897176	12430101304
10285885176	12400113304
10315873176	12370125304
10345861176	12340137304
10375849176	12310149304
10405837176	12280161304
10435825176	12250173304
10465813176	12220185304
10495801176	12190197304
10525789176	12160209304
10555777176	12130221304
10585765176	12100233304
10615753176	12070245304
10645741176	12040257304
10675729176	19563529116
10705717176	19533541116
10735705176	19503553116
10765693176	19473565116
10795681176	19443577116
10825669176	19413589116
10855657176	19383601116
10885645176	19353613116
10915633176	19323625116
10945621176	19293637116
10975609176	19263649116
11005597176	19233661116
11035585176	19203673116
11065573176	19173685116
11095561176	19143697116
11125549176	19113709116
11155537176	19083721116
11185525176	19053733116
11215513176	19023745116
11245501176	18993757116
11275489176	18963769116
11305477176	18933781116
11335465176	18903793116
11365453176	18873805116
11395441176	18843817116
11425429176	18813829116
11455417176	18783841116
11485405176	18753853116
11515393176	18723865116
11545381176	18693877116
11575369176	18663889116
11605357176	18633901116
11635345176	18603913116
11665333176	18573925116
11695321176	18543937116
11725309176	18513949116
11755297176	18483961116
11785285176	18453973116
11815273176	18423985116
11845261176	18393997116
11875249176	18364009116
11905237176	18334021116
11935225176	18304033116
11965213176	18274045116
11995201176	18244057116
12025189176	18214069116
12055177176	18184081116
12085165176	18154093116
12115153176	18124105116
12145141176	18094117116
12175129176	18064129116
12205117176	18034141116
12235105176	18004153116
12265093176	17974165116
12295081176	17944177116
12325069176	17914189116
12355057176	17884201116
12385045176	17854213116
12415033176	17824225116
12445021176	17794237116
12475009176	17764249116
12504997176	17734261116
12534985176	17704273116
12564973176	17674285116
12594961176	17644297116
12624949176	17614309116
12654937176	17584321116
12684925176	17554333116
12714913176	17524345116
12744901176	17494357116
12774889176	17464369116
12804877176	17434381116
12834865176	17404393116
12864853176	17374405116
12894841176	17344417116
12924829176	17314429116
12954817176	17284441116
12984805176	17254453116
13014793176	17224465116
13044781176	17194477116
13074769176	17164489116
13104757176	17134501116
13134745176	17104513116
13164733176	17074525116
13194721176	17044537116
13224709176	17014549116
13254697176	16984561116
13284685176	16954573116
13314673176	16924585116
13344661176	16894597116
13374649176	16864609116
13404637176	16834621116
13434625176	16804633116
13464613176	16774645116
13494601176	16744657116
13524589176	16714669116
13554577176	16684681116
13584565176	16654693116
13614553176	16624705116
13644541176	16594717116
13674529176	16564729116
13704517176	16534741116
13734505176	16504753116
13764493176	16474765116
13794481176	16444777116
13824469176	16414789116
13854457176	16384801116
13884445176	16354813116
13914433176	16324825116
13944421176	16294837116
13974409176	16264849116
14004397176	16234861116
14034385176	16204873116
14064373176	16174885116
14094361176	16144897116
14124349176	16114909116
14154337176	16084921116
14184325176	16054933116
14214313176	16024945116
14244301176	15994957116
14274289176	15964969116
14304277176	15934981116
14334265176	15904993116
14364253176	15875005116
14394241176	15845017116
14424229176	15815029116
14454217176	15785041116
14484205176	15755053116
14514193176	15725065116
14544181176	15695077116
14574169176	15665089116
14604157176	15635101116
14634145176	15605113116
14664133176	15575125116
14694121176	15545137116
14724109176	15515149116
14754097176	15485161116
14784085176	15455173116
14814073176	15425185116
14844061176	15395197116
14874049176	15365209116
14904037176	15335221116
14934025176	15305233116
14964013176	15275245116
14994001176	15245257116
15023989176	15215269116
15053977176	15185281116
15083965176	15155293116
15113953176	15125305116
15143941176	15095317116
15173929176	15065329116
15203917176	15035341116
15233905176	15005353116
15263893176	14975365116
15293881176	14945377116
15323869176	14915389116
15353857176	14885401116
15383845176	14855413116
15413833176	14825425116
15443821176	14795437116
15473809176	14765449116
15503797176	14735461116
15533785176	14705473116
15563773176	14675485116
15593761176	14645497116
15623749176	14615509116
15653737176	14585521116
15683725176	14555533116
15713713176	14525545116
15743701176	14495557116
15773689176	14465569116
15803677176	14435581116
15833665176	14405593116
15863653176	14375605116
15893641176	14345617116
15923629176	14315629116
15953617176	14285641116
15983605176	14255653116
16013593176	14225665116
16043581176	14195677116
16073569176	14165689116
16103557176	14135701116
16133545176	14105713116
16163533176	14075725116
16193521176	14045737116
16223509176	14015749116
16253497176	13985761116
16283485176	13955773116
16313473176	13925785116
16343461176	13895797116
16373449176	13865809116
16403437176	13835821116
16433425176	13805833116
16463413176	13775845116
16493401176	13745857116
16523389176	13715869116
16553377176	13685881116
16583365176	13655893116
16613353176	13625905116
16643341176	13595917116
16673329176	13565929116
16703317176	13535941116
16733305176	13505953116
16763293176	13475965116
16793281176	13445977116
16823269176	13415989116
16853257176	13386001116
16883245176	13356013116
16913233176	13326025116
16943221176	13296037116
16973209176	13266049116
17003197176	13236061116
17033185176	13206073116
17063173176	13176085116
17093161176	13146097116
17123149176	13116109116
17153137176	13086121116
17183125176	13056133116
17213113176	13026145116
17243101176	12996157116
17273089176	12966169116
17303077176	12936181116
17333065176	12906193116
17363053176	12876205116
17393041176	12846217116
17423029176	12816229116
17453017176	12786241116
17483005176	12756253116
17512993176	12726265116
17542981176	12696277116
17572969176	12666289116
17602957176	12636301116
17632945176	12606313116
17662933176	12576325116
17692921176	12546337116
17722909176	12516349116
17752897176	12486361116
17782885176	12456373116
17812873176	12426385116
17842861176	12396397116
17872849176	12366409116
17902837176	12336421116
17932825176	12306433116
17962813176	12276445116
17992801176	12246457116
18022789176	12216469116
18052777176	12186481116
18082765176	12156493116
18112753176	12126505116
18142741176	12096517116
18172729176	12066529116
18202717176	12036541116
18232705176	12006553116
18262693176	11976565116
18292681176	11946577116
18322669176	11916589116
18352657176	11886601116
18382645176	11856613116
18412633176	11826625116
18442621176	11796637116
18472609176	11766649116
18502597176	11736661116
18532585176	11706673116
18562573176	11676685116
18592561176	11646697116
18622549176	11616709116
18652537176	11586721116
18682525176	11556733116
18712513176	11526745116
18742501176	11496757116
18772489176	11466769116
18802477176	11436781116
18832465176	11406793116
18862453176	11376805116
18892441176	11346817116
18922429176	11316829116
18952417176	11286841116
18982405176	11256853116
19012393176	11226865116
19042381176	11196877116
19072369176	11166889116
19102357176	11136901116
19132345176	11106913116
19162333176	11076925116
19192321176	11046937116
19222309176	11016949116
19252297176	10986961116
19282285176	10956973116
19312273176	10926985116
19342261176	10896997116
19372249176	10867009116
19402237176	10837021116
19432225176	10807033116
19462213176	10777045116
19492201176	10747057116
19522189176	10717069116
19552177176	10687081116
19582165176	10657093116
19612153176	10627105116
19642141176	10597117116
19672129176	10567129116
19702117176	10537141116
19732105176	10507153116
19762093176	10477165116
19792081176	10447177116
19822069176	10417189116
19852057176	10387201116
19882045176	10357213116
19912033176	10327225116
19942021176	10297237116
19972009176	10267249116
20001997176	10237261116
20031985176	10207273116
20061973176	10177285116
20091961176	10147297116
20121949176	10117309116
20151937176	10087321116
20181925176	10057333116
20211913176	10027345116
20241901176	9997357116
20271889176	9967369116
20301877176	9937381116
20331865176	9907393116
20361853176	9877405116
20391841176	9847417116
20421829176	9817429116
20451817176	9787441116
20481805176	9757453116
20511793176	9727465116
20541781176	9697477116
20571769176	9667489116
20601757176	9637501116
20631745176	9607513116
20661733176	9577525116
20691721176	9547537116
20721709176	9517549116
20751697176	9487561116
20781685176	9457573116
20811673176	9427585116
20841661176	9397597116
20871649176	9367609116
20901637176	9337621116
20931625176	9307633116
20961613176	9277645116
20991601176	9247657116
21021589176	9217669116
21051577176	9187681116
21081565176	9157693116
21111553176	9127705116
21141541176	9097717116
21171529176	9067729116
21201517176	9037741116
21231505176	9007753116
21261493176	8977765116
21291481176	8947777116
21321469176	8917789116
21351457176	8887801116
21381445176	8857813116
21411433176	8827825116
21441421176	8797837116
21471409176	8767849116
21501397176	8737861116
21531385176	8707873116
21561373176	8677885116
21591361176	8647897116
21621349176	8617909116
21651337176	8587921116
21681325176	8557933116
21711313176	8527945116
21741301176	8497957116
21771289176	8467969116
21801277176	8437981116
21831265176	8407993116
21861253176	8378005116
21891241176	8348017116
21921229176	8318029116
21951217176	8288041116
21981205176	8258053116
22011193176	8228065116
22041181176	8198077116
22071169176	8168089116
22101157176	8138101116
22131145176	8108113116
22161133176	8078125116
22191121176	8048137116
22221109176	8018149116
22251097176	7988161116
22281085176	7958173116
22311073176	7928185116
22341061176	7898197116
22371049176	7868209116
22401037176	7838221116
22431025176	7808233116
22461013176	7778245116
22491001176	7748257116
22520989176	7718269116
22550977176	7688281116
22580965176	7658293116
22610953176	7628305116
22640941176	7598317116
22670929176	7568329116
22700917176	12685732960
22730905176	12655744960
22760893176	12625756960
22790881176	12595768960
22820869176	12565780960
22850857176	12535792960
22880845176	12505804960
22910833176	12475816960
22940821176	12445828960
22970809176	12415840960
23000797176	12385852960
23030785176	12355864960
23060773176	12325876960
23090761176	12295888960
23120749176	12265900960
23150737176	12235912960
23180725176	12205924960
23210713176	12175936960
23240701176	12145948960
23270689176	12115960960
23300677176	12085972960
23330665176	12055984960
23360653176	12025996960
23390641176	11996008960
23420629176	11966020960
23450617176	11936032960
23480605176	11906044960
23510593176	11876056960
23540581176	11846068960
23570569176	11816080960
23600557176	11786092960
23630545176	11756104960
23660533176	11726116960
23690521176	11696128960
23720509176	11666140960
23750497176	11636152960
23780485176	11606164960
23810473176	11576176960
23840461176	11546188960
23870449176	11516200960
23900437176	11486212960
23930425176	11456224960
23960413176	11426236960
23990401176	11396248960
24020389176	11366260960
24050377176	11336272960
24080365176	11306284960
24110353176	11276296960
24140341176	11246308960
24170329176	11216320960
24200317176	11186332960
24230305176	11156344960
24260293176	11126356960
24290281176	11096368960
24320269176	11066380960
24350257176	11036392960
24380245176	11006404960
24410233176	10976416960
24440221176	10946428960
24470209176	10916440960
24500197176	10886452960
24530185176	10856464960
24560173176	10826476960
24590161176	10796488960
24620149176	10766500960
24650137176	10736512960
24680125176	10706524960
24710113176	10676536960
24740101176	10646548960
24770089176	10616560960
24800077176	10586572960
24830065176	10556584960
24860053176	10526596960
24890041176	10496608960
24920029176	10466620960
24950017176	10436632960
24980005176	10406644960
25009993176	10376656960
25039981176	10346668960
25069969176	10316680960
25099957176	10286692960
25129945176	10256704960
25159933176	10226716960
25189921176	10196728960
25219909176	10166740960
25249897176	10136752960
25279885176	10106764960
25309873176	10076776960
25339861176	10046788960
25369849176	10016800960
25399837176	9986812960
25429825176	9956824960
25459813176	9926836960
25489801176	9896848960
25519789176	9866860960
25549777176	9836872960
25579765176	9806884960
25609753176	9776896960
25639741176	9746908960
25669729176	9716920960
25699717176	9686932960
25729705176	9656944960
25759693176	9626956960
25789681176	9596968960
25819669176	9566980960
25849657176	9536992960
25879645176	9507004960
25909633176	9477016960
25939621176	9447028960
25969609176	9417040960
25999597176	9387052960
26029585176	9357064960
26059573176	9327076960
26089561176	9297088960
26119549176	9267100960
26149537176	9237112960
26179525176	9207124960
26209513176	9177136960
26239501176	9147148960
26269489176	9117160960
26299477176	9087172960
26329465176	9057184960
26359453176	9027196960
26389441176	8997208960
26419429176	8967220960
26449417176	8937232960
26479405176	8907244960
26509393176	8877256960
26539381176	8847268960
26569369176	8817280960
26599357176	8787292960
26629345176	8757304960
26659333176	8727316960
26689321176	8697328960
26719309176	8667340960
26749297176	8637352960
26779285176	8607364960
26809273176	8577376960
26839261176	8547388960
26869249176	8517400960
26899237176	8487412960
26929225176	8457424960
26959213176	8427436960
26989201176	8397448960
27019189176	8367460960
27049177176	8337472960
27079165176	8307484960
27109153176	8277496960
27139141176	8247508960
27169129176	8217520960
27199117176	8187532960
27229105176	8157544960
27259093176	8127556960
27289081176	8097568960
27319069176	8067580960
27349057176	8037592960
27379045176	8007604960
27409033176	7977616960
27439021176	7947628960
27469009176	7917640960
27498997176	7887652960
27528985176	7857664960
27558973176	7827676960
27588961176	7797688960
27618949176	7767700960
27648937176	7737712960
27678925176	7707724960
27708913176	7677736960
27738901176	7647748960
27768889176	7617760960
27798877176	7587772960
27828865176	7557784960
27858853176	7527796960
27888841176	7497808960
27918829176	7467820960
27948817176	7437832960
27978805176	7407844960
28008793176	7377856960
28038781176	7347868960
28068769176	7317880960
28098757176	7287892960
28128745176	7257904960
28158733176	7227916960
28188721176	7197928960
28218709176	7167940960
28248697176	7137952960
28278685176	7107964960
28308673176	7077976960
28338661176	7047988960
28368649176	7018000960
28398637176	6988012960
28428625176	6958024960
28458613176	6928036960
28488601176	6898048960
28518589176	6868060960
28548577176	6838072960
28578565176	6808084960
28608553176	6778096960
28638541176	6748108960
28668529176	6718120960
28698517176	6688132960
28728505176	6658144960
28758493176	6628156960
28788481176	6598168960
28818469176	6568180960
28848457176	6538192960
28878445176	6508204960
28908433176	6478216960
28938421176	6448228960
28968409176	6418240960
28998397176	6388252960
29028385176	6358264960
29058373176	6328276960
29088361176	6298288960
29118349176	6268300960
29148337176	6238312960
29178325176	6208324960
29208313176	6178336960
29238301176	6148348960
29268289176	6118360960
29298277176	6088372960
29328265176	6058384960
29358253176	6028396960
29388241176	5998408960
29418229176	5968420960
29448217176	5938432960
29478205176	5908444960
29508193176	5878456960
29538181176	5848468960
29568169176	5818480960
29598157176	5788492960
29628145176	5758504960
29658133176	5728516960
29688121176	5698528960
29718109176	5668540960
29748097176	5638552960
29778085176	5608564960
29808073176	5578576960
29838061176	5548588960
29868049176	5518600960
29898037176	5488612960
29928025176	5458624960
29958013176	5428636960
