1818	61652248
29998818	31655248
59995818	25352886
89992818	18033833
119989818	1784579
149986818	514309
179983818	551514
209980818	371555
239977818	1424966
269974818	311115
299971818	406637
329968818	642586
359965818	574129
389962818	403420
419959818	498235
449956818	619689
479953818	1791026
509950818	341630
539947818	477596
569944818	315423
599941818	419995
629938818	355937
659935818	590779
689932818	487595
719929818	543920
749926818	570134
779923818	298223
809920818	531683
839917818	517098
869914818	516931
899911818	395134
929908818	482675
959905818	906254
989902818	575846
1019899818	557268
1049896818	489068
1079893818	560330
1109890818	426178
1139887818	447601
1169884818	448297
1199881818	600527
1229878818	586649
1259875818	385128
1289872818	409733
1319869818	582705
1349866818	555720
1379863818	291117
1409860818	518207
1439857818	562674
1469854818	405767
1499851818	447125
1529848818	360647
1559845818	533703
1589842818	543658
1619839818	492945
1649836818	450996
1679833818	608458
1709830818	477916
1739827818	395215
1769824818	573945
1799821818	411887
1829818818	534157
1859815818	576971
1889812818	437056
1919809818	438522
1949806818	600398
1979803818	399377
2009800818	574626
2039797818	494620
2069794818	324911
2099791818	337435
2129788818	401611
2159785818	539608
2189782818	296881
2219779818	430734
2249776818	393488
2279773818	530585
2309770818	329649
2339767818	490132
2369764818	541909
2399761818	408652
2429758818	599470
2459755818	377973
2489752818	567060
2519749818	382738
2549746818	495254
2579743818	314369
2609740818	499058
2639737818	458611
2669734818	434626
2699731818	389354
2729728818	559211
2759725818	563554
2789722818	465739
2819719818	597434
2849716818	397452
2879713818	576028
2909710818	397276
2939707818	440747
2969704818	427855
2999701818	462466
3029698818	364196
3059695818	314483
3089692818	447601
3119689818	474127
3149686818	381115
3179683818	323624
3209680818	497071
3239677818	533620
3269674818	426707
3299671818	403475
3329668818	727876
3359665818	503027
3389662818	532808
3419659818	526398
3449656818	316434
3479653818	418526
3509650818	410749
3539647818	496839
3569644818	392510
3599641818	529430
3629638818	422827
3659635818	459633
3689632818	679673
3719629818	566849
3749626818	605034
3779623818	598410
3809620818	545528
3839617818	361345
3869614818	567754
3899611818	446810
3929608818	415065
3959605818	406690
3989602818	574841
4019599818	523563
4049596818	309057
4079593818	379194
4109590818	400210
4139587818	592565
4169584818	348517
4199581818	512761
4229578818	378751
4259575818	473819
4289572818	3671000
4319569818	471070
4349566818	480172
4379563818	535642
4409560818	390054
4439557818	487567
4469554818	1464164
4499551818	677467
4529548818	1289258
4559545818	443243
4589542818	445586
4619539818	322238
4649536818	599860
4679533818	531345
4709530818	615477
4739527818	423996
4769524818	1603265
4799521818	316317
4829518818	526199
4859515818	536164
4889512818	489370
4919509818	537764
4949506818	466292
4979503818	422916
5009500818	316780
5039497818	533332
5069494818	476944
5099491818	567972
5129488818	597021
5159485818	487632
5189482818	478053
5219479818	303033
5249476818	684091
5279473818	4707243
5309470818	683187
5339467818	327464
5369464818	377178
5399461818	592106
5429458818	556983
5459455818	374237
5489452818	303160
5519449818	525252
5549446818	473814
5579443818	404332
5609440818	300221
5639437818	326827
5669434818	513374
5699431818	532499
5729428818	591599
5759425818	468194
5789422818	330426
5819419818	495541
5849416818	314202
5879413818	372404
5909410818	398545
5939407818	482276
5969404818	305185
5999401818	410286
6029398818	419609
6059395818	568696
6089392818	347391
6119389818	564606
6149386818	409586
6179383818	360987
6209380818	517272
6239377818	445603
6269374818	503841
6299371818	443114
6329368818	565848
6359365818	464766
6389362818	398877
6419359818	497042
6449356818	376938
6479353818	377840
6509350818	480075
6539347818	395246
6569344818	582682
6599341818	539412
6629338818	552753
6659335818	561893
6689332818	314527
6719329818	560681
6749326818	337470
6779323818	413414
6809320818	578032
6839317818	550820
6869314818	333864
6899311818	314756
6929308818	312379
6959305818	386402
6989302818	480663
7019299818	525837
7049296818	515607
7079293818	523346
7109290818	370470
7139287818	361612
7169284818	402274
7199281818	306912
7229278818	379097
7259275818	536597
7289272818	570862
7319269818	552443
7349266818	489296
7379263818	322076
7409260818	396927
7439257818	353960
7469254818	373181
7499251818	362616
7529248818	300279
7559245818	426526
7589242818	346588
7619239818	484887
7649236818	388651
7679233818	442897
7709230818	441504
7739227818	310055
7769224818	367179
7799221818	567720
7829218818	660665
7859215818	319361
7889212818	321097
7919209818	548408
7949206818	431563
7979203818	322351
8009200818	470483
8039197818	429587
8069194818	420677
8099191818	376308
8129188818	571134
8159185818	419965
8189182818	612816
8219179818	604913
8249176818	319945
8279173818	451104
8309170818	391472
8339167818	468397
8369164818	516267
8399161818	479595
8429158818	573455
8459155818	553000
8489152818	508144
8519149818	526754
8549146818	367885
8579143818	3285275
8609140818	574972
8639137818	416531
8669134818	306359
8699131818	582082
8729128818	311771
8759125818	385808
8789122818	366900
8819119818	968698
8849116818	524132
8879113818	474737
8909110818	487286
8939107818	489819
8969104818	626716
8999101818	551278
9029098818	461178
9059095818	2476028
9089092818	475050
9119089818	398608
9149086818	390174
9179083818	587183
9209080818	556860
9239077818	338852
9269074818	566370
9299071818	352769
9329068818	662216
9359065818	541672
9389062818	493967
9419059818	384750
9449056818	450085
9479053818	542556
9509050818	448497
9539047818	655745
9569044818	542571
9599041818	388156
9629038818	493818
9659035818	443488
9689032818	388460
9719029818	547353
9749026818	435924
9779023818	550263
9809020818	530054
9839017818	568469
9869014818	403134
9899011818	405514
9929008818	546112
9959005818	545879
9989002818	5879578
10018999818	1628004596
10048996818	1598007596
10078993818	1568010596
10108990818	1538013596
10138987818	1508016596
10168984818	1478019596
10198981818	1448022596
10228978818	1418025596
10258975818	1388028596
10288972818	1358031596
10318969818	1328034596
10348966818	1298037596
10378963818	1268040596
10408960818	1238043596
10438957818	1208046596
10468954818	1178049596
10498951818	1148052596
10528948818	1118055596
10558945818	1088058596
10588942818	1058061596
10618939818	1028064596
10648936818	998067596
10678933818	968070596
10708930818	938073596
10738927818	908076596
10768924818	878079596
10798921818	848082596
10828918818	818085596
10858915818	788088596
10888912818	758091596
10918909818	728094596
10948906818	698097596
10978903818	668100596
11008900818	638103596
11038897818	608106596
11068894818	578109596
11098891818	548112596
11128888818	518115596
11158885818	488118596
11188882818	458121596
11218879818	428124596
11248876818	546296499
11278873818	516299499
11308870818	486302499
11338867818	456305499
11368864818	426308499
11398861818	396311499
11428858818	366314499
11458855818	336317499
11488852818	306320499
11518849818	276323499
11548846818	246326499
11578843818	216329499
11608840818	186332499
11638837818	156335499
11668834818	179513971
11698831818	149516971
11728828818	119519971
11758825818	89522971
11788822818	59525971
11818819818	49279562
11848816818	19282562
11878813818	1645210
11908810818	231274
11938807818	191332
11968804818	257235
11998801818	181322
12028798818	158268
12058795818	178740
12088792818	260956
12118789818	258495
12148786818	258922
12178783818	268230
12208780818	245095
12238777818	257551
12268774818	267260
12298771818	102255
12328768818	172408
12358765818	244299
12388762818	210899
12418759818	220248
12448756818	222244
12478753818	222365
12508750818	239831
12538747818	235533
12568744818	286290
12598741818	233275
12628738818	351341
12658735818	161112
12688732818	172123
12718729818	255895
12748726818	236688
12778723818	239705
12808720818	277840
12838717818	164268
12868714818	2361875
12898711818	215677
12928708818	214882
12958705818	251557
12988702818	243880
13018699818	232385
13048696818	223886
13078693818	92970
13108690818	205302
13138687818	209885
13168684818	156332
13198681818	198629
13228678818	131962
13258675818	248466
13288672818	318675
13318669818	140508
13348666818	254051
13378663818	190037
13408660818	205105
13438657818	171529
13468654818	218879
13498651818	212435
13528648818	229669
13558645818	211860
13588642818	276706
13618639818	262651
13648636818	239140
13678633818	210838
13708630818	140938
13738627818	266086
13768624818	178818
13798621818	192086
13828618818	266064
13858615818	234016
13888612818	224440
13918609818	141318
13948606818	198811
13978603818	259844
14008600818	211472
14038597818	100588
14068594818	230945
14098591818	201758
14128588818	251097
14158585818	241123
14188582818	165262
14218579818	100836
14248576818	134072
14278573818	203627
14308570818	182028
14338567818	134345
14368564818	255319
14398561818	190608
14428558818	105675
14458555818	166074
14488552818	269249
14518549818	268512
14548546818	152692
14578543818	182368
14608540818	175617
14638537818	242188
14668534818	188427
14698531818	244981
14728528818	144394
14758525818	101565
14788522818	250679
14818519818	145446
14848516818	160168
14878513818	117488
14908510818	277028
14938507818	240626
14968504818	205758
14998501818	191191
15028498818	165925
15058495818	253633
15088492818	112966
15118489818	244233
15148486818	104473
15178483818	106289
15208480818	184797
15238477818	214091
15268474818	124626
15298471818	108794
15328468818	337333
15358465818	110280
15388462818	156554
15418459818	133720
15448456818	219441
15478453818	229957
15508450818	230241
15538447818	225243
15568444818	266195
15598441818	140673
15628438818	178925
15658435818	244402
15688432818	165393
15718429818	237941
15748426818	276492
15778423818	158468
15808420818	245019
15838417818	259081
15868414818	224532
15898411818	220649
15928408818	228199
15958405818	252300
15988402818	256190
16018399818	248075
16048396818	107989
16078393818	151984
16108390818	222415
16138387818	205922
16168384818	209044
16198381818	175784
16228378818	270798
16258375818	212420
16288372818	250506
16318369818	145721
16348366818	102728
16378363818	208625
16408360818	247795
16438357818	252916
16468354818	106491
16498351818	208373
16528348818	94066
16558345818	242176
16588342818	257849
16618339818	215457
16648336818	103584
16678333818	188939
16708330818	260935
16738327818	252630
16768324818	113737
16798321818	224139
16828318818	270432
16858315818	341786
16888312818	122077
16918309818	201837
16948306818	226237
16978303818	240552
17008300818	189173
17038297818	182301
17068294818	245471
17098291818	254482
17128288818	232646
17158285818	1833208
17188282818	161096
17218279818	259144
17248276818	151407
17278273818	209145
17308270818	249552
17338267818	228115
17368264818	216511
17398261818	250955
17428258818	100064
17458255818	142579
17488252818	256374
17518249818	231392
17548246818	237558
17578243818	183645
17608240818	247895
17638237818	336523
17668234818	249565
17698231818	235182
17728228818	131346
17758225818	167888
17788222818	185752
17818219818	224814
17848216818	179298
17878213818	156534
17908210818	160518
17938207818	261580
17968204818	240940
17998201818	197066
18028198818	252762
18058195818	176690
18088192818	170463
18118189818	170754
18148186818	106705
18178183818	307206
18208180818	189019
18238177818	174565
18268174818	116623
18298171818	256932
18328168818	410501
18358165818	119950
18388162818	212963
18418159818	234503
18448156818	93068
18478153818	222509
18508150818	242004
18538147818	173116
18568144818	227149
18598141818	139927
18628138818	112849
18658135818	223447
18688132818	227089
18718129818	181092
18748126818	175592
18778123818	235467
18808120818	152637
18838117818	255642
18868114818	247785
18898111818	171025
18928108818	113136
18958105818	192411
18988102818	226673
19018099818	173605
19048096818	254534
19078093818	225747
19108090818	192254
19138087818	194580
19168084818	251888
19198081818	105006
19228078818	108745
19258075818	139134
19288072818	174370
19318069818	195798
19348066818	178851
19378063818	239814
19408060818	163527
19438057818	209299
19468054818	192669
19498051818	105794
19528048818	221939
19558045818	209080
19588042818	139174
19618039818	224485
19648036818	199465
19678033818	160153
19708030818	202288
19738027818	216324
19768024818	100152
19798021818	139634
19828018818	335584
19858015818	122090
19888012818	234757
19918009818	135064
19948006818	227503
19978003818	188976
20008000818	8579136
20037997818	7039353
20067994818	5802607
20097991818	5097877
20127988818	5783377
20157985818	4843411
20187982818	5774144
20217979818	6150510
20247976818	6854953
20277973818	3678479
20307970818	6790951
20337967818	3538297
20367964818	7694871
20397961818	3191294
20427958818	7866001
20457955818	5261385
20487952818	7572232
20517949818	8511763
20547946818	8860990
20577943818	6024793
20607940818	3513140
20637937818	6962215
20667934818	8226885
20697931818	7000843
20727928818	5777053
20757925818	6983216
20787922818	7031218
20817919818	6693232
20847916818	7506946
20877913818	8596818
20907910818	10121654
20937907818	8657268
20967904818	4075421
20997901818	10274444
21027898818	9878722
21057895818	5357925
21087892818	7670800
21117889818	7848330
21147886818	4826381
21177883818	9056033
21207880818	898231
21237877818	354005
21267874818	377966
21297871818	449698
21327868818	892389
21357865818	425064
21387862818	370202
21417859818	301037
21447856818	2754006
21477853818	488888
21507850818	430393
21537847818	514335
21567844818	551966
21597841818	534139
21627838818	411267
21657835818	310409
21687832818	625209
21717829818	515109
21747826818	312872
21777823818	417153
21807820818	439164
21837817818	455216
21867814818	333546
21897811818	546687
21927808818	1522577
21957805818	450039
21987802818	392605
22017799818	516892
22047796818	328302
22077793818	466164
22107790818	383197
22137787818	521134
22167784818	481849
22197781818	550666
22227778818	532817
22257775818	472461
22287772818	350947
22317769818	443221
22347766818	328110
22377763818	341339
22407760818	667091
22437757818	378257
22467754818	465790
22497751818	359800
22527748818	361072
22557745818	489135
22587742818	309343
22617739818	549226
22647736818	545367
22677733818	506020
22707730818	443739
22737727818	569494
22767724818	465184
22797721818	406767
22827718818	957539
22857715818	524055
22887712818	519926
22917709818	609037
22947706818	440124
22977703818	575776
23007700818	468909
23037697818	304614
23067694818	410036
23097691818	429967
23127688818	304238
23157685818	535034
23187682818	326166
23217679818	2770041
23247676818	798906
23277673818	460406
23307670818	614870
23337667818	399867
23367664818	381329
23397661818	477237
23427658818	454115
23457655818	507736
23487652818	426899
23517649818	409114
23547646818	476030
23577643818	381148
23607640818	449728
23637637818	571863
23667634818	461717
23697631818	354278
23727628818	527053
23757625818	439046
23787622818	361737
23817619818	349594
23847616818	393894
23877613818	341481
23907610818	545030
23937607818	287698
23967604818	378058
23997601818	429541
24027598818	441184
24057595818	540958
24087592818	456450
24117589818	390399
24147586818	305392
24177583818	579960
24207580818	331518
24237577818	357113
24267574818	436013
24297571818	532422
24327568818	725938
24357565818	550824
24387562818	501327
24417559818	567162
24447556818	385151
24477553818	380919
24507550818	377454
24537547818	364368
24567544818	462747
24597541818	319568
24627538818	502804
24657535818	365777
24687532818	4950997
24717529818	1602932
24747526818	595183
24777523818	468323
24807520818	505982
24837517818	610951
24867514818	506185
24897511818	333577
24927508818	312399
24957505818	346418
24987502818	324194
25017499818	323921
25047496818	390257
25077493818	355217
25107490818	329045
25137487818	598342
25167484818	362988
25197481818	442724
25227478818	347188
25257475818	441859
25287472818	491811
25317469818	433650
25347466818	569024
25377463818	481977
25407460818	504633
25437457818	435566
25467454818	366101
25497451818	1447356
25527448818	306404
25557445818	572181
25587442818	426102
25617439818	353223
25647436818	336469
25677433818	359527
25707430818	331982
25737427818	1699460
25767424818	397750
25797421818	565544
25827418818	998795
25857415818	353079
25887412818	369282
25917409818	427346
25947406818	492350
25977403818	637162
26007400818	295611
26037397818	552470
26067394818	480886
26097391818	382401
26127388818	464520
26157385818	605558
26187382818	450329
26217379818	1196108
26247376818	549043
26277373818	402583
26307370818	355811
26337367818	391609
26367364818	336611
26397361818	606286
26427358818	518918
26457355818	561207
26487352818	339167
26517349818	500425
26547346818	477985
26577343818	556887
26607340818	286147
26637337818	571006
26667334818	409545
26697331818	330599
26727328818	351253
26757325818	525553
26787322818	558561
26817319818	415130
26847316818	494397
26877313818	384554
26907310818	490148
26937307818	308796
26967304818	481913
26997301818	310943
27027298818	553077
27057295818	486357
27087292818	448260
27117289818	327579
27147286818	429090
27177283818	607527
27207280818	542661
27237277818	315778
27267274818	325520
27297271818	386132
27327268818	672568
27357265818	472008
27387262818	549386
27417259818	524653
27447256818	384172
27477253818	412610
27507250818	465745
27537247818	510296
27567244818	570254
27597241818	426847
27627238818	349306
27657235818	354279
27687232818	355109
27717229818	453606
27747226818	438409
27777223818	447607
27807220818	357431
27837217818	474995
27867214818	572868
27897211818	475143
27927208818	536647
27957205818	410832
27987202818	306150
28017199818	556450
28047196818	399202
28077193818	317750
28107190818	528879
28137187818	472205
28167184818	337119
28197181818	470822
28227178818	333856
28257175818	523476
28287172818	303488
28317169818	344287
28347166818	383385
28377163818	592923
28407160818	565045
28437157818	377900
28467154818	435757
28497151818	537201
28527148818	478036
28557145818	511885
28587142818	589645
28617139818	375356
28647136818	585522
28677133818	385231
28707130818	538550
28737127818	574409
28767124818	472411
28797121818	600967
28827118818	939699
28857115818	575049
28887112818	310727
28917109818	431855
28947106818	428118
28977103818	340114
29007100818	321506
29037097818	448134
29067094818	316258
29097091818	441740
29127088818	464425
29157085818	605717
29187082818	323424
29217079818	572716
29247076818	390339
29277073818	464823
29307070818	451366
29337067818	498433
29367064818	518184
29397061818	381102
29427058818	499322
29457055818	338365
29487052818	348499
29517049818	464553
29547046818	489226
29577043818	345185
29607040818	470062
29637037818	483360
29667034818	433247
29697031818	371043
29727028818	346493
29757025818	570958
29787022818	1944942
29817019818	616353
29847016818	299737
29877013818	524713
29907010818	577135
29937007818	313089
29967004818	414402
