1110	3153193
29971110	35949609
59941110	28040336
89911110	48911705
119881110	48257582
149851110	50446927
179821110	56441867
209791110	64962507
239761110	76647757
269731110	46677757
299701110	63005701
329671110	85346394
359641110	55376394
389611110	81282116
419581110	112579793
449551110	82609793
479521110	120342651
509491110	90372651
539461110	133737639
569431110	103767639
599401110	73797639
629371110	127351330
659341110	97381330
689311110	157784988
719281110	127814988
749251110	97844988
779221110	167916983
809191110	137946983
839161110	107976983
869131110	187939063
899101110	157969063
929071110	127999063
959041110	220106467
989011110	190136467
1018981110	160166467
1048951110	130196467
1078921110	234366911
1108891110	204396911
1138861110	174426911
1168831110	144456911
1198801110	263759593
1228771110	233789593
1258741110	203819593
1288711110	173849593
1318681110	307087715
1348651110	277117715
1378621110	247147715
1408591110	217177715
1438561110	187207715
1468531110	338454713
1498501110	308484713
1528471110	278514713
1558441110	248544713
1588411110	218574713
1618381110	188604713
1648351110	357037054
1678321110	327067054
1708291110	297097054
1738261110	267127054
1768231110	237157054
1798201110	207187054
1828171110	397518179
1858141110	367548179
1888111110	337578179
1918081110	307608179
1948051110	277638179
1978021110	247668179
2007991110	459547412
2037961110	429577412
2067931110	399607412
2097901110	369637412
2127871110	339667412
2157841110	309697412
2187811110	279727412
2217781110	249757412
2247751110	488259462
2277721110	458289462
2307691110	428319462
2337661110	398349462
2367631110	368379462
2397601110	338409462
2427571110	308439462
2457541110	278469462
2487511110	543273515
2517481110	513303515
2547451110	483333515
2577421110	453363515
2607391110	423393515
2637361110	393423515
2667331110	363453515
2697301110	333483515
2727271110	303513515
2757241110	598748054
2787211110	568778054
2817181110	538808054
2847151110	508838054
2877121110	478868054
2907091110	448898054
2937061110	418928054
2967031110	388958054
2997001110	358988054
3026971110	329018054
3056941110	657037669
3086911110	627067669
3116881110	597097669
3146851110	567127669
3176821110	537157669
3206791110	507187669
3236761110	477217669
3266731110	447247669
3296701110	417277669
3326671110	387307669
3356641110	357337669
3386611110	723128395
3416581110	693158395
3446551110	663188395
3476521110	633218395
3506491110	603248395
3536461110	573278395
3566431110	543308395
3596401110	513338395
3626371110	483368395
3656341110	453398395
3686311110	423428395
3716281110	393458395
3746251110	796988694
3776221110	767018694
3806191110	737048694
3836161110	707078694
3866131110	677108694
3896101110	647138694
3926071110	617168694
3956041110	587198694
3986011110	557228694
4015981110	527258694
4045951110	497288694
4075921110	467318694
4105891110	437348694
4135861110	884702433
4165831110	854732433
4195801110	824762433
4225771110	794792433
4255741110	764822433
4285711110	734852433
4315681110	704882433
4345651110	674912433
4375621110	644942433
4405591110	614972433
4435561110	585002433
4465531110	555032433
4495501110	525062433
4525471110	495092433
4555441110	987909927
4585411110	957939927
4615381110	927969927
4645351110	897999927
4675321110	868029927
4705291110	838059927
4735261110	808089927
4765231110	778119927
4795201110	748149927
4825171110	718179927
4855141110	688209927
4885111110	658239927
4915081110	628269927
4945051110	598299927
4975021110	568329927
5004991110	538359927
5034961110	1093819270
5064931110	1063849270
5094901110	1033879270
5124871110	1003909270
5154841110	973939270
5184811110	943969270
5214781110	913999270
5244751110	884029270
5274721110	854059270
5304691110	824089270
5334661110	794119270
5364631110	764149270
5394601110	734179270
5424571110	704209270
5454541110	674239270
5484511110	644269270
5514481110	614299270
5544451110	584329270
5574421110	1205120312
5604391110	1175150312
5634361110	1145180312
5664331110	1115210312
5694301110	1085240312
5724271110	1055270312
5754241110	1025300312
5784211110	995330312
5814181110	965360312
5844151110	935390312
5874121110	905420312
5904091110	875450312
5934061110	845480312
5964031110	815510312
5994001110	785540312
6023971110	755570312
6053941110	725600312
6083911110	695630312
6113881110	665660312
6143851110	1350201785
6173821110	1320231785
6203791110	1290261785
6233761110	1260291785
6263731110	1230321785
6293701110	1200351785
6323671110	1170381785
6353641110	1140411785
6383611110	1110441785
6413581110	1080471785
6443551110	1050501785
6473521110	1020531785
6503491110	990561785
6533461110	960591785
6563431110	930621785
6593401110	900651785
6623371110	870681785
6653341110	840711785
6683311110	810741785
6713281110	780771785
6743251110	750801785
6773221110	720831785
6803191110	1473592303
6833161110	1443622303
6863131110	1413652303
6893101110	1383682303
6923071110	1353712303
6953041110	1323742303
6983011110	1293772303
7012981110	1263802303
7042951110	1233832303
7072921110	1203862303
7102891110	1173892303
7132861110	1143922303
7162831110	1113952303
7192801110	1083982303
7222771110	1054012303
7252741110	1024042303
7282711110	994072303
7312681110	964102303
7342651110	934132303
7372621110	904162303
7402591110	874192303
7432561110	844222303
7462531110	814252303
7492501110	784282303
7522471110	1648549751
7552441110	1618579751
7582411110	1588609751
7612381110	1558639751
7642351110	1528669751
7672321110	1498699751
7702291110	1468729751
7732261110	1438759751
7762231110	1408789751
7792201110	1378819751
7822171110	1348849751
7852141110	1318879751
7882111110	1288909751
7912081110	1258939751
7942051110	1228969751
7972021110	1198999751
8001991110	1169029751
8031961110	1139059751
8061931110	1109089751
8091901110	1079119751
8121871110	1049149751
8151841110	1019179751
8181811110	989209751
8211781110	959239751
8241751110	929269751
8271721110	899299751
8301691110	1852738140
8331661110	1822768140
8361631110	1792798140
8391601110	1762828140
8421571110	1732858140
8451541110	1702888140
8481511110	1672918140
8511481110	1642948140
8541451110	1612978140
8571421110	1583008140
8601391110	1553038140
8631361110	1523068140
8661331110	1493098140
8691301110	1463128140
8721271110	1433158140
8751241110	1403188140
8781211110	1373218140
8811181110	1343248140
8841151110	1313278140
8871121110	1283308140
8901091110	1253338140
8931061110	1223368140
8961031110	1193398140
8991001110	1163428140
9020971110	1133458140
9050941110	1103488140
9080911110	1073518140
9110881110	1043548140
9140851110	1013578140
9170821110	983608140
9200791110	3201814842
9230761110	3171844842
9260731110	3141874842
9290701110	3111904842
9320671110	3081934842
9350641110	3051964842
9380611110	3021994842
9410581110	2992024842
9440551110	2962054842
9470521110	2932084842
9500491110	2902114842
9530461110	2872144842
9560431110	2842174842
9590401110	2812204842
9620371110	2782234842
9650341110	2752264842
9680311110	2722294842
9710281110	2692324842
9740251110	2662354842
9770221110	2632384842
9800191110	2602414842
9830161110	2572444842
9860131110	2542474842
9890101110	2512504842
9920071110	2482534842
9950041110	2452564842
9980011110	2422594842
10009981110	2392624842
10039951110	2362654842
10069921110	2332684842
10099891110	2302714842
10129861110	2272744842
10159831110	2242774842
10189801110	3662472445
10219771110	3632502445
10249741110	3602532445
10279711110	3572562445
10309681110	3542592445
10339651110	3512622445
10369621110	3482652445
10399591110	3452682445
10429561110	3422712445
10459531110	3392742445
10489501110	3362772445
10519471110	3332802445
10549441110	3302832445
10579411110	3272862445
10609381110	3242892445
10639351110	3212922445
10669321110	3182952445
10699291110	3152982445
10729261110	3123012445
10759231110	3093042445
10789201110	3063072445
10819171110	3033102445
10849141110	3003132445
10879111110	2973162445
10909081110	2943192445
10939051110	2913222445
10969021110	2883252445
10998991110	2853282445
11028961110	2823312445
11058931110	2793342445
11088901110	2763372445
11118871110	2733402445
11148841110	2703432445
11178811110	2673462445
11208781110	2643492445
11238751110	2613522445
11268721110	2583552445
11298691110	2553582445
11328661110	2523612445
11358631110	2493642445
11388601110	2463672445
11418571110	2433702445
11448541110	2403732445
11478511110	2373762445
11508481110	2343792445
11538451110	2313822445
11568421110	2283852445
11598391110	2253882445
11628361110	2223912445
11658331110	2193942445
11688301110	2163972445
11718271110	2134002445
11748241110	2104032445
11778211110	2074062445
11808181110	2044092445
11838151110	2014122445
11868121110	1984152445
11898091110	1954182445
11928061110	1924212445
11958031110	1894242445
11988001110	1864272445
12017971110	1834302445
12047941110	1804332445
12077911110	1774362445
12107881110	1744392445
12137851110	1714422445
12167821110	1684452445
12197791110	1654482445
12227761110	1624512445
12257731110	1594542445
12287701110	1564572445
12317671110	1534602445
12347641110	1504632445
12377611110	1474662445
12407581110	1444692445
12437551110	2399575913
12467521110	2369605913
12497491110	2339635913
12527461110	2309665913
12557431110	2279695913
12587401110	2249725913
12617371110	2219755913
12647341110	2189785913
12677311110	2159815913
12707281110	2129845913
12737251110	2099875913
12767221110	2069905913
12797191110	2039935913
12827161110	2009965913
12857131110	1979995913
12887101110	1950025913
12917071110	1920055913
12947041110	1890085913
12977011110	1860115913
13006981110	1830145913
13036951110	1800175913
13066921110	1770205913
13096891110	1740235913
13126861110	1710265913
13156831110	1680295913
13186801110	1650325913
13216771110	1620355913
13246741110	1590385913
13276711110	1560415913
13306681110	1530445913
13336651110	1500475913
13366621110	1470505913
13396591110	1440535913
13426561110	1410565913
13456531110	1380595913
13486501110	1350625913
13516471110	1320655913
13546441110	1290685913
13576411110	1260715913
13606381110	1230745913
13636351110	1200775913
13666321110	1170805913
13696291110	1140835913
13726261110	1110865913
13756231110	1080895913
13786201110	1050925913
13816171110	1020955913
13846141110	990985913
13876111110	1643493745
13906081110	1613523745
13936051110	1583553745
13966021110	1553583745
13995991110	1523613745
14025961110	1493643745
14055931110	1463673745
14085901110	1433703745
14115871110	1403733745
14145841110	1373763745
14175811110	1343793745
14205781110	1313823745
14235751110	1283853745
14265721110	1253883745
14295691110	1223913745
14325661110	1193943745
14355631110	1163973745
14385601110	1134003745
14415571110	1104033745
14445541110	1074063745
14475511110	1044093745
14505481110	1014123745
14535451110	984153745
14565421110	954183745
14595391110	924213745
14625361110	894243745
14655331110	864273745
14685301110	834303745
14715271110	804333745
14745241110	774363745
14775211110	744393745
14805181110	714423745
14835151110	684453745
14865121110	1122469365
14895091110	1092499365
14925061110	1062529365
14955031110	1032559365
14985001110	1002589365
15014971110	972619365
15044941110	942649365
15074911110	912679365
15104881110	882709365
15134851110	852739365
15164821110	822769365
15194791110	792799365
15224761110	762829365
15254731110	732859365
15284701110	702889365
15314671110	672919365
15344641110	642949365
15374611110	612979365
15404581110	583009365
15434551110	553039365
15464521110	523069365
15494491110	493099365
15524461110	463129365
15554431110	753226772
15584401110	723256772
15614371110	693286772
15644341110	663316772
15674311110	633346772
15704281110	603376772
15734251110	573406772
15764221110	543436772
15794191110	513466772
15824161110	483496772
15854131110	453526772
15884101110	423556772
15914071110	393586772
15944041110	363616772
15974011110	333646772
16003981110	521724441
16033951110	491754441
16063921110	461784441
16093891110	431814441
16123861110	401844441
16153831110	371874441
16183801110	341904441
16213771110	311934441
16243741110	281964441
16273711110	251994441
16303681110	222024441
16333651110	341065622
16363621110	311095622
16393591110	281125622
16423561110	251155622
16453531110	221185622
16483501110	191215622
16513471110	161245622
16543441110	232638072
16573411110	202668072
16603381110	172698072
16633351110	142728072
16663321110	112758072
16693291110	153259708
16723261110	123289708
16753231110	93319708
16783201110	111635652
16813171110	81665652
16843141110	51695652
16873111110	53555815
16903081110	47707447
16933051110	32773156
16963021110	12895200
16992991110	2499693
17022961110	2091420
17052931110	680152
17082901110	765317
17112871110	816868
17142841110	738834
17172811110	2472824
17202781110	490493
17232751110	433566
17262721110	740063
17292691110	804023
17322661110	738038
17352631110	610837
17382601110	402465
17412571110	750403
17442541110	685733
17472511110	680176
17502481110	503175
17532451110	762138
17562421110	737337
17592391110	793410
17622361110	550507
17652331110	536494
17682301110	714682
17712271110	695176
17742241110	739029
17772211110	585092
17802181110	1533540
17832151110	567745
17862121110	523874
17892091110	736478
17922061110	810250
17952031110	552998
17982001110	619869
18011971110	594799
18041941110	3351146
18071911110	810570
18101881110	559503
18131851110	689220
18161821110	457331
18191791110	1185145
18221761110	434034
18251731110	479015
18281701110	602913
18311671110	784403
18341641110	1505552
18371611110	505943
18401581110	568539
18431551110	746134
18461521110	484281
18491491110	409561
18521461110	754003
18551431110	686566
18581401110	771641
18611371110	674156
18641341110	736094
18671311110	830389
18701281110	704920
18731251110	805301
18761221110	467035
18791191110	597468
18821161110	760955
18851131110	432618
18881101110	654311
18911071110	624099
18941041110	710693
18971011110	667319
19000981110	619213
19030951110	790938
19060921110	2023709
19090891110	761982
19120861110	447955
19150831110	549436
19180801110	769903
19210771110	1598114
19240741110	833478
19270711110	496708
19300681110	470066
19330651110	663703
19360621110	493712
19390591110	431924
19420561110	670252
19450531110	745823
19480501110	828788
19510471110	637464
19540441110	504307
19570411110	427063
19600381110	652714
19630351110	646237
19660321110	788310
19690291110	669469
19720261110	543652
19750231110	751967
19780201110	417283
19810171110	457518
19840141110	541630
19870111110	818484
19900081110	654098
19930051110	823338
19960021110	516477
19989991110	602724
20019961110	8074040
20049931110	9429886
20079901110	10550422
20109871110	14121076
20139841110	11508429
20169811110	14356533
20199781110	6962059
20229751110	10029139
20259721110	15110213
20289691110	11409999
20319661110	14167721
20349631110	8131959
20379601110	17719254
20409571110	8952735
20439541110	17836679
20469511110	17151531
20499481110	13796570
20529451110	15222764
20559421110	13763759
20589391110	17080482
20619361110	17321180
20649331110	20940589
20679301110	15807921
20709271110	30751855
20739241110	23383767
20769211110	32959346
20799181110	19270752
20829151110	23301367
20859121110	24018189
20889091110	21827742
20919061110	17385812
20949031110	12796368
20979001110	26199405
21008971110	22401977
21038941110	18401235
21068911110	25594661
21098881110	21442475
21128851110	18884409
21158821110	16170956
21188791110	14001029
21218761110	28111330
21248731110	30010557
21278701110	14990056
21308671110	16354907
21338641110	16905711
21368611110	17875517
21398581110	19618438
21428551110	22483980
21458521110	25712902
21488491110	28720724
21518461110	31528745
21548431110	22463260
21578401110	29588227
21608371110	36377892
21638341110	23730876
21668311110	31077150
21698281110	22649755
21728251110	31633060
21758221110	19931572
21788191110	29535692
21818161110	40667208
21848131110	35034966
21878101110	26036221
21908071110	47974596
21938041110	52477211
21968011110	55410217
21997981110	62881545
22027951110	66856948
22057921110	36886948
22087891110	43845888
22117861110	49228198
22147831110	59543117
22177801110	65756509
22207771110	75077314
22237741110	45107314
22267711110	51825432
22297681110	62696425
22327651110	69901359
22357621110	39931359
22387591110	49959928
22417561110	58114732
22447531110	71628271
22477501110	81233437
22507471110	51263437
22537441110	63990217
22567411110	75302346
22597381110	45332346
22627351110	59793532
22657321110	71499344
22687291110	41529344
22717261110	57578338
22747231110	72561913
22777201110	90027562
22807171110	60057562
22837141110	75257159
22867111110	45287159
22897081110	65209359
22927051110	82000739
22957021110	52030739
22986991110	73086379
23016961110	94464469
23046931110	64494469
23076901110	91138599
23106871110	61168599
23136841110	91089432
23166811110	61119432
23196781110	95739891
23226751110	65769891
23256721110	97331524
23286691110	67361524
23316661110	106135538
23346631110	76165538
23376601110	111175240
23406571110	81205240
23436541110	121508006
23466511110	91538006
23496481110	130125487
23526451110	100155487
23556421110	70185487
23586391110	114290088
23616361110	84320088
23646331110	128062657
23676301110	98092657
23706271110	146303284
23736241110	116333284
23766211110	86363284
23796181110	133410081
23826151110	103440081
23856121110	156350189
23886091110	126380189
23916061110	96410189
23946031110	149169910
23976001110	119199910
24005971110	89229910
24035941110	148011506
24065911110	118041506
24095881110	88071506
24125851110	145594540
24155821110	115624540
24185791110	181875700
24215761110	151905700
24245731110	121935700
24275701110	187316786
24305671110	157346786
24335641110	127376786
24365611110	97406786
24395581110	168827503
24425551110	138857503
24455521110	108887503
24485491110	182696973
24515461110	152726973
24545431110	122756973
24575401110	202698515
24605371110	172728515
24635341110	142758515
24665311110	112788515
24695281110	193401398
24725251110	163431398
24755221110	133461398
24785191110	222762745
24815161110	192792745
24845131110	162822745
24875101110	132852745
24905071110	223290967
24935041110	193320967
24965011110	163350967
24994981110	133380967
25024951110	231514498
25054921110	201544498
25084891110	171574498
25114861110	141604498
25144831110	242838680
25174801110	212868680
25204771110	182898680
25234741110	152928680
25264711110	263675288
25294681110	233705288
25324651110	203735288
25354621110	173765288
25384591110	143795288
25414561110	257924383
25444531110	227954383
25474501110	197984383
25504471110	168014383
25534441110	291873493
25564411110	261903493
25594381110	231933493
25624351110	201963493
25654321110	171993493
25684291110	301274845
25714261110	271304845
25744231110	241334845
25774201110	211364845
25804171110	181394845
25834141110	322347066
25864111110	292377066
25894081110	262407066
25924051110	232437066
25954021110	202467066
25983991110	172497066
26013961110	319021057
26043931110	289051057
26073901110	259081057
26103871110	229111057
26133841110	199141057
26163811110	358133634
26193781110	328163634
26223751110	298193634
26253721110	268223634
26283691110	238253634
26313661110	208283634
26343631110	375253216
26373601110	345283216
26403571110	315313216
26433541110	285343216
26463511110	255373216
26493481110	225403216
26523451110	195433216
26553421110	376468971
26583391110	346498971
26613361110	316528971
26643331110	286558971
26673301110	256588971
26703271110	226618971
26733241110	416417232
26763211110	386447232
26793181110	356477232
26823151110	326507232
26853121110	296537232
26883091110	266567232
26913061110	236597232
26943031110	442233225
26973001110	412263225
27002971110	382293225
27032941110	352323225
27062911110	322353225
27092881110	292383225
27122851110	262413225
27152821110	478416906
27182791110	448446906
27212761110	418476906
27242731110	388506906
27272701110	358536906
27302671110	328566906
27332641110	298596906
27362611110	268626906
27392581110	504088851
27422551110	474118851
27452521110	444148851
27482491110	414178851
27512461110	384208851
27542431110	354238851
27572401110	324268851
27602371110	294298851
27632341110	264328851
27662311110	510896162
27692281110	480926162
27722251110	450956162
27752221110	420986162
27782191110	391016162
27812161110	361046162
27842131110	331076162
27872101110	301106162
27902071110	568883891
27932041110	538913891
27962011110	508943891
27991981110	478973891
28021951110	449003891
28051921110	419033891
28081891110	389063891
28111861110	359093891
28141831110	329123891
28171801110	299153891
28201771110	581901780
28231741110	551931780
28261711110	521961780
28291681110	491991780
28321651110	462021780
28351621110	432051780
28381591110	402081780
28411561110	372111780
28441531110	342141780
28471501110	312171780
28501471110	633656979
28531441110	603686979
28561411110	573716979
28591381110	543746979
28621351110	513776979
28651321110	483806979
28681291110	453836979
28711261110	423866979
28741231110	393896979
28771201110	363926979
28801171110	713310694
28831141110	683340694
28861111110	653370694
28891081110	623400694
28921051110	593430694
28951021110	563460694
28980991110	533490694
29010961110	503520694
29040931110	473550694
29070901110	443580694
29100871110	413610694
29130841110	383640694
29160811110	764282702
29190781110	734312702
29220751110	704342702
29250721110	674372702
29280691110	644402702
29310661110	614432702
29340631110	584462702
29370601110	554492702
29400571110	524522702
29430541110	494552702
29460511110	464582702
29490481110	434612702
29520451110	839454113
29550421110	809484113
29580391110	779514113
29610361110	749544113
29640331110	719574113
29670301110	689604113
29700271110	659634113
29730241110	629664113
29760211110	599694113
29790181110	569724113
29820151110	539754113
29850121110	509784113
29880091110	479814113
29910061110	449844113
29940031110	1523521214
