1666	74579085
29989666	44591085
59977666	47270728
89965666	39408605
119953666	24034552
149941666	10012745
179929666	877964
209917666	590485
239905666	395451
269893666	667986
299881666	540333
329869666	411550
359857666	388229
389845666	544241
419833666	506239
449821666	619212
479809666	637224
509797666	648541
539785666	572133
569773666	633774
599761666	570550
629749666	582333
659737666	1274536
689725666	448505
719713666	731113
749701666	409554
779689666	489766
809677666	375674
839665666	633379
869653666	418052
899641666	607509
929629666	608776
959617666	541674
989605666	673206
1019593666	518468
1049581666	436194
1079569666	407451
1109557666	471210
1139545666	438596
1169533666	608845
1199521666	474821
1229509666	584239
1259497666	365088
1289485666	383055
1319473666	721841
1349461666	554975
1379449666	716743
1409437666	472906
1439425666	388105
1469413666	586256
1499401666	710994
1529389666	1948535
1559377666	672975
1589365666	608971
1619353666	595984
1649341666	673097
1679329666	672912
1709317666	693366
1739305666	702020
1769293666	771671
1799281666	590349
1829269666	616985
1859257666	383634
1889245666	642710
1919233666	685388
1949221666	388367
1979209666	598938
2009197666	530803
2039185666	647318
2069173666	684503
2099161666	511545
2129149666	430257
2159137666	502098
2189125666	1898912
2219113666	385279
2249101666	667233
2279089666	503658
2309077666	648430
2339065666	729336
2369053666	412238
2399041666	576058
2429029666	478923
2459017666	457415
2489005666	501556
2518993666	407925
2548981666	727843
2578969666	507290
2608957666	653524
2638945666	476531
2668933666	459291
2698921666	394558
2728909666	621574
2758897666	4153061
2788885666	1526523
2818873666	661703
2848861666	713804
2878849666	786918
2908837666	553823
2938825666	826888
2968813666	768696
2998801666	445236
3028789666	752926
3058777666	3700040
3088765666	752952
3118753666	654447
3148741666	392931
3178729666	426260
3208717666	496009
3238705666	663507
3268693666	529951
3298681666	562433
3328669666	607120
3358657666	413960
3388645666	554628
3418633666	616523
3448621666	376783
3478609666	1100937
3508597666	1194570
3538585666	714840
3568573666	658676
3598561666	713790
3628549666	607684
3658537666	583777
3688525666	642810
3718513666	1081313
3748501666	425012
3778489666	593449
3808477666	455092
3838465666	673614
3868453666	528065
3898441666	365386
3928429666	690876
3958417666	517986
3988405666	631487
4018393666	486209
4048381666	546972
4078369666	728629
4108357666	548957
4138345666	623055
4168333666	610078
4198321666	404711
4228309666	599480
4258297666	449338
4288285666	401934
4318273666	579088
4348261666	689927
4378249666	526393
4408237666	644706
4438225666	642814
4468213666	530731
4498201666	693923
4528189666	679788
4558177666	686231
4588165666	1600923
4618153666	578142
4648141666	553360
4678129666	772100
4708117666	596753
4738105666	414503
4768093666	551431
4798081666	723474
4828069666	445370
4858057666	694847
4888045666	391578
4918033666	6232120
4948021666	3009932
4978009666	559413
5007997666	647497
5037985666	603310
5067973666	435319
5097961666	481970
5127949666	656630
5157937666	599933
5187925666	563465
5217913666	713751
5247901666	1033371
5277889666	450023
5307877666	679681
5337865666	477132
5367853666	513480
5397841666	692292
5427829666	401971
5457817666	516226
5487805666	614744
5517793666	718511
5547781666	641357
5577769666	571045
5607757666	727950
5637745666	1923009
5667733666	865128
5697721666	704552
5727709666	502553
5757697666	391733
5787685666	648962
5817673666	391320
5847661666	466078
5877649666	558719
5907637666	651693
5937625666	603783
5967613666	566968
5997601666	631630
6027589666	526392
6057577666	578652
6087565666	570064
6117553666	2908888
6147541666	477249
6177529666	548740
6207517666	434679
6237505666	567648
6267493666	517637
6297481666	404854
6327469666	586752
6357457666	516274
6387445666	583435
6417433666	381103
6447421666	380557
6477409666	534714
6507397666	583864
6537385666	531097
6567373666	637838
6597361666	526041
6627349666	642343
6657337666	543658
6687325666	501978
6717313666	705149
6747301666	518077
6777289666	642457
6807277666	397936
6837265666	620200
6867253666	480685
6897241666	379473
6927229666	421039
6957217666	620698
6987205666	702541
7017193666	636935
7047181666	471349
7077169666	697374
7107157666	440449
7137145666	650492
7167133666	528306
7197121666	648013
7227109666	531501
7257097666	636979
7287085666	439892
7317073666	380868
7347061666	610227
7377049666	693358
7407037666	591281
7437025666	850837
7467013666	379642
7497001666	404420
7526989666	780758
7556977666	579477
7586965666	494449
7616953666	733397
7646941666	1165762
7676929666	513666
7706917666	490155
7736905666	666397
7766893666	389121
7796881666	509395
7826869666	616954
7856857666	467620
7886845666	591116
7916833666	689705
7946821666	599218
7976809666	386099
8006797666	716471
8036785666	578047
8066773666	587022
8096761666	419016
8126749666	572825
8156737666	593507
8186725666	526808
8216713666	469539
8246701666	510502
8276689666	620524
8306677666	968439
8336665666	446292
8366653666	380382
8396641666	521075
8426629666	514921
8456617666	502706
8486605666	365612
8516593666	2539775
8546581666	457335
8576569666	734015
8606557666	563245
8636545666	549622
8666533666	499001
8696521666	486433
8726509666	493521
8756497666	513674
8786485666	422536
8816473666	545333
8846461666	632138
8876449666	417264
8906437666	398197
8936425666	491424
8966413666	552578
8996401666	694679
9026389666	539593
9056377666	504582
9086365666	614789
9116353666	537425
9146341666	519391
9176329666	1506697
9206317666	570980
9236305666	563996
9266293666	423936
9296281666	430597
9326269666	790595
9356257666	649703
9386245666	662807
9416233666	630410
9446221666	497363
9476209666	684700
9506197666	644468
9536185666	386191
9566173666	587843
9596161666	375092
9626149666	508093
9656137666	435582
9686125666	566793
9716113666	563604
9746101666	636550
9776089666	585559
9806077666	658337
9836065666	656229
9866053666	695807
9896041666	396364
9926029666	669088
9956017666	356646
9986005666	724187
10015993666	3349224164
10045981666	3319236164
10075969666	3289248164
10105957666	3259260164
10135945666	3229272164
10165933666	3199284164
10195921666	3169296164
10225909666	3139308164
10255897666	3109320164
10285885666	3079332164
10315873666	3049344164
10345861666	3019356164
10375849666	2989368164
10405837666	2959380164
10435825666	2929392164
10465813666	2899404164
10495801666	2869416164
10525789666	2839428164
10555777666	2809440164
10585765666	2779452164
10615753666	2749464164
10645741666	2719476164
10675729666	2689488164
10705717666	2659500164
10735705666	2629512164
10765693666	2599524164
10795681666	2569536164
10825669666	2539548164
10855657666	2509560164
10885645666	2479572164
10915633666	2449584164
10945621666	2419596164
10975609666	2389608164
11005597666	2359620164
11035585666	2329632164
11065573666	2299644164
11095561666	2269656164
11125549666	2239668164
11155537666	2209680164
11185525666	2179692164
11215513666	2149704164
11245501666	2119716164
11275489666	2089728164
11305477666	2059740164
11335465666	2029752164
11365453666	1999764164
11395441666	1969776164
11425429666	1939788164
11455417666	1909800164
11485405666	1879812164
11515393666	1849824164
11545381666	1819836164
11575369666	1789848164
11605357666	1759860164
11635345666	1729872164
11665333666	1699884164
11695321666	1669896164
11725309666	1639908164
11755297666	1609920164
11785285666	1579932164
11815273666	1549944164
11845261666	1519956164
11875249666	1489968164
11905237666	1459980164
11935225666	1429992164
11965213666	1400004164
11995201666	1370016164
12025189666	1340028164
12055177666	1310040164
12085165666	1280052164
12115153666	1250064164
12145141666	1220076164
12175129666	1190088164
12205117666	1160100164
12235105666	1130112164
12265093666	1100124164
12295081666	1070136164
12325069666	1040148164
12355057666	1010160164
12385045666	980172164
12415033666	950184164
12445021666	920196164
12475009666	1287397649
12504997666	1257409649
12534985666	1227421649
12564973666	1197433649
12594961666	1167445649
12624949666	1137457649
12654937666	1107469649
12684925666	1077481649
12714913666	1047493649
12744901666	1017505649
12774889666	987517649
12804877666	957529649
12834865666	927541649
12864853666	897553649
12894841666	867565649
12924829666	837577649
12954817666	807589649
12984805666	777601649
13014793666	747613649
13044781666	717625649
13074769666	687637649
13104757666	657649649
13134745666	627661649
13164733666	597673649
13194721666	567685649
13224709666	537697649
13254697666	507709649
13284685666	477721649
13314673666	447733649
13344661666	417745649
13374649666	387757649
13404637666	518141301
13434625666	488153301
13464613666	458165301
13494601666	428177301
13524589666	398189301
13554577666	368201301
13584565666	338213301
13614553666	308225301
13644541666	278237301
13674529666	248249301
13704517666	218261301
13734505666	188273301
13764493666	158285301
13794481666	194327765
13824469666	164339765
13854457666	134351765
13884445666	104363765
13914433666	74375765
13944421666	70877539
13974409666	40889539
14004397666	23959348
14034385666	2712696
14064373666	225208
14094361666	187339
14124349666	267494
14154337666	228921
14184325666	355792
14214313666	272174
14244301666	269016
14274289666	281670
14304277666	167554
14334265666	183421
14364253666	201903
14394241666	219689
14424229666	116627
14454217666	263417
14484205666	265033
14514193666	257397
14544181666	190481
14574169666	183032
14604157666	199699
14634145666	173999
14664133666	138742
14694121666	183112
14724109666	237085
14754097666	243933
14784085666	193180
14814073666	231358
14844061666	111823
14874049666	215012
14904037666	266367
14934025666	198545
14964013666	260478
14994001666	185510
15023989666	235645
15053977666	184624
15083965666	199729
15113953666	173651
15143941666	268021
15173929666	104948
15203917666	266169
15233905666	148120
15263893666	191632
15293881666	255723
15323869666	438981
15353857666	137152
15383845666	270152
15413833666	115909
15443821666	202802
15473809666	195830
15503797666	219788
15533785666	1720839
15563773666	228353
15593761666	182469
15623749666	284501
15653737666	208627
15683725666	313525
15713713666	278082
15743701666	286915
15773689666	236318
15803677666	238903
15833665666	225089
15863653666	269711
15893641666	281007
15923629666	172345
15953617666	197588
15983605666	167963
16013593666	144895
16043581666	188113
16073569666	297681
16103557666	160589
16133545666	112038
16163533666	279057
16193521666	194868
16223509666	220447
16253497666	246786
16283485666	215271
16313473666	205363
16343461666	218783
16373449666	207054
16403437666	184667
16433425666	138550
16463413666	154167
16493401666	187160
16523389666	186355
16553377666	218016
16583365666	251588
16613353666	217882
16643341666	224706
16673329666	153802
16703317666	203540
16733305666	171061
16763293666	147388
16793281666	227466
16823269666	130106
16853257666	369849
16883245666	220857
16913233666	178235
16943221666	175427
16973209666	263670
17003197666	207880
17033185666	2074992
17063173666	188074
17093161666	193099
17123149666	279499
17153137666	222225
17183125666	206782
17213113666	230507
17243101666	129437
17273089666	189478
17303077666	248194
17333065666	183225
17363053666	206347
17393041666	222639
17423029666	216493
17453017666	211530
17483005666	214218
17512993666	185512
17542981666	261853
17572969666	274664
17602957666	206234
17632945666	251466
17662933666	187210
17692921666	274053
17722909666	212596
17752897666	191565
17782885666	189966
17812873666	251051
17842861666	185176
17872849666	270495
17902837666	152295
17932825666	259747
17962813666	278594
17992801666	156786
18022789666	149786
18052777666	207484
18082765666	111011
18112753666	253128
18142741666	219000
18172729666	196955
18202717666	105761
18232705666	258226
18262693666	266677
18292681666	182815
18322669666	166618
18352657666	137865
18382645666	185009
18412633666	186255
18442621666	223930
18472609666	225638
18502597666	283790
18532585666	186884
18562573666	828200
18592561666	207162
18622549666	272140
18652537666	195455
18682525666	116297
18712513666	269353
18742501666	298233
18772489666	251358
18802477666	223804
18832465666	226306
18862453666	173755
18892441666	142410
18922429666	116795
18952417666	141143
18982405666	242898
19012393666	241185
19042381666	183149
19072369666	242179
19102357666	185487
19132345666	105315
19162333666	194096
19192321666	243588
19222309666	264963
19252297666	255980
19282285666	127546
19312273666	267421
19342261666	267351
19372249666	171979
19402237666	252224
19432225666	191597
19462213666	180999
19492201666	187861
19522189666	283480
19552177666	273249
19582165666	279536
19612153666	222249
19642141666	157541
19672129666	280315
19702117666	178410
19732105666	267615
19762093666	278308
19792081666	275036
19822069666	184464
19852057666	230329
19882045666	214025
19912033666	244845
19942021666	182173
19972009666	231112
20001997666	16805031
20031985666	6660774
20061973666	8564364
20091961666	9726444
20121949666	10592681
20151937666	9261735
20181925666	8158363
20211913666	9290771
20241901666	9834454
20271889666	8735067
20301877666	8698008
20331865666	10253697
20361853666	10098366
20391841666	10498328
20421829666	12465547
20451817666	13151825
20481805666	14420711
20511793666	11997253
20541781666	7516170
20571769666	11167505
20601757666	15691167
20631745666	15173193
20661733666	8233982
20691721666	13585272
20721709666	12921167
20751697666	7388776
20781685666	16091286
20811673666	19084243
20841661666	14921701
20871649666	17297599
20901637666	13105900
20931625666	14586867
20961613666	11260730
20991601666	17038369
21021589666	11615339
21051577666	13153112
21081565666	10707266
21111553666	17171671
21141541666	16735836
21171529666	7161231
21201517666	20647318
21231505666	12664937
21261493666	17824718
21291481666	16200556
21321469666	8583966
21351457666	14384722
21381445666	12726339
21411433666	19753773
21441421666	18177209
21471409666	10704072
21501397666	16063279
21531385666	14276386
21561373666	18833334
21591361666	19249621
21621349666	12848812
21651337666	20766635
21681325666	23526750
21711313666	16480515
21741301666	7864452
21771289666	21343279
21801277666	15416823
21831265666	9211677
21861253666	22888188
21891241666	19126955
21921229666	23184496
21951217666	18371777
21981205666	11949637
22011193666	22473421
22041181666	16292346
22071169666	20681023
22101157666	15061534
22131145666	9739640
22161133666	19887685
22191121666	26431658
22221109666	35555525
22251097666	21166861
22281085666	27452636
22311073666	33029798
22341061666	22347211
22371049666	22399270
22401037666	20624424
22431025666	18784862
22461013666	26911150
22491001666	24064363
22520989666	23057081
22550977666	21770405
22580965666	18375230
22610953666	15082474
22640941666	12744674
22670929666	17203772
22700917666	1813073
22730905666	1104047
22760893666	588332
22790881666	480101
22820869666	581637
22850857666	503836
22880845666	559596
22910833666	505079
22940821666	476725
22970809666	361772
23000797666	723013
23030785666	550458
23060773666	370025
23090761666	671497
23120749666	625209
23150737666	2026105
23180725666	402438
23210713666	405423
23240701666	527878
23270689666	578098
23300677666	608382
23330665666	638510
23360653666	463189
23390641666	548830
23420629666	525730
23450617666	624851
23480605666	484499
23510593666	517780
23540581666	588795
23570569666	550003
23600557666	619746
23630545666	392755
23660533666	403442
23690521666	517520
23720509666	620191
23750497666	533010
23780485666	643996
23810473666	701115
23840461666	691023
23870449666	510625
23900437666	619267
23930425666	549334
23960413666	658734
23990401666	603551
24020389666	1495227
24050377666	538948
24080365666	637910
24110353666	363772
24140341666	392111
24170329666	629694
24200317666	406647
24230305666	523133
24260293666	589783
24290281666	380830
24320269666	591756
24350257666	577177
24380245666	387315
24410233666	387016
24440221666	691068
24470209666	440047
24500197666	478059
24530185666	622682
24560173666	592411
24590161666	503624
24620149666	573280
24650137666	463377
24680125666	632945
24710113666	678745
24740101666	675302
24770089666	583008
24800077666	496476
24830065666	663719
24860053666	651304
24890041666	449929
24920029666	635950
24950017666	717761
24980005666	606150
25009993666	593760
25039981666	402689
25069969666	408764
25099957666	382154
25129945666	614318
25159933666	504410
25189921666	369502
25219909666	552818
25249897666	696717
25279885666	647006
25309873666	447769
25339861666	770816
25369849666	683457
25399837666	382899
25429825666	497685
25459813666	490598
25489801666	516033
25519789666	512004
25549777666	1597014
25579765666	8693339
25609753666	1807186
25639741666	570512
25669729666	516294
25699717666	434241
25729705666	411695
25759693666	390789
25789681666	632394
25819669666	663467
25849657666	685752
25879645666	541608
25909633666	427678
25939621666	624475
25969609666	369771
25999597666	704634
26029585666	643686
26059573666	442710
26089561666	522121
26119549666	459095
26149537666	387504
26179525666	399726
26209513666	1404602
26239501666	698345
26269489666	413403
26299477666	536763
26329465666	464067
26359453666	366173
26389441666	414100
26419429666	401827
26449417666	426312
26479405666	458185
26509393666	409076
26539381666	660088
26569369666	555573
26599357666	584822
26629345666	677126
26659333666	441893
26689321666	373415
26719309666	578612
26749297666	391188
26779285666	400006
26809273666	688981
26839261666	680899
26869249666	407985
26899237666	699574
26929225666	404340
26959213666	678363
26989201666	674935
27019189666	358918
27049177666	595794
27079165666	3314926
27109153666	401274
27139141666	650816
27169129666	448377
27199117666	606138
27229105666	552930
27259093666	659493
27289081666	457274
27319069666	424019
27349057666	613576
27379045666	596052
27409033666	454376
27439021666	385821
27469009666	547281
27498997666	394645
27528985666	544492
27558973666	546554
27588961666	464376
27618949666	405389
27648937666	515713
27678925666	500090
27708913666	689985
27738901666	930905
27768889666	690094
27798877666	522364
27828865666	450866
27858853666	391355
27888841666	642451
27918829666	560660
27948817666	672963
27978805666	608743
28008793666	611615
28038781666	427245
28068769666	583707
28098757666	524907
28128745666	462237
28158733666	566726
28188721666	609675
28218709666	510086
28248697666	332071
28278685666	592319
28308673666	356600
28338661666	667011
28368649666	552382
28398637666	600700
28428625666	614373
28458613666	527335
28488601666	503112
28518589666	554380
28548577666	386272
28578565666	398482
28608553666	1806227
28638541666	450998
28668529666	689233
28698517666	716855
28728505666	566435
28758493666	519978
28788481666	505697
28818469666	411022
28848457666	375149
28878445666	366649
28908433666	654121
28938421666	414158
28968409666	691185
28998397666	649955
29028385666	588032
29058373666	381469
29088361666	632568
29118349666	447100
29148337666	692715
29178325666	635692
29208313666	617181
29238301666	442289
29268289666	1740691
29298277666	541788
29328265666	492195
29358253666	729316
29388241666	492977
29418229666	643007
29448217666	643332
29478205666	402221
29508193666	550039
29538181666	425174
29568169666	364818
29598157666	395477
29628145666	552424
29658133666	591590
29688121666	469868
29718109666	509695
29748097666	447100
29778085666	517449
29808073666	371817
29838061666	390859
29868049666	650231
29898037666	649493
29928025666	493066
29958013666	681077
