1176	2416026
29989176	15833095
59977176	20965282
89965176	18811490
119953176	20302053
149941176	25590069
179929176	38202608
209917176	31162417
239905176	25583991
269893176	48794938
299881176	47616593
329869176	51397320
359857176	56231107
389845176	63083004
419833176	72069873
449821176	42081873
479809176	54038451
509797176	69558389
539785176	87457584
569773176	57469584
599761176	78359195
629749176	106536316
659737176	76548316
689725176	107507030
719713176	77519030
749701176	112424233
779689176	82436233
809677176	123222572
839665176	93234572
869653176	138243824
899641176	108255824
929629176	78267824
959617176	131572947
989605176	101584947
1019593176	159802432
1049581176	129814432
1079569176	99826432
1109557176	166070058
1139545176	136082058
1169533176	106094058
1199521176	178552334
1229509176	148564334
1259497176	118576334
1289485176	201046724
1319473176	171058724
1349461176	141070724
1379449176	230493450
1409437176	200505450
1439425176	170517450
1469413176	140529450
1499401176	240327246
1529389176	210339246
1559377176	180351246
1589365176	150363246
1619353176	259750000
1649341176	229762000
1679329176	199774000
1709317176	169786000
1739305176	139798000
1769293176	259107028
1799281176	229119028
1829269176	199131028
1859257176	169143028
1889245176	301177934
1919233176	271189934
1949221176	241201934
1979209176	211213934
2009197176	181225934
2039185176	324623452
2069173176	294635452
2099161176	264647452
2129149176	234659452
2159137176	204671452
2189125176	174683452
2219113176	332159541
2249101176	302171541
2279089176	272183541
2309077176	242195541
2339065176	212207541
2369053176	382755425
2399041176	352767425
2429029176	322779425
2459017176	292791425
2489005176	262803425
2518993176	232815425
2548981176	202827425
2578969176	389560101
2608957176	359572101
2638945176	329584101
2668933176	299596101
2698921176	269608101
2728909176	239620101
2758897176	441322173
2788885176	411334173
2818873176	381346173
2848861176	351358173
2878849176	321370173
2908837176	291382173
2938825176	261394173
2968813176	231406173
2998801176	451761029
3028789176	421773029
3058777176	391785029
3088765176	361797029
3118753176	331809029
3148741176	301821029
3178729176	271833029
3208717176	509670872
3238705176	479682872
3268693176	449694872
3298681176	419706872
3328669176	389718872
3358657176	359730872
3388645176	329742872
3418633176	299754872
3448621176	269766872
3478609176	528102016
3508597176	498114016
3538585176	468126016
3568573176	438138016
3598561176	408150016
3628549176	378162016
3658537176	348174016
3688525176	318186016
3718513176	288198016
3748501176	568053341
3778489176	538065341
3808477176	508077341
3838465176	478089341
3868453176	448101341
3898441176	418113341
3928429176	388125341
3958417176	358137341
3988405176	328149341
4018393176	630267629
4048381176	600279629
4078369176	570291629
4108357176	540303629
4138345176	510315629
4168333176	480327629
4198321176	450339629
4228309176	420351629
4258297176	390363629
4288285176	360375629
4318273176	330387629
4348261176	657267772
4378249176	627279772
4408237176	597291772
4438225176	567303772
4468213176	537315772
4498201176	507327772
4528189176	477339772
4558177176	447351772
4588165176	417363772
4618153176	387375772
4648141176	357387772
4678129176	709089984
4708117176	679101984
4738105176	649113984
4768093176	619125984
4798081176	589137984
4828069176	559149984
4858057176	529161984
4888045176	499173984
4918033176	469185984
4948021176	439197984
4978009176	409209984
5007997176	379221984
5037985176	757007823
5067973176	727019823
5097961176	697031823
5127949176	667043823
5157937176	637055823
5187925176	607067823
5217913176	577079823
5247901176	547091823
5277889176	517103823
5307877176	487115823
5337865176	457127823
5367853176	427139823
5397841176	847799098
5427829176	817811098
5457817176	787823098
5487805176	757835098
5517793176	727847098
5547781176	697859098
5577769176	667871098
5607757176	637883098
5637745176	607895098
5667733176	577907098
5697721176	547919098
5727709176	517931098
5757697176	487943098
5787685176	457955098
5817673176	911208092
5847661176	881220092
5877649176	851232092
5907637176	821244092
5937625176	791256092
5967613176	761268092
5997601176	731280092
6027589176	701292092
6057577176	671304092
6087565176	641316092
6117553176	611328092
6147541176	581340092
6177529176	551352092
6207517176	521364092
6237505176	491376092
6267493176	979291716
6297481176	949303716
6327469176	919315716
6357457176	889327716
6387445176	859339716
6417433176	829351716
6447421176	799363716
6477409176	769375716
6507397176	739387716
6537385176	709399716
6567373176	679411716
6597361176	649423716
6627349176	619435716
6657337176	589447716
6687325176	559459716
6717313176	529471716
6747301176	1051803711
6777289176	1021815711
6807277176	991827711
6837265176	961839711
6867253176	931851711
6897241176	901863711
6927229176	871875711
6957217176	841887711
6987205176	811899711
7017193176	781911711
7047181176	751923711
7077169176	721935711
7107157176	691947711
7137145176	661959711
7167133176	631971711
7197121176	601983711
7227109176	571995711
7257097176	1167952499
7287085176	1137964499
7317073176	1107976499
7347061176	1077988499
7377049176	1048000499
7407037176	1018012499
7437025176	988024499
7467013176	958036499
7497001176	928048499
7526989176	898060499
7556977176	868072499
7586965176	838084499
7616953176	808096499
7646941176	778108499
7676929176	748120499
7706917176	718132499
7736905176	688144499
7766893176	658156499
7796881176	628168499
7826869176	1264934302
7856857176	1234946302
7886845176	1204958302
7916833176	1174970302
7946821176	1144982302
7976809176	1114994302
8006797176	1085006302
8036785176	1055018302
8066773176	1025030302
8096761176	995042302
8126749176	965054302
8156737176	935066302
8186725176	905078302
8216713176	875090302
8246701176	845102302
8276689176	815114302
8306677176	785126302
8336665176	755138302
8366653176	725150302
8396641176	695162302
8426629176	665174302
8456617176	1347162010
8486605176	1317174010
8516593176	1287186010
8546581176	1257198010
8576569176	1227210010
8606557176	1197222010
8636545176	1167234010
8666533176	1137246010
8696521176	1107258010
8726509176	1077270010
8756497176	1047282010
8786485176	1017294010
8816473176	987306010
8846461176	957318010
8876449176	927330010
8906437176	897342010
8936425176	867354010
8966413176	837366010
8996401176	807378010
9026389176	777390010
9056377176	747402010
9086365176	717414010
9116353176	1448701127
9146341176	1418713127
9176329176	1388725127
9206317176	1358737127
9236305176	1328749127
9266293176	1298761127
9296281176	1268773127
9326269176	1238785127
9356257176	1208797127
9386245176	1178809127
9416233176	1148821127
9446221176	1118833127
9476209176	1088845127
9506197176	1058857127
9536185176	1028869127
9566173176	998881127
9596161176	968893127
9626149176	938905127
9656137176	908917127
9686125176	878929127
9716113176	848941127
9746101176	818953127
9776089176	788965127
9806077176	758977127
9836065176	7044093062
9866053176	7014105062
9896041176	6984117062
9926029176	6954129062
9956017176	6924141062
9986005176	6894153062
10015993176	6864165062
10045981176	6834177062
10075969176	6804189062
10105957176	6774201062
10135945176	6744213062
10165933176	6714225062
10195921176	6684237062
10225909176	6654249062
10255897176	6624261062
10285885176	6594273062
10315873176	6564285062
10345861176	6534297062
10375849176	6504309062
10405837176	6474321062
10435825176	6444333062
10465813176	6414345062
10495801176	6384357062
10525789176	6354369062
10555777176	6324381062
10585765176	10256651003
10615753176	10226663003
10645741176	10196675003
10675729176	10166687003
10705717176	10136699003
10735705176	10106711003
10765693176	10076723003
10795681176	10046735003
10825669176	10016747003
10855657176	9986759003
10885645176	9956771003
10915633176	9926783003
10945621176	9896795003
10975609176	9866807003
11005597176	9836819003
11035585176	9806831003
11065573176	9776843003
11095561176	9746855003
11125549176	9716867003
11155537176	9686879003
11185525176	9656891003
11215513176	9626903003
11245501176	9596915003
11275489176	9566927003
11305477176	9536939003
11335465176	9506951003
11365453176	9476963003
11395441176	9446975003
11425429176	9416987003
11455417176	9386999003
11485405176	9357011003
11515393176	9327023003
11545381176	9297035003
11575369176	9267047003
11605357176	9237059003
11635345176	9207071003
11665333176	9177083003
11695321176	9147095003
11725309176	9117107003
11755297176	9087119003
11785285176	9057131003
11815273176	9027143003
11845261176	8997155003
11875249176	8967167003
11905237176	8937179003
11935225176	8907191003
11965213176	8877203003
11995201176	8847215003
12025189176	8817227003
12055177176	8787239003
12085165176	8757251003
12115153176	8727263003
12145141176	8697275003
12175129176	8667287003
12205117176	8637299003
12235105176	8607311003
12265093176	8577323003
12295081176	8547335003
12325069176	8517347003
12355057176	8487359003
12385045176	8457371003
12415033176	8427383003
12445021176	8397395003
12475009176	8367407003
12504997176	8337419003
12534985176	8307431003
12564973176	8277443003
12594961176	8247455003
12624949176	8217467003
12654937176	8187479003
12684925176	8157491003
12714913176	8127503003
12744901176	8097515003
12774889176	8067527003
12804877176	8037539003
12834865176	8007551003
12864853176	7977563003
12894841176	7947575003
12924829176	7917587003
12954817176	7887599003
12984805176	7857611003
13014793176	7827623003
13044781176	7797635003
13074769176	7767647003
13104757176	7737659003
13134745176	7707671003
13164733176	7677683003
13194721176	7647695003
13224709176	7617707003
13254697176	7587719003
13284685176	7557731003
13314673176	7527743003
13344661176	7497755003
13374649176	7467767003
13404637176	7437779003
13434625176	7407791003
13464613176	7377803003
13494601176	7347815003
13524589176	7317827003
13554577176	7287839003
13584565176	7257851003
13614553176	7227863003
13644541176	7197875003
13674529176	7167887003
13704517176	7137899003
13734505176	7107911003
13764493176	7077923003
13794481176	7047935003
13824469176	7017947003
13854457176	6987959003
13884445176	6957971003
13914433176	6927983003
13944421176	6897995003
13974409176	6868007003
14004397176	6838019003
14034385176	6808031003
14064373176	6778043003
14094361176	6748055003
14124349176	6718067003
14154337176	6688079003
14184325176	6658091003
14214313176	6628103003
14244301176	6598115003
14274289176	6568127003
14304277176	6538139003
14334265176	6508151003
14364253176	6478163003
14394241176	6448175003
14424229176	6418187003
14454217176	6388199003
14484205176	6358211003
14514193176	6328223003
14544181176	6298235003
14574169176	6268247003
14604157176	6238259003
14634145176	6208271003
14664133176	6178283003
14694121176	6148295003
14724109176	6118307003
14754097176	6088319003
14784085176	6058331003
14814073176	6028343003
14844061176	5998355003
14874049176	5968367003
14904037176	5938379003
14934025176	5908391003
14964013176	5878403003
14994001176	5848415003
15023989176	5818427003
15053977176	5788439003
15083965176	5758451003
15113953176	5728463003
15143941176	5698475003
15173929176	5668487003
15203917176	5638499003
15233905176	5608511003
15263893176	5578523003
15293881176	5548535003
15323869176	5518547003
15353857176	5488559003
15383845176	5458571003
15413833176	5428583003
15443821176	5398595003
15473809176	5368607003
15503797176	5338619003
15533785176	5308631003
15563773176	5278643003
15593761176	5248655003
15623749176	5218667003
15653737176	5188679003
15683725176	5158691003
15713713176	5128703003
15743701176	5098715003
15773689176	5068727003
15803677176	5038739003
15833665176	5008751003
15863653176	4978763003
15893641176	4948775003
15923629176	4918787003
15953617176	4888799003
15983605176	4858811003
16013593176	4828823003
16043581176	4798835003
16073569176	4768847003
16103557176	4738859003
16133545176	4708871003
16163533176	4678883003
16193521176	4648895003
16223509176	4618907003
16253497176	4588919003
16283485176	4558931003
16313473176	4528943003
16343461176	4498955003
16373449176	4468967003
16403437176	4438979003
16433425176	4408991003
16463413176	4379003003
16493401176	4349015003
16523389176	4319027003
16553377176	4289039003
16583365176	4259051003
16613353176	4229063003
16643341176	4199075003
16673329176	4169087003
16703317176	4139099003
16733305176	4109111003
16763293176	4079123003
16793281176	4049135003
16823269176	4019147003
16853257176	3989159003
16883245176	3959171003
16913233176	6591503839
16943221176	6561515839
16973209176	6531527839
17003197176	6501539839
17033185176	6471551839
17063173176	6441563839
17093161176	6411575839
17123149176	6381587839
17153137176	6351599839
17183125176	6321611839
17213113176	6291623839
17243101176	6261635839
17273089176	6231647839
17303077176	6201659839
17333065176	6171671839
17363053176	6141683839
17393041176	6111695839
17423029176	6081707839
17453017176	6051719839
17483005176	6021731839
17512993176	5991743839
17542981176	5961755839
17572969176	5931767839
17602957176	5901779839
17632945176	5871791839
17662933176	5841803839
17692921176	5811815839
17722909176	5781827839
17752897176	5751839839
17782885176	5721851839
17812873176	5691863839
17842861176	5661875839
17872849176	5631887839
17902837176	5601899839
17932825176	5571911839
17962813176	5541923839
17992801176	5511935839
18022789176	5481947839
18052777176	5451959839
18082765176	5421971839
18112753176	5391983839
18142741176	5361995839
18172729176	5332007839
18202717176	5302019839
18232705176	5272031839
18262693176	5242043839
18292681176	5212055839
18322669176	5182067839
18352657176	5152079839
18382645176	5122091839
18412633176	5092103839
18442621176	5062115839
18472609176	5032127839
18502597176	5002139839
18532585176	4972151839
18562573176	4942163839
18592561176	4912175839
18622549176	4882187839
18652537176	4852199839
18682525176	4822211839
18712513176	4792223839
18742501176	4762235839
18772489176	4732247839
18802477176	4702259839
18832465176	4672271839
18862453176	4642283839
18892441176	4612295839
18922429176	4582307839
18952417176	4552319839
18982405176	4522331839
19012393176	4492343839
19042381176	4462355839
19072369176	4432367839
19102357176	4402379839
19132345176	4372391839
19162333176	4342403839
19192321176	4312415839
19222309176	4282427839
19252297176	4252439839
19282285176	4222451839
19312273176	4192463839
19342261176	4162475839
19372249176	4132487839
19402237176	4102499839
19432225176	4072511839
19462213176	4042523839
19492201176	4012535839
19522189176	3982547839
19552177176	3952559839
19582165176	3922571839
19612153176	3892583839
19642141176	3862595839
19672129176	3832607839
19702117176	3802619839
19732105176	3772631839
19762093176	3742643839
19792081176	3712655839
19822069176	3682667839
19852057176	3652679839
19882045176	3622691839
19912033176	3592703839
19942021176	3562715839
19972009176	3532727839
20001997176	3502739839
20031985176	3472751839
20061973176	3442763839
20091961176	3412775839
20121949176	3382787839
20151937176	3352799839
20181925176	3322811839
20211913176	3292823839
20241901176	3262835839
20271889176	3232847839
20301877176	3202859839
20331865176	3172871839
20361853176	3142883839
20391841176	3112895839
20421829176	3082907839
20451817176	3052919839
20481805176	3022931839
20511793176	2992943839
20541781176	2962955839
20571769176	2932967839
20601757176	2902979839
20631745176	2872991839
20661733176	2843003839
20691721176	2813015839
20721709176	2783027839
20751697176	2753039839
20781685176	2723051839
20811673176	2693063839
20841661176	2663075839
20871649176	2633087839
20901637176	4407898752
20931625176	4377910752
20961613176	4347922752
20991601176	4317934752
21021589176	4287946752
21051577176	4257958752
21081565176	4227970752
21111553176	4197982752
21141541176	4167994752
21171529176	4138006752
21201517176	4108018752
21231505176	4078030752
21261493176	4048042752
21291481176	4018054752
21321469176	3988066752
21351457176	3958078752
21381445176	3928090752
21411433176	3898102752
21441421176	3868114752
21471409176	3838126752
21501397176	3808138752
21531385176	3778150752
21561373176	3748162752
21591361176	3718174752
21621349176	3688186752
21651337176	3658198752
21681325176	3628210752
21711313176	3598222752
21741301176	3568234752
21771289176	3538246752
21801277176	3508258752
21831265176	3478270752
21861253176	3448282752
21891241176	3418294752
21921229176	3388306752
21951217176	3358318752
21981205176	3328330752
22011193176	3298342752
22041181176	3268354752
22071169176	3238366752
22101157176	3208378752
22131145176	3178390752
22161133176	3148402752
22191121176	3118414752
22221109176	3088426752
22251097176	3058438752
22281085176	3028450752
22311073176	2998462752
22341061176	2968474752
22371049176	2938486752
22401037176	2908498752
22431025176	2878510752
22461013176	2848522752
22491001176	2818534752
22520989176	2788546752
22550977176	2758558752
22580965176	2728570752
22610953176	2698582752
22640941176	2668594752
22670929176	2638606752
22700917176	2608618752
22730905176	2578630752
22760893176	2548642752
22790881176	2518654752
22820869176	2488666752
22850857176	2458678752
22880845176	2428690752
22910833176	2398702752
22940821176	2368714752
22970809176	2338726752
23000797176	2308738752
23030785176	2278750752
23060773176	2248762752
23090761176	2218774752
23120749176	2188786752
23150737176	2158798752
23180725176	2128810752
23210713176	2098822752
23240701176	2068834752
23270689176	2038846752
23300677176	2008858752
23330665176	1978870752
23360653176	1948882752
23390641176	1918894752
23420629176	1888906752
23450617176	1858918752
23480605176	1828930752
23510593176	1798942752
23540581176	2978426358
23570569176	2948438358
23600557176	2918450358
23630545176	2888462358
23660533176	2858474358
23690521176	2828486358
23720509176	2798498358
23750497176	2768510358
23780485176	2738522358
23810473176	2708534358
23840461176	2678546358
23870449176	2648558358
23900437176	2618570358
23930425176	2588582358
23960413176	2558594358
23990401176	2528606358
24020389176	2498618358
24050377176	2468630358
24080365176	2438642358
24110353176	2408654358
24140341176	2378666358
24170329176	2348678358
24200317176	2318690358
24230305176	2288702358
24260293176	2258714358
24290281176	2228726358
24320269176	2198738358
24350257176	2168750358
24380245176	2138762358
24410233176	2108774358
24440221176	2078786358
24470209176	2048798358
24500197176	2018810358
24530185176	1988822358
24560173176	1958834358
24590161176	1928846358
24620149176	1898858358
24650137176	1868870358
24680125176	1838882358
24710113176	1808894358
24740101176	1778906358
24770089176	1748918358
24800077176	1718930358
24830065176	1688942358
24860053176	1658954358
24890041176	1628966358
24920029176	1598978358
24950017176	1568990358
24980005176	1539002358
25009993176	1509014358
25039981176	1479026358
25069969176	1449038358
25099957176	1419050358
25129945176	1389062358
25159933176	1359074358
25189921176	1329086358
25219909176	1299098358
25249897176	1269110358
25279885176	1239122358
25309873176	1209134358
25339861176	2020060224
25369849176	1990072224
25399837176	1960084224
25429825176	1930096224
25459813176	1900108224
25489801176	1870120224
25519789176	1840132224
25549777176	1810144224
25579765176	1780156224
25609753176	1750168224
25639741176	1720180224
25669729176	1690192224
25699717176	1660204224
25729705176	1630216224
25759693176	1600228224
25789681176	1570240224
25819669176	1540252224
25849657176	1510264224
25879645176	1480276224
25909633176	1450288224
25939621176	1420300224
25969609176	1390312224
25999597176	1360324224
26029585176	1330336224
26059573176	1300348224
26089561176	1270360224
26119549176	1240372224
26149537176	1210384224
26179525176	1180396224
26209513176	1150408224
26239501176	1120420224
26269489176	1090432224
26299477176	1060444224
26329465176	1030456224
26359453176	1000468224
26389441176	970480224
26419429176	940492224
26449417176	910504224
26479405176	880516224
26509393176	850528224
26539381176	1385832394
26569369176	1355844394
26599357176	1325856394
26629345176	1295868394
26659333176	1265880394
26689321176	1235892394
26719309176	1205904394
26749297176	1175916394
26779285176	1145928394
26809273176	1115940394
26839261176	1085952394
26869249176	1055964394
26899237176	1025976394
26929225176	995988394
26959213176	966000394
26989201176	936012394
27019189176	906024394
27049177176	876036394
27079165176	846048394
27109153176	816060394
27139141176	786072394
27169129176	756084394
27199117176	726096394
27229105176	696108394
27259093176	666120394
27289081176	636132394
27319069176	606144394
27349057176	576156394
27379045176	948813410
27409033176	918825410
27439021176	888837410
27469009176	858849410
27498997176	828861410
27528985176	798873410
27558973176	768885410
27588961176	738897410
27618949176	708909410
27648937176	678921410
27678925176	648933410
27708913176	618945410
27738901176	588957410
27768889176	558969410
27798877176	528981410
27828865176	498993410
27858853176	469005410
27888841176	439017410
27918829176	409029410
27948817176	650019848
27978805176	620031848
28008793176	590043848
28038781176	560055848
28068769176	530067848
28098757176	500079848
28128745176	470091848
28158733176	440103848
28188721176	410115848
28218709176	380127848
28248697176	350139848
28278685176	320151848
28308673176	290163848
28338661176	464331273
28368649176	434343273
28398637176	404355273
28428625176	374367273
28458613176	344379273
28488601176	314391273
28518589176	284403273
28548577176	254415273
28578565176	224427273
28608553176	331431359
28638541176	301443359
28668529176	271455359
28698517176	241467359
28728505176	211479359
28758493176	181491359
28788481176	151503359
28818469176	237444174
28848457176	207456174
28878445176	177468174
28908433176	147480174
28938421176	117492174
28968409176	164838510
28998397176	134850510
29028385176	104862510
29058373176	151253138
29088361176	121265138
29118349176	91277138
29148337176	111650977
29178325176	81662977
29208313176	51674977
29238301176	77373668
29268289176	84268660
29298277176	54280660
29328265176	72434988
29358253176	72959780
29388241176	42971780
29418229176	55154832
29448217176	52957682
29478205176	63824695
29508193176	59977732
29538181176	29989732
29568169176	38797715
29598157176	34181174
29628145176	45170508
29658133176	41467340
29688121176	51097664
29718109176	46533014
29748097176	56011102
29778085176	52206090
29808073176	60831662
29838061176	55983188
29868049176	25995188
29898037176	61336740
29928025176	31348740
29958013176	43166816
