2000	52920859
30002000	22920859
60002000	17613594
90002000	1091077
120002000	225082
150002000	450131
180002000	375508
210002000	303115
240002000	234590
270002000	393995
300002000	411620
330002000	227488
360002000	368209
390002000	233831
420002000	250385
450002000	249528
480002000	414434
510002000	337390
540002000	327345
570002000	330070
600002000	337856
630002000	384348
660002000	427204
690002000	346252
720002000	231447
750002000	395789
780002000	224214
810002000	316207
840002000	441929
870002000	277396
900002000	245210
930002000	280444
960002000	257197
990002000	257267
1020002000	309976
1050002000	2477636
1080002000	238176
1110002000	380086
1140002000	278560
1170002000	290018
1200002000	229232
1230002000	269994
1260002000	445968
1290002000	378671
1320002000	286629
1350002000	322602
1380002000	368531
1410002000	222483
1440002000	250266
1470002000	243809
1500002000	425111
1530002000	232053
1560002000	385566
1590002000	403957
1620002000	246841
1650002000	231630
1680002000	268352
1710002000	368103
1740002000	224229
1770002000	348504
1800002000	431097
1830002000	258472
1860002000	406828
1890002000	376026
1920002000	277405
1950002000	369365
1980002000	389074
2010002000	357318
2040002000	278787
2070002000	267283
2100002000	2187136
2130002000	338513
2160002000	388400
2190002000	341875
2220002000	381933
2250002000	432959
2280002000	298107
2310002000	242914
2340002000	255614
2370002000	295496
2400002000	330244
2430002000	330355
2460002000	332584
2490002000	294919
2520002000	288800
2550002000	323496
2580002000	381017
2610002000	339769
2640002000	331370
2670002000	338682
2700002000	429616
2730002000	406911
2760002000	275117
2790002000	230075
2820002000	311916
2850002000	275546
2880002000	407504
2910002000	262355
2940002000	408573
2970002000	399790
3000002000	225980
3030002000	274946
3060002000	403511
3090002000	293374
3120002000	271080
3150002000	2010694
3180002000	336947
3210002000	393670
3240002000	328973
3270002000	230041
3300002000	250933
3330002000	377949
3360002000	261823
3390002000	398005
3420002000	429442
3450002000	261087
3480002000	351747
3510002000	317295
3540002000	396319
3570002000	362180
3600002000	362785
3630002000	230213
3660002000	287862
3690002000	316593
3720002000	303514
3750002000	393622
3780002000	365742
3810002000	227535
3840002000	294371
3870002000	275173
3900002000	408911
3930002000	446196
3960002000	274178
3990002000	418361
4020002000	339555
4050002000	363772
4080002000	362551
4110002000	368996
4140002000	246332
4170002000	394357
4200002000	717951
4230002000	250685
4260002000	413832
4290002000	327887
4320002000	423151
4350002000	331714
4380002000	244292
4410002000	309945
4440002000	360627
4470002000	410532
4500002000	286222
4530002000	320156
4560002000	407528
4590002000	259358
4620002000	383938
4650002000	404607
4680002000	233530
4710002000	322218
4740002000	416195
4770002000	314503
4800002000	281826
4830002000	226687
4860002000	234916
4890002000	344916
4920002000	269938
4950002000	342174
4980002000	429443
5010002000	385264
5040002000	242837
5070002000	411569
5100002000	348189
5130002000	377856
5160002000	243809
5190002000	295874
5220002000	386599
5250002000	532107
5280002000	365661
5310002000	305055
5340002000	354421
5370002000	325710
5400002000	410466
5430002000	281628
5460002000	297372
5490002000	288876
5520002000	403396
5550002000	264057
5580002000	223209
5610002000	263781
5640002000	416588
5670002000	368381
5700002000	369769
5730002000	290637
5760002000	439634
5790002000	248999
5820002000	293005
5850002000	435919
5880002000	295173
5910002000	293069
5940002000	350060
5970002000	324659
6000002000	224099
6030002000	1560262
6060002000	220603
6090002000	317602
6120002000	366330
6150002000	234262
6180002000	368770
6210002000	245531
6240002000	366135
6270002000	385582
6300002000	360963
6330002000	325708
6360002000	399942
6390002000	404920
6420002000	339203
6450002000	398088
6480002000	219201
6510002000	389584
6540002000	372727
6570002000	327803
6600002000	326673
6630002000	285090
6660002000	319828
6690002000	233160
6720002000	329754
6750002000	291348
6780002000	250539
6810002000	401311
6840002000	396918
6870002000	248773
6900002000	416256
6930002000	422472
6960002000	298637
6990002000	310037
7020002000	232755
7050002000	329401
7080002000	768885
7110002000	258389
7140002000	396273
7170002000	1333239
7200002000	661271
7230002000	400415
7260002000	345743
7290002000	527635
7320002000	394913
7350002000	480683
7380002000	389144
7410002000	348627
7440002000	447826
7470002000	446599
7500002000	466805
7530002000	354279
7560002000	331002
7590002000	481015
7620002000	334853
7650002000	445806
7680002000	304102
7710002000	466824
7740002000	264809
7770002000	356860
7800002000	425979
7830002000	422530
7860002000	307019
7890002000	440252
7920002000	255130
7950002000	308104
7980002000	468547
8010002000	431612
8040002000	281025
8070002000	254654
8100002000	425403
8130002000	523258
8160002000	343517
8190002000	325840
8220002000	321437
8250002000	297776
8280002000	260239
8310002000	470776
8340002000	359895
8370002000	241012
8400002000	287284
8430002000	375161
8460002000	410053
8490002000	479039
8520002000	367266
8550002000	313364
8580002000	306753
8610002000	305184
8640002000	434960
8670002000	284778
8700002000	286934
8730002000	255102
8760002000	257252
8790002000	353854
8820002000	405128
8850002000	405321
8880002000	318138
8910002000	248326
8940002000	492631
8970002000	450117
9000002000	451810
9030002000	314371
9060002000	420311
9090002000	442314
9120002000	387733
9150002000	241684
9180002000	859467
9210002000	493621
9240002000	491288
9270002000	492679
9300002000	411303
9330002000	503539
9360002000	370422
9390002000	286077
9420002000	400183
9450002000	311976
9480002000	352465
9510002000	485198
9540002000	470503
9570002000	322388
9600002000	331882
9630002000	452373
9660002000	295448
9690002000	389298
9720002000	497840
9750002000	421870
9780002000	276942
9810002000	268385
9840002000	401431
9870002000	343309
9900002000	390990
9930002000	477815
9960002000	317703
9990002000	399472
10020002000	3704213651
10050002000	3674213651
10080002000	3644213651
10110002000	3614213651
10140002000	3584213651
10170002000	3554213651
10200002000	3524213651
10230002000	3494213651
10260002000	3464213651
10290002000	3434213651
10320002000	3404213651
10350002000	3374213651
10380002000	3344213651
10410002000	3314213651
10440002000	3284213651
10470002000	3254213651
10500002000	3224213651
10530002000	3194213651
10560002000	3164213651
10590002000	3134213651
10620002000	3104213651
10650002000	3074213651
10680002000	3044213651
10710002000	3014213651
10740002000	2984213651
10770002000	2954213651
10800002000	2924213651
10830002000	2894213651
10860002000	2864213651
10890002000	2834213651
10920002000	2804213651
10950002000	2774213651
10980002000	2744213651
11010002000	2714213651
11040002000	2684213651
11070002000	2654213651
11100002000	2624213651
11130002000	2594213651
11160002000	2564213651
11190002000	2534213651
11220002000	2504213651
11250002000	2474213651
11280002000	2444213651
11310002000	2414213651
11340002000	2384213651
11370002000	2354213651
11400002000	2324213651
11430002000	2294213651
11460002000	2264213651
11490002000	2234213651
11520002000	2204213651
11550002000	2174213651
11580002000	2144213651
11610002000	2114213651
11640002000	2084213651
11670002000	2054213651
11700002000	2024213651
11730002000	1994213651
11760002000	1964213651
11790002000	1934213651
11820002000	1904213651
11850002000	1874213651
11880002000	1844213651
11910002000	1814213651
11940002000	1784213651
11970002000	1754213651
12000002000	1724213651
12030002000	1694213651
12060002000	1664213651
12090002000	1634213651
12120002000	1604213651
12150002000	1574213651
12180002000	1544213651
12210002000	1514213651
12240002000	1484213651
12270002000	1454213651
12300002000	1424213651
12330002000	1394213651
12360002000	1364213651
12390002000	1334213651
12420002000	1304213651
12450002000	1274213651
12480002000	1244213651
12510002000	1214213651
12540002000	1184213651
12570002000	1154213651
12600002000	1124213651
12630002000	1094213651
12660002000	1064213651
12690002000	1034213651
12720002000	1004213651
12750002000	974213651
12780002000	944213651
12810002000	914213651
12840002000	884213651
12870002000	1142890221
12900002000	1112890221
12930002000	1082890221
12960002000	1052890221
12990002000	1022890221
13020002000	992890221
13050002000	962890221
13080002000	932890221
13110002000	902890221
13140002000	872890221
13170002000	842890221
13200002000	812890221
13230002000	782890221
13260002000	752890221
13290002000	722890221
13320002000	692890221
13350002000	662890221
13380002000	632890221
13410002000	602890221
13440002000	572890221
13470002000	542890221
13500002000	512890221
13530002000	482890221
13560002000	452890221
13590002000	422890221
13620002000	392890221
13650002000	362890221
13680002000	332890221
13710002000	302890221
13740002000	367326471
13770002000	337326471
13800002000	307326471
13830002000	277326471
13860002000	247326471
13890002000	217326471
13920002000	187326471
13950002000	157326471
13980002000	127326471
14010002000	97326471
14040002000	98552218
14070002000	68552218
14100002000	38552218
14130002000	18558861
14160002000	106940
14190002000	150306
14220002000	102576
14250002000	211973
14280002000	109836
14310002000	191581
14340002000	180107
14370002000	104205
14400002000	204850
14430002000	207299
14460002000	202995
14490002000	190539
14520002000	150182
14550002000	98915
14580002000	174433
14610002000	169107
14640002000	184402
14670002000	197722
14700002000	205825
14730002000	168072
14760002000	140058
14790002000	181345
14820002000	126320
14850002000	165032
14880002000	167602
14910002000	193652
14940002000	109761
14970002000	164769
15000002000	127595
15030002000	147894
15060002000	207041
15090002000	267374
15120002000	298101
15150002000	133530
15180002000	152504
15210002000	166780
15240002000	281752
15270002000	139086
15300002000	233894
15330002000	254381
15360002000	180245
15390002000	167201
15420002000	179772
15450002000	275574
15480002000	171372
15510002000	199689
15540002000	124398
15570002000	270323
15600002000	158666
15630002000	187938
15660002000	128961
15690002000	231635
15720002000	202657
15750002000	215326
15780002000	135558
15810002000	204082
15840002000	144679
15870002000	185001
15900002000	258069
15930002000	296046
15960002000	157781
15990002000	190463
16020002000	255702
16050002000	101517
16080002000	289870
16110002000	228226
16140002000	247596
16170002000	210378
16200002000	220359
16230002000	187565
16260002000	150938
16290002000	216840
16320002000	172087
16350002000	174490
16380002000	195264
16410002000	275073
16440002000	210870
16470002000	229539
16500002000	184236
16530002000	237589
16560002000	106956
16590002000	154005
16620002000	155487
16650002000	161250
16680002000	263876
16710002000	164933
16740002000	225562
16770002000	181255
16800002000	157935
16830002000	252922
16860002000	196362
16890002000	170938
16920002000	269239
16950002000	225795
16980002000	176303
17010002000	161454
17040002000	1067690
17070002000	247426
17100002000	192656
17130002000	299598
17160002000	164946
17190002000	223904
17220002000	223668
17250002000	231428
17280002000	198937
17310002000	156381
17340002000	184637
17370002000	195047
17400002000	233745
17430002000	205970
17460002000	224676
17490002000	202257
17520002000	169910
17550002000	172497
17580002000	196507
17610002000	164564
17640002000	167259
17670002000	191782
17700002000	257191
17730002000	167714
17760002000	212765
17790002000	233221
17820002000	213026
17850002000	112757
17880002000	112069
17910002000	111023
17940002000	257254
17970002000	131060
18000002000	222501
18030002000	193771
18060002000	192384
18090002000	248837
18120002000	200480
18150002000	219245
18180002000	226611
18210002000	227502
18240002000	255846
18270002000	153633
18300002000	215489
18330002000	286445
18360002000	107342
18390002000	227062
18420002000	171503
18450002000	159625
18480002000	191615
18510002000	145111
18540002000	131090
18570002000	145908
18600002000	197150
18630002000	191653
18660002000	157174
18690002000	145170
18720002000	161125
18750002000	186820
18780002000	129560
18810002000	233800
18840002000	100226
18870002000	158939
18900002000	273563
18930002000	156562
18960002000	144160
18990002000	160268
19020002000	158207
19050002000	159010
19080002000	206808
19110002000	106384
19140002000	224929
19170002000	127493
19200002000	158469
19230002000	149683
19260002000	153652
19290002000	168747
19320002000	299922
19350002000	144536
19380002000	244009
19410002000	110641
19440002000	150208
19470002000	177189
19500002000	211057
19530002000	220424
19560002000	257815
19590002000	234021
19620002000	222581
19650002000	194248
19680002000	217925
19710002000	168909
19740002000	112509
19770002000	276438
19800002000	158620
19830002000	160047
19860002000	216500
19890002000	123265
19920002000	173476
19950002000	90054
19980002000	164232
20010002000	7207904
20040002000	6956617
20070002000	4414235
20100002000	11774010
20130002000	6209970
20160002000	10064254
20190002000	11749905
20220002000	6925826
20250002000	11197658
20280002000	9276747
20310002000	5129080
20340002000	10755056
20370002000	9883314
20400002000	6093807
20430002000	11796739
20460002000	11125041
20490002000	13573724
20520002000	11708929
20550002000	9887462
20580002000	9619346
20610002000	8022663
20640002000	6232501
20670002000	4758058
20700002000	13952384
20730002000	14326524
20760002000	13567973
20790002000	12788978
20820002000	12071919
20850002000	11939702
20880002000	13178711
20910002000	13736197
20940002000	14067395
20970002000	15575947
21000002000	8097469
21030002000	9806690
21060002000	10669567
21090002000	11328301
21120002000	12312286
21150002000	13884511
21180002000	15178052
21210002000	11621855
21240002000	15054495
21270002000	6399982
21300002000	9638636
21330002000	12753028
21360002000	17011307
21390002000	15606227
21420002000	7833993
21450002000	13977687
21480002000	14617735
21510002000	11211268
21540002000	18676852
21570002000	7383365
21600002000	12429386
21630002000	16357436
21660002000	15035267
21690002000	8051135
21720002000	13133983
21750002000	12340664
21780002000	7886598
21810002000	15526952
21840002000	17723351
21870002000	13847398
21900002000	15984292
21930002000	11081834
21960002000	13451345
21990002000	1367360
22020002000	361142
22050002000	340456
22080002000	382212
22110002000	333809
22140002000	347174
22170002000	339932
22200002000	283329
22230002000	395231
22260002000	302000
22290002000	430313
22320002000	272283
22350002000	374881
22380002000	365893
22410002000	229499
22440002000	291171
22470002000	381763
22500002000	439032
22530002000	379297
22560002000	292792
22590002000	386525
22620002000	274938
22650002000	407564
22680002000	369818
22710002000	380649
22740002000	398563
22770002000	324527
22800002000	395180
22830002000	415948
22860002000	417785
22890002000	320183
22920002000	271083
22950002000	334922
22980002000	325007
23010002000	288178
23040002000	223461
23070002000	2454888
23100002000	376981
23130002000	395195
23160002000	409722
23190002000	404849
23220002000	390664
23250002000	347687
23280002000	272923
23310002000	216041
23340002000	219644
23370002000	332770
23400002000	286940
23430002000	249078
23460002000	360375
23490002000	268039
23520002000	304497
23550002000	377478
23580002000	362139
23610002000	288774
23640002000	388087
23670002000	415535
23700002000	270691
23730002000	332038
23760002000	424019
23790002000	388821
23820002000	298275
23850002000	370644
23880002000	402857
23910002000	453237
23940002000	313828
23970002000	413180
24000002000	283317
24030002000	281457
24060002000	317109
24090002000	379550
24120002000	1564644
24150002000	310543
24180002000	324012
24210002000	242646
24240002000	377127
24270002000	390814
24300002000	260817
24330002000	426360
24360002000	435202
24390002000	302090
24420002000	261157
24450002000	306053
24480002000	379284
24510002000	268343
24540002000	281939
24570002000	234684
24600002000	306191
24630002000	354525
24660002000	234207
24690002000	376490
24720002000	410478
24750002000	373853
24780002000	277267
24810002000	297624
24840002000	343976
24870002000	324027
24900002000	326179
24930002000	301836
24960002000	300209
24990002000	355005
25020002000	272611
25050002000	433186
25080002000	338780
25110002000	293488
25140002000	303620
25170002000	1190638
25200002000	363407
25230002000	393072
25260002000	427647
25290002000	422248
25320002000	296411
25350002000	354614
25380002000	225299
25410002000	335970
25440002000	368590
25470002000	382411
25500002000	263406
25530002000	422408
25560002000	327479
25590002000	293691
25620002000	272175
25650002000	417197
25680002000	235529
25710002000	257034
25740002000	376933
25770002000	377655
25800002000	231705
25830002000	412994
25860002000	338448
25890002000	379115
25920002000	368124
25950002000	409491
25980002000	233343
26010002000	297936
26040002000	412968
26070002000	370696
26100002000	311459
26130002000	384428
26160002000	428075
26190002000	221745
26220002000	923581
26250002000	328447
26280002000	380315
26310002000	410517
26340002000	272982
26370002000	335699
26400002000	405133
26430002000	404209
26460002000	357792
26490002000	432000
26520002000	403047
26550002000	245713
26580002000	319445
26610002000	394003
26640002000	287264
26670002000	321009
26700002000	256867
26730002000	421551
26760002000	342969
26790002000	413865
26820002000	232310
26850002000	393288
26880002000	329251
26910002000	405768
26940002000	396939
26970002000	249159
27000002000	272013
27030002000	294639
27060002000	364709
27090002000	248963
27120002000	326502
27150002000	248023
27180002000	230230
27210002000	340177
27240002000	270539
27270002000	366587
27300002000	301081
27330002000	239698
27360002000	433366
27390002000	432788
27420002000	402253
27450002000	357236
27480002000	401343
27510002000	281817
27540002000	294114
27570002000	366537
27600002000	367372
27630002000	236256
27660002000	378487
27690002000	349936
27720002000	357466
27750002000	412591
27780002000	310625
27810002000	363541
27840002000	225529
27870002000	216200
27900002000	429156
27930002000	349263
27960002000	225841
27990002000	272358
28020002000	293143
28050002000	1598687
28080002000	368631
28110002000	362150
28140002000	381675
28170002000	284455
28200002000	285086
28230002000	261090
28260002000	242699
28290002000	375064
28320002000	257715
28350002000	382098
28380002000	243364
28410002000	420818
28440002000	380732
28470002000	302673
28500002000	216972
28530002000	441800
28560002000	228819
28590002000	260560
28620002000	326789
28650002000	250726
28680002000	428927
28710002000	344568
28740002000	281331
28770002000	257143
28800002000	331845
28830002000	416918
28860002000	418266
28890002000	398104
28920002000	271559
28950002000	328495
28980002000	418362
29010002000	310451
29040002000	362540
29070002000	256334
29100002000	734888
29130002000	236785
29160002000	427897
29190002000	416069
29220002000	416382
29250002000	293751
29280002000	224113
29310002000	233368
29340002000	435124
29370002000	332517
29400002000	428609
29430002000	268272
29460002000	286585
29490002000	408389
29520002000	220191
29550002000	430479
29580002000	436342
29610002000	246884
29640002000	238543
29670002000	513751
29700002000	368728
29730002000	517199
29760002000	452493
29790002000	297086
29820002000	453617
29850002000	429493
29880002000	504973
29910002000	265521
29940002000	514043
29970002000	339524
