1052	2636639
29983052	24072581
59965052	39861474
89947052	41934010
119929052	51852411
149911052	72175078
179893052	105957949
209875052	75975949
239857052	125097664
269839052	95115664
299821052	167829891
329803052	137847891
359785052	107865891
389767052	205486333
419749052	175504333
449731052	145522333
479713052	275743849
509695052	245761849
539677052	215779849
569659052	185797849
599641052	358127293
629623052	328145293
659605052	298163293
689587052	268181293
719569052	238199293
749551052	208217293
779533052	432801359
809515052	402819359
839497052	372837359
869479052	342855359
899461052	312873359
929443052	282891359
959425052	570910654
989407052	540928654
1019389052	510946654
1049371052	480964654
1079353052	450982654
1109335052	421000654
1139317052	391018654
1169299052	361036654
1199281052	331054654
1229263052	699847559
1259245052	669865559
1289227052	639883559
1319209052	609901559
1349191052	579919559
1379173052	549937559
1409155052	519955559
1439137052	489973559
1469119052	459991559
1499101052	430009559
1529083052	400027559
1559065052	870197667
1589047052	840215667
1619029052	810233667
1649011052	780251667
1678993052	750269667
1708975052	720287667
1738957052	690305667
1768939052	660323667
1798921052	630341667
1828903052	600359667
1858885052	570377667
1888867052	540395667
1918849052	510413667
1948831052	1109971740
1978813052	1079989740
2008795052	1050007740
2038777052	1020025740
2068759052	990043740
2098741052	960061740
2128723052	930079740
2158705052	900097740
2188687052	870115740
2218669052	840133740
2248651052	810151740
2278633052	780169740
2308615052	750187740
2338597052	720205740
2368579052	690223740
2398561052	660241740
2428543052	630259740
2458525052	1399180221
2488507052	1369198221
2518489052	1339216221
2548471052	1309234221
2578453052	1279252221
2608435052	1249270221
2638417052	1219288221
2668399052	1189306221
2698381052	1159324221
2728363052	1129342221
2758345052	1099360221
2788327052	1069378221
2818309052	1039396221
2848291052	1009414221
2878273052	979432221
2908255052	949450221
2938237052	919468221
2968219052	889486221
2998201052	859504221
3028183052	829522221
3058165052	799540221
3088147052	1782538464
3118129052	1752556464
3148111052	1722574464
3178093052	1692592464
3208075052	1662610464
3238057052	1632628464
3268039052	1602646464
3298021052	1572664464
3328003052	1542682464
3357985052	1512700464
3387967052	1482718464
3417949052	1452736464
3447931052	1422754464
3477913052	1392772464
3507895052	1362790464
3537877052	1332808464
3567859052	1302826464
3597841052	1272844464
3627823052	1242862464
3657805052	1212880464
3687787052	1182898464
3717769052	1152916464
3747751052	1122934464
3777733052	1092952464
3807715052	1062970464
3837697052	1032988464
3867679052	2265535802
3897661052	2235553802
3927643052	2205571802
3957625052	2175589802
3987607052	2145607802
4017589052	2115625802
4047571052	2085643802
4077553052	2055661802
4107535052	2025679802
4137517052	1995697802
4167499052	1965715802
4197481052	1935733802
4227463052	1905751802
4257445052	1875769802
4287427052	1845787802
4317409052	1815805802
4347391052	1785823802
4377373052	1755841802
4407355052	1725859802
4437337052	1695877802
4467319052	1665895802
4497301052	1635913802
4527283052	1605931802
4557265052	1575949802
4587247052	1545967802
4617229052	1515985802
4647211052	1486003802
4677193052	1456021802
4707175052	1426039802
4737157052	1396057802
4767139052	1366075802
4797121052	1336093802
4827103052	1306111802
4857085052	1276129802
4887067052	2823519578
4917049052	2793537578
4947031052	2763555578
4977013052	2733573578
5006995052	2703591578
5036977052	2673609578
5066959052	2643627578
5096941052	2613645578
5126923052	2583663578
5156905052	2553681578
5186887052	2523699578
5216869052	2493717578
5246851052	2463735578
5276833052	2433753578
5306815052	2403771578
5336797052	2373789578
5366779052	2343807578
5396761052	2313825578
5426743052	2283843578
5456725052	2253861578
5486707052	2223879578
5516689052	2193897578
5546671052	2163915578
5576653052	2133933578
5606635052	2103951578
5636617052	2073969578
5666599052	2043987578
5696581052	2014005578
5726563052	1984023578
5756545052	1954041578
5786527052	1924059578
5816509052	1894077578
5846491052	1864095578
5876473052	1834113578
5906455052	1804131578
5936437052	1774149578
5966419052	1744167578
5996401052	1714185578
6026383052	1684203578
6056365052	1654221578
6086347052	1624239578
6116329052	1594257578
6146311052	3572854353
6176293052	3542872353
6206275052	3512890353
6236257052	3482908353
6266239052	3452926353
6296221052	3422944353
6326203052	3392962353
6356185052	3362980353
6386167052	3332998353
6416149052	3303016353
6446131052	3273034353
6476113052	3243052353
6506095052	3213070353
6536077052	3183088353
6566059052	3153106353
6596041052	3123124353
6626023052	3093142353
6656005052	3063160353
6685987052	3033178353
6715969052	3003196353
6745951052	2973214353
6775933052	2943232353
6805915052	2913250353
6835897052	2883268353
6865879052	2853286353
6895861052	2823304353
6925843052	2793322353
6955825052	2763340353
6985807052	2733358353
7015789052	2703376353
7045771052	2673394353
7075753052	2643412353
7105735052	2613430353
7135717052	2583448353
7165699052	2553466353
7195681052	2523484353
7225663052	2493502353
7255645052	2463520353
7285627052	2433538353
7315609052	2403556353
7345591052	2373574353
7375573052	2343592353
7405555052	2313610353
7435537052	2283628353
7465519052	2253646353
7495501052	2223664353
7525483052	2193682353
7555465052	2163700353
7585447052	2133718353
7615429052	2103736353
7645411052	2073754353
7675393052	2043772353
7705375052	2013790353
7735357052	4551986497
7765339052	4522004497
7795321052	4492022497
7825303052	4462040497
7855285052	4432058497
7885267052	4402076497
7915249052	4372094497
7945231052	4342112497
7975213052	4312130497
8005195052	4282148497
8035177052	4252166497
8065159052	4222184497
8095141052	4192202497
8125123052	4162220497
8155105052	4132238497
8185087052	4102256497
8215069052	4072274497
8245051052	4042292497
8275033052	4012310497
8305015052	3982328497
8334997052	3952346497
8364979052	3922364497
8394961052	3892382497
8424943052	3862400497
8454925052	3832418497
8484907052	3802436497
8514889052	3772454497
8544871052	3742472497
8574853052	3712490497
8604835052	3682508497
8634817052	3652526497
8664799052	3622544497
8694781052	3592562497
8724763052	3562580497
8754745052	3532598497
8784727052	3502616497
8814709052	3472634497
8844691052	3442652497
8874673052	3412670497
8904655052	3382688497
8934637052	3352706497
8964619052	3322724497
8994601052	3292742497
9024583052	3262760497
9054565052	3232778497
9084547052	3202796497
9114529052	3172814497
9144511052	3142832497
9174493052	3112850497
9204475052	3082868497
9234457052	3052886497
9264439052	3022904497
9294421052	2992922497
9324403052	2962940497
9354385052	2932958497
9384367052	2902976497
9414349052	2872994497
9444331052	2843012497
9474313052	2813030497
9504295052	2783048497
9534277052	2753066497
9564259052	2723084497
9594241052	2693102497
9624223052	2663120497
9654205052	2633138497
9684187052	2603156497
9714169052	2573174497
9744151052	11032239388
9774133052	11002257388
9804115052	10972275388
9834097052	10942293388
9864079052	10912311388
9894061052	10882329388
9924043052	10852347388
9954025052	10822365388
9984007052	10792383388
10013989052	10762401388
10043971052	10732419388
10073953052	10702437388
10103935052	10672455388
10133917052	10642473388
10163899052	10612491388
10193881052	10582509388
10223863052	10552527388
10253845052	10522545388
10283827052	10492563388
10313809052	10462581388
10343791052	10432599388
10373773052	10402617388
10403755052	10372635388
10433737052	10342653388
10463719052	10312671388
10493701052	10282689388
10523683052	10252707388
10553665052	10222725388
10583647052	10192743388
10613629052	10162761388
10643611052	10132779388
10673593052	10102797388
10703575052	10072815388
10733557052	10042833388
10763539052	10012851388
10793521052	9982869388
10823503052	9952887388
10853485052	9922905388
10883467052	9892923388
10913449052	9862941388
10943431052	9832959388
10973413052	9802977388
11003395052	9772995388
11033377052	9743013388
11063359052	9713031388
11093341052	9683049388
11123323052	9653067388
11153305052	9623085388
11183287052	9593103388
11213269052	9563121388
11243251052	9533139388
11273233052	9503157388
11303215052	9473175388
11333197052	9443193388
11363179052	9413211388
11393161052	9383229388
11423143052	9353247388
11453125052	9323265388
11483107052	9293283388
11513089052	9263301388
11543071052	9233319388
11573053052	9203337388
11603035052	9173355388
11633017052	9143373388
11662999052	9113391388
11692981052	9083409388
11722963052	9053427388
11752945052	9023445388
11782927052	8993463388
11812909052	8963481388
11842891052	8933499388
11872873052	8903517388
11902855052	8873535388
11932837052	8843553388
11962819052	8813571388
11992801052	8783589388
12022783052	8753607388
12052765052	8723625388
12082747052	8693643388
12112729052	8663661388
12142711052	8633679388
12172693052	8603697388
12202675052	8573715388
12232657052	8543733388
12262639052	8513751388
12292621052	8483769388
12322603052	14845020061
12352585052	14815038061
12382567052	14785056061
12412549052	14755074061
12442531052	14725092061
12472513052	14695110061
12502495052	14665128061
12532477052	14635146061
12562459052	14605164061
12592441052	14575182061
12622423052	14545200061
12652405052	14515218061
12682387052	14485236061
12712369052	14455254061
12742351052	14425272061
12772333052	14395290061
12802315052	14365308061
12832297052	14335326061
12862279052	14305344061
12892261052	14275362061
12922243052	14245380061
12952225052	14215398061
12982207052	14185416061
13012189052	14155434061
13042171052	14125452061
13072153052	14095470061
13102135052	14065488061
13132117052	14035506061
13162099052	14005524061
13192081052	13975542061
13222063052	13945560061
13252045052	13915578061
13282027052	13885596061
13312009052	13855614061
13341991052	13825632061
13371973052	13795650061
13401955052	13765668061
13431937052	13735686061
13461919052	13705704061
13491901052	13675722061
13521883052	13645740061
13551865052	13615758061
13581847052	13585776061
13611829052	13555794061
13641811052	13525812061
13671793052	13495830061
13701775052	13465848061
13731757052	13435866061
13761739052	13405884061
13791721052	13375902061
13821703052	13345920061
13851685052	13315938061
13881667052	13285956061
13911649052	13255974061
13941631052	13225992061
13971613052	13196010061
14001595052	13166028061
14031577052	13136046061
14061559052	13106064061
14091541052	13076082061
14121523052	13046100061
14151505052	13016118061
14181487052	12986136061
14211469052	12956154061
14241451052	12926172061
14271433052	12896190061
14301415052	12866208061
14331397052	12836226061
14361379052	12806244061
14391361052	12776262061
14421343052	12746280061
14451325052	12716298061
14481307052	12686316061
14511289052	12656334061
14541271052	12626352061
14571253052	12596370061
14601235052	12566388061
14631217052	12536406061
14661199052	12506424061
14691181052	12476442061
14721163052	12446460061
14751145052	12416478061
14781127052	12386496061
14811109052	12356514061
14841091052	12326532061
14871073052	12296550061
14901055052	12266568061
14931037052	12236586061
14961019052	12206604061
14991001052	12176622061
15020983052	12146640061
15050965052	12116658061
15080947052	12086676061
15110929052	12056694061
15140911052	12026712061
15170893052	11996730061
15200875052	11966748061
15230857052	11936766061
15260839052	11906784061
15290821052	11876802061
15320803052	11846820061
15350785052	11816838061
15380767052	11786856061
15410749052	11756874061
15440731052	11726892061
15470713052	11696910061
15500695052	11666928061
15530677052	11636946061
15560659052	11606964061
15590641052	11576982061
15620623052	11547000061
15650605052	11517018061
15680587052	11487036061
15710569052	11457054061
15740551052	11427072061
15770533052	11397090061
15800515052	11367108061
15830497052	11337126061
15860479052	11307144061
15890461052	11277162061
15920443052	11247180061
15950425052	11217198061
15980407052	11187216061
16010389052	11157234061
16040371052	11127252061
16070353052	11097270061
16100335052	11067288061
16130317052	11037306061
16160299052	11007324061
16190281052	10977342061
16220263052	10947360061
16250245052	10917378061
16280227052	10887396061
16310209052	10857414061
16340191052	10827432061
16370173052	10797450061
16400155052	10767468061
16430137052	10737486061
16460119052	10707504061
16490101052	10677522061
16520083052	10647540061
16550065052	10617558061
16580047052	10587576061
16610029052	10557594061
16640011052	10527612061
16669993052	10497630061
16699975052	10467648061
16729957052	10437666061
16759939052	10407684061
16789921052	10377702061
16819903052	10347720061
16849885052	10317738061
16879867052	10287756061
16909849052	10257774061
16939831052	10227792061
16969813052	10197810061
16999795052	10167828061
17029777052	10137846061
17059759052	10107864061
17089741052	10077882061
17119723052	10047900061
17149705052	10017918061
17179687052	9987936061
17209669052	9957954061
17239651052	9927972061
17269633052	9897990061
17299615052	9868008061
17329597052	9838026061
17359579052	9808044061
17389561052	9778062061
17419543052	9748080061
17449525052	9718098061
17479507052	9688116061
17509489052	9658134061
17539471052	9628152061
17569453052	9598170061
17599435052	9568188061
17629417052	9538206061
17659399052	9508224061
17689381052	9478242061
17719363052	9448260061
17749345052	9418278061
17779327052	9388296061
17809309052	9358314061
17839291052	9328332061
17869273052	9298350061
17899255052	9268368061
17929237052	9238386061
17959219052	9208404061
17989201052	9178422061
18019183052	9148440061
18049165052	9118458061
18079147052	9088476061
18109129052	9058494061
18139111052	9028512061
18169093052	8998530061
18199075052	8968548061
18229057052	8938566061
18259039052	8908584061
18289021052	8878602061
18319003052	8848620061
18348985052	8818638061
18378967052	8788656061
18408949052	8758674061
18438931052	8728692061
18468913052	8698710061
18498895052	8668728061
18528877052	8638746061
18558859052	8608764061
18588841052	8578782061
18618823052	8548800061
18648805052	8518818061
18678787052	8488836061
18708769052	8458854061
18738751052	8428872061
18768733052	8398890061
18798715052	8368908061
18828697052	8338926061
18858679052	8308944061
18888661052	8278962061
18918643052	8248980061
18948625052	8218998061
18978607052	8189016061
19008589052	8159034061
19038571052	8129052061
19068553052	8099070061
19098535052	8069088061
19128517052	8039106061
19158499052	8009124061
19188481052	7979142061
19218463052	7949160061
19248445052	7919178061
19278427052	7889196061
19308409052	7859214061
19338391052	7829232061
19368373052	7799250061
19398355052	7769268061
19428337052	7739286061
19458319052	7709304061
19488301052	7679322061
19518283052	7649340061
19548265052	7619358061
19578247052	7589376061
19608229052	7559394061
19638211052	7529412061
19668193052	7499430061
19698175052	7469448061
19728157052	7439466061
19758139052	7409484061
19788121052	7379502061
19818103052	7349520061
19848085052	7319538061
19878067052	7289556061
19908049052	7259574061
19938031052	7229592061
19968013052	7199610061
19997995052	7169628061
20027977052	7139646061
20057959052	7109664061
20087941052	7079682061
20117923052	7049700061
20147905052	7019718061
20177887052	6989736061
20207869052	6959754061
20237851052	6929772061
20267833052	6899790061
20297815052	6869808061
20327797052	6839826061
20357779052	6809844061
20387761052	6779862061
20417743052	6749880061
20447725052	6719898061
20477707052	6689916061
20507689052	6659934061
20537671052	6629952061
20567653052	6599970061
20597635052	6569988061
20627617052	6540006061
20657599052	6510024061
20687581052	6480042061
20717563052	6450060061
20747545052	6420078061
20777527052	6390096061
20807509052	11464321111
20837491052	11434339111
20867473052	11404357111
20897455052	11374375111
20927437052	11344393111
20957419052	11314411111
20987401052	11284429111
21017383052	11254447111
21047365052	11224465111
21077347052	11194483111
21107329052	11164501111
21137311052	11134519111
21167293052	11104537111
21197275052	11074555111
21227257052	11044573111
21257239052	11014591111
21287221052	10984609111
21317203052	10954627111
21347185052	10924645111
21377167052	10894663111
21407149052	10864681111
21437131052	10834699111
21467113052	10804717111
21497095052	10774735111
21527077052	10744753111
21557059052	10714771111
21587041052	10684789111
21617023052	10654807111
21647005052	10624825111
21676987052	10594843111
21706969052	10564861111
21736951052	10534879111
21766933052	10504897111
21796915052	10474915111
21826897052	10444933111
21856879052	10414951111
21886861052	10384969111
21916843052	10354987111
21946825052	10325005111
21976807052	10295023111
22006789052	10265041111
22036771052	10235059111
22066753052	10205077111
22096735052	10175095111
22126717052	10145113111
22156699052	10115131111
22186681052	10085149111
22216663052	10055167111
22246645052	10025185111
22276627052	9995203111
22306609052	9965221111
22336591052	9935239111
22366573052	9905257111
22396555052	9875275111
22426537052	9845293111
22456519052	9815311111
22486501052	9785329111
22516483052	9755347111
22546465052	9725365111
22576447052	9695383111
22606429052	9665401111
22636411052	9635419111
22666393052	9605437111
22696375052	9575455111
22726357052	9545473111
22756339052	9515491111
22786321052	9485509111
22816303052	9455527111
22846285052	9425545111
22876267052	9395563111
22906249052	9365581111
22936231052	9335599111
22966213052	9305617111
22996195052	9275635111
23026177052	9245653111
23056159052	9215671111
23086141052	9185689111
23116123052	9155707111
23146105052	9125725111
23176087052	9095743111
23206069052	9065761111
23236051052	9035779111
23266033052	9005797111
23296015052	8975815111
23325997052	8945833111
23355979052	8915851111
23385961052	8885869111
23415943052	8855887111
23445925052	8825905111
23475907052	8795923111
23505889052	8765941111
23535871052	8735959111
23565853052	8705977111
23595835052	8675995111
23625817052	8646013111
23655799052	8616031111
23685781052	8586049111
23715763052	8556067111
23745745052	8526085111
23775727052	8496103111
23805709052	8466121111
23835691052	8436139111
23865673052	8406157111
23895655052	8376175111
23925637052	8346193111
23955619052	8316211111
23985601052	8286229111
24015583052	8256247111
24045565052	8226265111
24075547052	8196283111
24105529052	8166301111
24135511052	8136319111
24165493052	8106337111
24195475052	8076355111
24225457052	8046373111
24255439052	8016391111
24285421052	7986409111
24315403052	7956427111
24345385052	7926445111
24375367052	7896463111
24405349052	7866481111
24435331052	7836499111
24465313052	7806517111
24495295052	7776535111
24525277052	7746553111
24555259052	7716571111
24585241052	7686589111
24615223052	7656607111
24645205052	7626625111
24675187052	7596643111
24705169052	7566661111
24735151052	7536679111
24765133052	7506697111
24795115052	7476715111
24825097052	7446733111
24855079052	7416751111
24885061052	7386769111
24915043052	7356787111
24945025052	7326805111
24975007052	7296823111
25004989052	7266841111
25034971052	7236859111
25064953052	7206877111
25094935052	7176895111
25124917052	7146913111
25154899052	7116931111
25184881052	7086949111
25214863052	7056967111
25244845052	7026985111
25274827052	6997003111
25304809052	6967021111
25334791052	6937039111
25364773052	6907057111
25394755052	6877075111
25424737052	6847093111
25454719052	6817111111
25484701052	6787129111
25514683052	6757147111
25544665052	6727165111
25574647052	6697183111
25604629052	6667201111
25634611052	6637219111
25664593052	6607237111
25694575052	6577255111
25724557052	6547273111
25754539052	6517291111
25784521052	6487309111
25814503052	6457327111
25844485052	6427345111
25874467052	6397363111
25904449052	6367381111
25934431052	6337399111
25964413052	6307417111
25994395052	6277435111
26024377052	6247453111
26054359052	6217471111
26084341052	6187489111
26114323052	6157507111
26144305052	6127525111
26174287052	6097543111
26204269052	6067561111
26234251052	6037579111
26264233052	6007597111
26294215052	5977615111
26324197052	5947633111
26354179052	5917651111
26384161052	5887669111
26414143052	5857687111
26444125052	5827705111
26474107052	5797723111
26504089052	5767741111
26534071052	5737759111
26564053052	5707777111
26594035052	5677795111
26624017052	5647813111
26653999052	5617831111
26683981052	5587849111
26713963052	5557867111
26743945052	5527885111
26773927052	5497903111
26803909052	5467921111
26833891052	5437939111
26863873052	5407957111
26893855052	5377975111
26923837052	5347993111
26953819052	5318011111
26983801052	5288029111
27013783052	5258047111
27043765052	5228065111
27073747052	5198083111
27103729052	5168101111
27133711052	5138119111
27163693052	5108137111
27193675052	5078155111
27223657052	5048173111
27253639052	9069694582
27283621052	9039712582
27313603052	9009730582
27343585052	8979748582
27373567052	8949766582
27403549052	8919784582
27433531052	8889802582
27463513052	8859820582
27493495052	8829838582
27523477052	8799856582
27553459052	8769874582
27583441052	8739892582
27613423052	8709910582
27643405052	8679928582
27673387052	8649946582
27703369052	8619964582
27733351052	8589982582
27763333052	8560000582
27793315052	8530018582
27823297052	8500036582
27853279052	8470054582
27883261052	8440072582
27913243052	8410090582
27943225052	8380108582
27973207052	8350126582
28003189052	8320144582
28033171052	8290162582
28063153052	8260180582
28093135052	8230198582
28123117052	8200216582
28153099052	8170234582
28183081052	8140252582
28213063052	8110270582
28243045052	8080288582
28273027052	8050306582
28303009052	8020324582
28332991052	7990342582
28362973052	7960360582
28392955052	7930378582
28422937052	7900396582
28452919052	7870414582
28482901052	7840432582
28512883052	7810450582
28542865052	7780468582
28572847052	7750486582
28602829052	7720504582
28632811052	7690522582
28662793052	7660540582
28692775052	7630558582
28722757052	7600576582
28752739052	7570594582
28782721052	7540612582
28812703052	7510630582
28842685052	7480648582
28872667052	7450666582
28902649052	7420684582
28932631052	7390702582
28962613052	7360720582
28992595052	7330738582
29022577052	7300756582
29052559052	7270774582
29082541052	7240792582
29112523052	7210810582
29142505052	7180828582
29172487052	7150846582
29202469052	7120864582
29232451052	7090882582
29262433052	7060900582
29292415052	7030918582
29322397052	7000936582
29352379052	6970954582
29382361052	6940972582
29412343052	6910990582
29442325052	6881008582
29472307052	6851026582
29502289052	6821044582
29532271052	6791062582
29562253052	6761080582
29592235052	6731098582
29622217052	6701116582
29652199052	6671134582
29682181052	6641152582
29712163052	6611170582
29742145052	6581188582
29772127052	6551206582
29802109052	6521224582
29832091052	6491242582
29862073052	6461260582
29892055052	6431278582
29922037052	6401296582
29952019052	6371314582
