1818	60277545
29998818	30280545
59995818	20805257
89992818	10585803
119989818	685268
149986818	369445
179983818	365654
209980818	431545
239977818	1100065
269974818	535913
299971818	329204
329968818	425696
359965818	493887
389962818	300772
419959818	458315
449956818	477280
479953818	2522633
509950818	490849
539947818	430133
569944818	497027
599941818	305320
629938818	583305
659935818	368259
689932818	569896
719929818	698523
749926818	485096
779923818	339524
809920818	360771
839917818	473057
869914818	411528
899911818	303957
929908818	576354
959905818	695566
989902818	627305
1019899818	346189
1049896818	577758
1079893818	288543
1109890818	466105
1139887818	591849
1169884818	336698
1199881818	322832
1229878818	504948
1259875818	300860
1289872818	345533
1319869818	400111
1349866818	422686
1379863818	586582
1409860818	458623
1439857818	461722
1469854818	379463
1499851818	386353
1529848818	329279
1559845818	496737
1589842818	432036
1619839818	587686
1649836818	576247
1679833818	328060
1709830818	583515
1739827818	415345
1769824818	531886
1799821818	515171
1829818818	317759
1859815818	570239
1889812818	393543
1919809818	564336
1949806818	559492
1979803818	389460
2009800818	567764
2039797818	301195
2069794818	539454
2099791818	299683
2129788818	303737
2159785818	542211
2189782818	558805
2219779818	403223
2249776818	431855
2279773818	552900
2309770818	576647
2339767818	448113
2369764818	304142
2399761818	390660
2429758818	356572
2459755818	483295
2489752818	363670
2519749818	543983
2549746818	406714
2579743818	413597
2609740818	458546
2639737818	342137
2669734818	358052
2699731818	579896
2729728818	448790
2759725818	549479
2789722818	440131
2819719818	605995
2849716818	565640
2879713818	508315
2909710818	347973
2939707818	409024
2969704818	605074
2999701818	534177
3029698818	337482
3059695818	368928
3089692818	330181
3119689818	442493
3149686818	301906
3179683818	473093
3209680818	612516
3239677818	479128
3269674818	382035
3299671818	320969
3329668818	543515
3359665818	311925
3389662818	387329
3419659818	465290
3449656818	310623
3479653818	452870
3509650818	382282
3539647818	309786
3569644818	578900
3599641818	384261
3629638818	491385
3659635818	545431
3689632818	575266
3719629818	315779
3749626818	458874
3779623818	460319
3809620818	327982
3839617818	487247
3869614818	593221
3899611818	414920
3929608818	444408
3959605818	470790
3989602818	579157
4019599818	539329
4049596818	374555
4079593818	396445
4109590818	296933
4139587818	549741
4169584818	500716
4199581818	620462
4229578818	477520
4259575818	475939
4289572818	3737223
4319569818	426195
4349566818	463981
4379563818	316659
4409560818	508508
4439557818	366691
4469554818	517873
4499551818	354680
4529548818	1152053
4559545818	357420
4589542818	508567
4619539818	481280
4649536818	579799
4679533818	517495
4709530818	345410
4739527818	565966
4769524818	1513484
4799521818	600753
4829518818	581362
4859515818	456543
4889512818	398030
4919509818	462387
4949506818	613693
4979503818	317560
5009500818	428911
5039497818	353129
5069494818	408397
5099491818	370120
5129488818	389370
5159485818	408241
5189482818	500722
5219479818	595448
5249476818	852165
5279473818	420991
5309470818	324554
5339467818	550891
5369464818	289860
5399461818	471233
5429458818	588181
5459455818	359830
5489452818	301641
5519449818	348104
5549446818	320983
5579443818	343192
5609440818	374187
5639437818	570325
5669434818	432114
5699431818	453071
5729428818	546024
5759425818	596241
5789422818	520851
5819419818	561071
5849416818	504217
5879413818	466894
5909410818	432346
5939407818	555059
5969404818	434018
5999401818	357909
6029398818	397806
6059395818	368986
6089392818	355998
6119389818	519846
6149386818	400685
6179383818	430583
6209380818	347495
6239377818	447661
6269374818	601238
6299371818	352751
6329368818	331695
6359365818	465994
6389362818	550392
6419359818	434775
6449356818	499072
6479353818	510288
6509350818	552176
6539347818	382939
6569344818	623113
6599341818	315429
6629338818	516127
6659335818	534484
6689332818	403629
6719329818	554791
6749326818	476443
6779323818	520332
6809320818	469836
6839317818	467829
6869314818	403790
6899311818	404708
6929308818	392845
6959305818	340913
6989302818	542326
7019299818	362164
7049296818	350482
7079293818	409020
7109290818	336878
7139287818	599700
7169284818	382355
7199281818	1188538
7229278818	485733
7259275818	765326
7289272818	501550
7319269818	561162
7349266818	697793
7379263818	647267
7409260818	652608
7439257818	554956
7469254818	332669
7499251818	458797
7529248818	546541
7559245818	618389
7589242818	506085
7619239818	470898
7649236818	505593
7679233818	395535
7709230818	453594
7739227818	509609
7769224818	383220
7799221818	523755
7829218818	414721
7859215818	350251
7889212818	603866
7919209818	466223
7949206818	518371
7979203818	628759
8009200818	532820
8039197818	371449
8069194818	428507
8099191818	392048
8129188818	491302
8159185818	334852
8189182818	503552
8219179818	362141
8249176818	508293
8279173818	303227
8309170818	321153
8339167818	603541
8369164818	618020
8399161818	529118
8429158818	512115
8459155818	631631
8489152818	441796
8519149818	347905
8549146818	408011
8579143818	3311070
8609140818	330536
8639137818	591935
8669134818	417543
8699131818	383165
8729128818	596499
8759125818	451696
8789122818	388114
8819119818	870199
8849116818	397909
8879113818	561986
8909110818	501453
8939107818	504387
8969104818	374612
8999101818	570417
9029098818	466184
9059095818	1290740
9089092818	531358
9119089818	380436
9149086818	371208
9179083818	453300
9209080818	444052
9239077818	651243
9269074818	447994
9299071818	478559
9329068818	671677
9359065818	377685
9389062818	482805
9419059818	628930
9449056818	585559
9479053818	470836
9509050818	562633
9539047818	593694
9569044818	608876
9599041818	563157
9629038818	331250
9659035818	490625
9689032818	503868
9719029818	450259
9749026818	497381
9779023818	615544
9809020818	437845
9839017818	357267
9869014818	588372
9899011818	338975
9929008818	393931
9959005818	493422
9989002818	469599
10018999818	3915077199
10048996818	3885080199
10078993818	3855083199
10108990818	3825086199
10138987818	3795089199
10168984818	3765092199
10198981818	3735095199
10228978818	3705098199
10258975818	3675101199
10288972818	3645104199
10318969818	3615107199
10348966818	3585110199
10378963818	3555113199
10408960818	3525116199
10438957818	3495119199
10468954818	3465122199
10498951818	3435125199
10528948818	3405128199
10558945818	3375131199
10588942818	3345134199
10618939818	3315137199
10648936818	3285140199
10678933818	3255143199
10708930818	3225146199
10738927818	3195149199
10768924818	3165152199
10798921818	3135155199
10828918818	3105158199
10858915818	3075161199
10888912818	3045164199
10918909818	3015167199
10948906818	2985170199
10978903818	2955173199
11008900818	2925176199
11038897818	2895179199
11068894818	2865182199
11098891818	2835185199
11128888818	2805188199
11158885818	2775191199
11188882818	2745194199
11218879818	2715197199
11248876818	2685200199
11278873818	2655203199
11308870818	2625206199
11338867818	2595209199
11368864818	2565212199
11398861818	2535215199
11428858818	2505218199
11458855818	2475221199
11488852818	2445224199
11518849818	2415227199
11548846818	2385230199
11578843818	2355233199
11608840818	2325236199
11638837818	2295239199
11668834818	2265242199
11698831818	2235245199
11728828818	2205248199
11758825818	2175251199
11788822818	2145254199
11818819818	2115257199
11848816818	2085260199
11878813818	2055263199
11908810818	2025266199
11938807818	1995269199
11968804818	1965272199
11998801818	1935275199
12028798818	1905278199
12058795818	1875281199
12088792818	1845284199
12118789818	1815287199
12148786818	1785290199
12178783818	1755293199
12208780818	1725296199
12238777818	1695299199
12268774818	1665302199
12298771818	1635305199
12328768818	1605308199
12358765818	1575311199
12388762818	1545314199
12418759818	1515317199
12448756818	1485320199
12478753818	1455323199
12508750818	1425326199
12538747818	1395329199
12568744818	1365332199
12598741818	1335335199
12628738818	1305338199
12658735818	1275341199
12688732818	1245344199
12718729818	1215347199
12748726818	1185350199
12778723818	1155353199
12808720818	1125356199
12838717818	1095359199
12868714818	1065362199
12898711818	1035365199
12928708818	1005368199
12958705818	1345982233
12988702818	1315985233
13018699818	1285988233
13048696818	1255991233
13078693818	1225994233
13108690818	1195997233
13138687818	1166000233
13168684818	1136003233
13198681818	1106006233
13228678818	1076009233
13258675818	1046012233
13288672818	1016015233
13318669818	986018233
13348666818	956021233
13378663818	926024233
13408660818	896027233
13438657818	866030233
13468654818	836033233
13498651818	806036233
13528648818	776039233
13558645818	746042233
13588642818	716045233
13618639818	686048233
13648636818	656051233
13678633818	626054233
13708630818	596057233
13738627818	566060233
13768624818	536063233
13798621818	506066233
13828618818	476069233
13858615818	446072233
13888612818	416075233
13918609818	386078233
13948606818	356081233
13978603818	460955076
14008600818	430958076
14038597818	400961076
14068594818	370964076
14098591818	340967076
14128588818	310970076
14158585818	280973076
14188582818	250976076
14218579818	220979076
14248576818	190982076
14278573818	160985076
14308570818	130988076
14338567818	152867954
14368564818	122870954
14398561818	92873954
14428558818	62876954
14458555818	51461292
14488552818	21464292
14518549818	2691425
14548546818	245437
14578543818	174287
14608540818	219671
14638537818	184508
14668534818	139839
14698531818	203137
14728528818	180557
14758525818	191214
14788522818	231870
14818519818	143085
14848516818	266180
14878513818	291953
14908510818	272851
14938507818	232496
14968504818	207176
14998501818	100462
15028498818	231162
15058495818	209987
15088492818	255662
15118489818	289273
15148486818	312220
15178483818	99112
15208480818	233205
15238477818	216616
15268474818	237844
15298471818	308327
15328468818	166888
15358465818	147480
15388462818	207130
15418459818	231434
15448456818	189892
15478453818	265355
15508450818	198388
15538447818	245715
15568444818	235919
15598441818	213831
15628438818	143845
15658435818	255491
15688432818	214155
15718429818	313410
15748426818	223480
15778423818	328761
15808420818	158804
15838417818	209164
15868414818	198103
15898411818	248919
15928408818	147456
15958405818	204439
15988402818	295646
16018399818	131474
16048396818	210668
16078393818	167227
16108390818	112485
16138387818	193576
16168384818	198373
16198381818	225142
16228378818	181978
16258375818	165496
16288372818	252436
16318369818	228699
16348366818	202872
16378363818	199105
16408360818	102130
16438357818	290220
16468354818	277486
16498351818	239485
16528348818	174079
16558345818	266912
16588342818	109544
16618339818	310590
16648336818	283488
16678333818	213467
16708330818	140115
16738327818	330551
16768324818	217421
16798321818	211479
16828318818	178591
16858315818	142964
16888312818	260175
16918309818	251177
16948306818	131321
16978303818	209654
17008300818	262376
17038297818	248119
17068294818	215083
17098291818	263849
17128288818	191112
17158285818	1996983
17188282818	285464
17218279818	212106
17248276818	175991
17278273818	172536
17308270818	154163
17338267818	127343
17368264818	159257
17398261818	309281
17428258818	171386
17458255818	309850
17488252818	307650
17518249818	206104
17548246818	298455
17578243818	236281
17608240818	210702
17638237818	204606
17668234818	184124
17698231818	111285
17728228818	206882
17758225818	188590
17788222818	258394
17818219818	103853
17848216818	177196
17878213818	214728
17908210818	225405
17938207818	470767
17968204818	194937
17998201818	221947
18028198818	250785
18058195818	247779
18088192818	253777
18118189818	220381
18148186818	166511
18178183818	218207
18208180818	296710
18238177818	294139
18268174818	214785
18298171818	222866
18328168818	221098
18358165818	131072
18388162818	303415
18418159818	211972
18448156818	237865
18478153818	218808
18508150818	222636
18538147818	183668
18568144818	235625
18598141818	331640
18628138818	297874
18658135818	258502
18688132818	199702
18718129818	179705
18748126818	190479
18778123818	201195
18808120818	237706
18838117818	179671
18868114818	202579
18898111818	302207
18928108818	175421
18958105818	183084
18988102818	175265
19018099818	162775
19048096818	239700
19078093818	194394
19108090818	131481
19138087818	221736
19168084818	301324
19198081818	152370
19228078818	292564
19258075818	233191
19288072818	107223
19318069818	341091
19348066818	230879
19378063818	259265
19408060818	196030
19438057818	274953
19468054818	210575
19498051818	105870
19528048818	241881
19558045818	172674
19588042818	169478
19618039818	196331
19648036818	227671
19678033818	185645
19708030818	221532
19738027818	233711
19768024818	229212
19798021818	242132
19828018818	148673
19858015818	232117
19888012818	115379
19918009818	170797
19948006818	212738
19978003818	264376
20008000818	9367741
20037997818	10375620
20067994818	12621266
20097991818	9728679
20127988818	6216691
20157985818	12854070
20187982818	10924918
20217979818	13366310
20247976818	11147707
20277973818	9927791
20307970818	7084596
20337967818	5732484
20367964818	4953070
20397961818	13761181
20427958818	12408085
20457955818	12789909
20487952818	14094053
20517949818	6868302
20547946818	7950230
20577943818	8883886
20607940818	12238848
20637937818	16862107
20667934818	15294856
20697931818	6139740
20727928818	9181044
20757925818	15567324
20787922818	14576515
20817919818	7304842
20847916818	12278379
20877913818	12754693
20907910818	5649188
20937907818	9067515
20967904818	13666173
20997901818	15092332
21027898818	8611369
21057895818	12831529
21087892818	17559831
21117889818	5819343
21147886818	11126700
21177883818	17589800
21207880818	6021171
21237877818	13984734
21267874818	13451461
21297871818	6905424
21327868818	15260095
21357865818	16018092
21387862818	9480925
21417859818	16948826
21447856818	22840076
21477853818	16645400
21507850818	15351537
21537847818	17664575
21567844818	12110257
21597841818	13573163
21627838818	10246001
21657835818	14115164
21687832818	12146029
21717829818	17653904
21747826818	13827421
21777823818	18303031
21807820818	15134693
21837817818	17356764
21867814818	13468137
21897811818	15816216
21927808818	13413940
21957805818	19032891
21987802818	15969889
22017799818	18900911
22047796818	16148556
22077793818	8174092
22107790818	20528865
22137787818	12962974
22167784818	20250097
22197781818	20465200
22227778818	13588956
22257775818	11316163
22287772818	475206
22317769818	452294
22347766818	328293
22377763818	516801
22407760818	426486
22437757818	543781
22467754818	427007
22497751818	336096
22527748818	479447
22557745818	463881
22587742818	595115
22617739818	421821
22647736818	595463
22677733818	308060
22707730818	466045
22737727818	574730
22767724818	419597
22797721818	531668
22827718818	361568
22857715818	636670
22887712818	370671
22917709818	454832
22947706818	616237
22977703818	388507
23007700818	476965
23037697818	482861
23067694818	386751
23097691818	624162
23127688818	601105
23157685818	604316
23187682818	404976
23217679818	549117
23247676818	531324
23277673818	525477
23307670818	559322
23337667818	324515
23367664818	335423
23397661818	479548
23427658818	435969
23457655818	413815
23487652818	377855
23517649818	595184
23547646818	402069
23577643818	325300
23607640818	313619
23637637818	393817
23667634818	412235
23697631818	523547
23727628818	441069
23757625818	498043
23787622818	607210
23817619818	561668
23847616818	442503
23877613818	369631
23907610818	429908
23937607818	532253
23967604818	381957
23997601818	329379
24027598818	456010
24057595818	306060
24087592818	405563
24117589818	465567
24147586818	570668
24177583818	405023
24207580818	547434
24237577818	477854
24267574818	329259
24297571818	591647
24327568818	397936
24357565818	553533
24387562818	449610
24417559818	373383
24447556818	515833
24477553818	374890
24507550818	353441
24537547818	583031
24567544818	475584
24597541818	503206
24627538818	396749
24657535818	399610
24687532818	526800
24717529818	530777
24747526818	310250
24777523818	419746
24807520818	572880
24837517818	351489
24867514818	507687
24897511818	477519
24927508818	562265
24957505818	420320
24987502818	538913
25017499818	573443
25047496818	589736
25077493818	472060
25107490818	352273
25137487818	476842
25167484818	414986
25197481818	584941
25227478818	361159
25257475818	446549
25287472818	479761
25317469818	477001
25347466818	332783
25377463818	462838
25407460818	601292
25437457818	489154
25467454818	576367
25497451818	1466358
25527448818	584408
25557445818	435607
25587442818	516131
25617439818	467204
25647436818	514473
25677433818	366002
25707430818	392553
25737427818	1947516
25767424818	475781
25797421818	393168
25827418818	389612
25857415818	600969
25887412818	370311
25917409818	433224
25947406818	618555
25977403818	905050
26007400818	609102
26037397818	483266
26067394818	333866
26097391818	540935
26127388818	600051
26157385818	572582
26187382818	389557
26217379818	1218139
26247376818	554370
26277373818	518702
26307370818	574771
26337367818	470009
26367364818	594285
26397361818	350954
26427358818	497294
26457355818	322285
26487352818	428840
26517349818	559441
26547346818	319894
26577343818	527654
26607340818	405152
26637337818	512560
26667334818	573674
26697331818	588182
26727328818	467875
26757325818	481588
26787322818	620903
26817319818	446781
26847316818	351915
26877313818	564801
26907310818	525020
26937307818	348314
26967304818	472320
26997301818	408686
27027298818	455632
27057295818	404238
27087292818	403648
27117289818	467186
27147286818	552634
27177283818	332597
27207280818	371850
27237277818	309612
27267274818	390526
27297271818	487537
27327268818	421054
27357265818	465943
27387262818	294080
27417259818	352497
27447256818	519947
27477253818	359478
27507250818	396388
27537247818	400426
27567244818	468336
27597241818	499475
27627238818	503766
27657235818	322755
27687232818	406613
27717229818	459801
27747226818	451647
27777223818	371331
27807220818	503280
27837217818	580093
27867214818	492391
27897211818	543927
27927208818	551682
27957205818	385239
27987202818	503855
28017199818	380110
28047196818	441268
28077193818	580526
28107190818	586735
28137187818	309751
28167184818	400729
28197181818	485114
28227178818	520574
28257175818	378101
28287172818	497680
28317169818	311773
28347166818	427765
28377163818	550553
28407160818	372997
28437157818	447664
28467154818	517646
28497151818	563199
28527148818	432070
28557145818	465708
28587142818	521981
28617139818	493578
28647136818	529669
28677133818	587346
28707130818	425168
28737127818	534471
28767124818	344932
28797121818	400336
28827118818	310600
28857115818	336216
28887112818	349191
28917109818	308953
28947106818	434852
28977103818	358433
29007100818	325124
29037097818	405927
29067094818	615079
29097091818	382139
29127088818	432556
29157085818	562474
29187082818	560934
29217079818	609158
29247076818	442322
29277073818	431599
29307070818	343339
29337067818	591811
29367064818	578225
29397061818	443038
29427058818	344248
29457055818	396696
29487052818	579978
29517049818	509873
29547046818	398165
29577043818	582383
29607040818	435175
29637037818	454780
29667034818	647831
29697031818	672623
29727028818	502776
29757025818	581854
29787022818	1737566
29817019818	384317
29847016818	362113
29877013818	486881
29907010818	494666
29937007818	526231
29967004818	588811
