1110	2514143
29971110	13335107
59941110	30619363
89911110	21653185
119881110	43454180
149851110	45678715
179821110	54151382
209791110	67805409
239761110	88043440
269731110	58073440
299701110	86972865
329671110	126828350
359641110	96858350
389611110	146848528
419581110	116878528
449551110	86908528
479521110	151433209
509491110	121463209
539461110	201649615
569431110	171679615
599401110	141709615
629371110	111739615
659341110	210951542
689311110	180981542
719281110	151011542
749251110	271188906
779221110	241218906
809191110	211248906
839161110	181278906
869131110	151308906
899101110	295264198
929071110	265294198
959041110	235324198
989011110	205354198
1018981110	175384198
1048951110	349425349
1078921110	319455349
1108891110	289485349
1138861110	259515349
1168831110	229545349
1198801110	436464584
1228771110	406494584
1258741110	376524584
1288711110	346554584
1318681110	316584584
1348651110	286614584
1378621110	256644584
1408591110	500979573
1438561110	471009573
1468531110	441039573
1498501110	411069573
1528471110	381099573
1558441110	351129573
1588411110	321159573
1618381110	291189573
1648351110	581293174
1678321110	551323174
1708291110	521353174
1738261110	491383174
1768231110	461413174
1798201110	431443174
1828171110	401473174
1858141110	371503174
1888111110	341533174
1918081110	682533348
1948051110	652563348
1978021110	622593348
2007991110	592623348
2037961110	562653348
2067931110	532683348
2097901110	502713348
2127871110	472743348
2157841110	442773348
2187811110	412803348
2217781110	382833348
2247751110	782231872
2277721110	752261872
2307691110	722291872
2337661110	692321872
2367631110	662351872
2397601110	632381872
2427571110	602411872
2457541110	572441872
2487511110	542471872
2517481110	512501872
2547451110	482531872
2577421110	452561872
2607391110	919513764
2637361110	889543764
2667331110	859573764
2697301110	829603764
2727271110	799633764
2757241110	769663764
2787211110	739693764
2817181110	709723764
2847151110	679753764
2877121110	649783764
2907091110	619813764
2937061110	589843764
2967031110	559873764
2997001110	529903764
3026971110	499933764
3056941110	1044594979
3086911110	1014624979
3116881110	984654979
3146851110	954684979
3176821110	924714979
3206791110	894744979
3236761110	864774979
3266731110	834804979
3296701110	804834979
3326671110	774864979
3356641110	744894979
3386611110	714924979
3416581110	684954979
3446551110	654984979
3476521110	625014979
3506491110	595044979
3536461110	1236937932
3566431110	1206967932
3596401110	1176997932
3626371110	1147027932
3656341110	1117057932
3686311110	1087087932
3716281110	1057117932
3746251110	1027147932
3776221110	997177932
3806191110	967207932
3836161110	937237932
3866131110	907267932
3896101110	877297932
3926071110	847327932
3956041110	817357932
3986011110	787387932
4015981110	757417932
4045951110	727447932
4075921110	697477932
4105891110	667507932
4135861110	1437883645
4165831110	1407913645
4195801110	1377943645
4225771110	1347973645
4255741110	1318003645
4285711110	1288033645
4315681110	1258063645
4345651110	1228093645
4375621110	1198123645
4405591110	1168153645
4435561110	1138183645
4465531110	1108213645
4495501110	1078243645
4525471110	1048273645
4555441110	1018303645
4585411110	988333645
4615381110	958363645
4645351110	928393645
4675321110	898423645
4705291110	868453645
4735261110	838483645
4765231110	808513645
4795201110	1724768279
4825171110	1694798279
4855141110	1664828279
4885111110	1634858279
4915081110	1604888279
4945051110	1574918279
4975021110	1544948279
5004991110	1514978279
5034961110	1485008279
5064931110	1455038279
5094901110	1425068279
5124871110	1395098279
5154841110	1365128279
5184811110	1335158279
5214781110	1305188279
5244751110	1275218279
5274721110	1245248279
5304691110	1215278279
5334661110	1185308279
5364631110	1155338279
5394601110	1125368279
5424571110	1095398279
5454541110	1065428279
5484511110	1035458279
5514481110	1005488279
5544451110	975518279
5574421110	945548279
5604391110	2011392561
5634361110	1981422561
5664331110	1951452561
5694301110	1921482561
5724271110	1891512561
5754241110	1861542561
5784211110	1831572561
5814181110	1801602561
5844151110	1771632561
5874121110	1741662561
5904091110	1711692561
5934061110	1681722561
5964031110	1651752561
5994001110	1621782561
6023971110	1591812561
6053941110	1561842561
6083911110	1531872561
6113881110	1501902561
6143851110	1471932561
6173821110	1441962561
6203791110	1411992561
6233761110	1382022561
6263731110	1352052561
6293701110	1322082561
6323671110	1292112561
6353641110	1262142561
6383611110	1232172561
6413581110	1202202561
6443551110	1172232561
6473521110	1142262561
6503491110	1112292561
6533461110	2391139609
6563431110	2361169609
6593401110	2331199609
6623371110	2301229609
6653341110	2271259609
6683311110	2241289609
6713281110	2211319609
6743251110	2181349609
6773221110	2151379609
6803191110	2121409609
6833161110	2091439609
6863131110	2061469609
6893101110	2031499609
6923071110	2001529609
6953041110	1971559609
6983011110	1941589609
7012981110	1911619609
7042951110	1881649609
7072921110	1851679609
7102891110	1821709609
7132861110	1791739609
7162831110	1761769609
7192801110	1731799609
7222771110	1701829609
7252741110	1671859609
7282711110	1641889609
7312681110	1611919609
7342651110	1581949609
7372621110	1551979609
7402591110	1522009609
7432561110	1492039609
7462531110	1462069609
7492501110	1432099609
7522471110	1402129609
7552441110	1372159609
7582411110	1342189609
7612381110	1312219609
7642351110	2803696867
7672321110	2773726867
7702291110	2743756867
7732261110	2713786867
7762231110	2683816867
7792201110	2653846867
7822171110	2623876867
7852141110	2593906867
7882111110	2563936867
7912081110	2533966867
7942051110	2503996867
7972021110	2474026867
8001991110	2444056867
8031961110	2414086867
8061931110	2384116867
8091901110	2354146867
8121871110	2324176867
8151841110	2294206867
8181811110	2264236867
8211781110	2234266867
8241751110	2204296867
8271721110	2174326867
8301691110	2144356867
8331661110	2114386867
8361631110	2084416867
8391601110	2054446867
8421571110	2024476867
8451541110	1994506867
8481511110	1964536867
8511481110	1934566867
8541451110	1904596867
8571421110	1874626867
8601391110	1844656867
8631361110	1814686867
8661331110	1784716867
8691301110	1754746867
8721271110	1724776867
8751241110	1694806867
8781211110	1664836867
8811181110	1634866867
8841151110	1604896867
8871121110	1574926867
8901091110	1544956867
8931061110	1514986867
8961031110	8623190101
8991001110	8593220101
9020971110	8563250101
9050941110	8533280101
9080911110	8503310101
9110881110	8473340101
9140851110	8443370101
9170821110	8413400101
9200791110	8383430101
9230761110	8353460101
9260731110	8323490101
9290701110	8293520101
9320671110	8263550101
9350641110	8233580101
9380611110	8203610101
9410581110	8173640101
9440551110	8143670101
9470521110	8113700101
9500491110	8083730101
9530461110	8053760101
9560431110	8023790101
9590401110	7993820101
9620371110	7963850101
9650341110	7933880101
9680311110	7903910101
9710281110	7873940101
9740251110	7843970101
9770221110	7814000101
9800191110	7784030101
9830161110	7754060101
9860131110	7724090101
9890101110	7694120101
9920071110	7664150101
9950041110	7634180101
9980011110	7604210101
10009981110	7574240101
10039951110	7544270101
10069921110	7514300101
10099891110	7484330101
10129861110	7454360101
10159831110	7424390101
10189801110	7394420101
10219771110	7364450101
10249741110	7334480101
10279711110	7304510101
10309681110	7274540101
10339651110	7244570101
10369621110	7214600101
10399591110	7184630101
10429561110	7154660101
10459531110	12092083633
10489501110	12062113633
10519471110	12032143633
10549441110	12002173633
10579411110	11972203633
10609381110	11942233633
10639351110	11912263633
10669321110	11882293633
10699291110	11852323633
10729261110	11822353633
10759231110	11792383633
10789201110	11762413633
10819171110	11732443633
10849141110	11702473633
10879111110	11672503633
10909081110	11642533633
10939051110	11612563633
10969021110	11582593633
10998991110	11552623633
11028961110	11522653633
11058931110	11492683633
11088901110	11462713633
11118871110	11432743633
11148841110	11402773633
11178811110	11372803633
11208781110	11342833633
11238751110	11312863633
11268721110	11282893633
11298691110	11252923633
11328661110	11222953633
11358631110	11192983633
11388601110	11163013633
11418571110	11133043633
11448541110	11103073633
11478511110	11073103633
11508481110	11043133633
11538451110	11013163633
11568421110	10983193633
11598391110	10953223633
11628361110	10923253633
11658331110	10893283633
11688301110	10863313633
11718271110	10833343633
11748241110	10803373633
11778211110	10773403633
11808181110	10743433633
11838151110	10713463633
11868121110	10683493633
11898091110	10653523633
11928061110	10623553633
11958031110	10593583633
11988001110	10563613633
12017971110	10533643633
12047941110	10503673633
12077911110	10473703633
12107881110	10443733633
12137851110	10413763633
12167821110	10383793633
12197791110	10353823633
12227761110	10323853633
12257731110	10293883633
12287701110	10263913633
12317671110	10233943633
12347641110	10203973633
12377611110	10174003633
12407581110	10144033633
12437551110	10114063633
12467521110	10084093633
12497491110	10054123633
12527461110	10024153633
12557431110	9994183633
12587401110	9964213633
12617371110	9934243633
12647341110	9904273633
12677311110	9874303633
12707281110	9844333633
12737251110	9814363633
12767221110	9784393633
12797191110	9754423633
12827161110	9724453633
12857131110	9694483633
12887101110	9664513633
12917071110	9634543633
12947041110	9604573633
12977011110	9574603633
13006981110	9544633633
13036951110	9514663633
13066921110	9484693633
13096891110	9454723633
13126861110	9424753633
13156831110	9394783633
13186801110	9364813633
13216771110	9334843633
13246741110	9304873633
13276711110	9274903633
13306681110	9244933633
13336651110	9214963633
13366621110	9184993633
13396591110	9155023633
13426561110	9125053633
13456531110	9095083633
13486501110	9065113633
13516471110	9035143633
13546441110	9005173633
13576411110	8975203633
13606381110	8945233633
13636351110	8915263633
13666321110	8885293633
13696291110	8855323633
13726261110	8825353633
13756231110	8795383633
13786201110	8765413633
13816171110	8735443633
13846141110	8705473633
13876111110	8675503633
13906081110	8645533633
13936051110	8615563633
13966021110	8585593633
13995991110	8555623633
14025961110	8525653633
14055931110	8495683633
14085901110	8465713633
14115871110	8435743633
14145841110	8405773633
14175811110	8375803633
14205781110	8345833633
14235751110	8315863633
14265721110	8285893633
14295691110	8255923633
14325661110	8225953633
14355631110	8195983633
14385601110	8166013633
14415571110	8136043633
14445541110	8106073633
14475511110	8076103633
14505481110	8046133633
14535451110	8016163633
14565421110	7986193633
14595391110	7956223633
14625361110	7926253633
14655331110	7896283633
14685301110	7866313633
14715271110	7836343633
14745241110	7806373633
14775211110	7776403633
14805181110	7746433633
14835151110	7716463633
14865121110	7686493633
14895091110	7656523633
14925061110	7626553633
14955031110	7596583633
14985001110	7566613633
15014971110	7536643633
15044941110	7506673633
15074911110	7476703633
15104881110	7446733633
15134851110	7416763633
15164821110	7386793633
15194791110	7356823633
15224761110	7326853633
15254731110	7296883633
15284701110	7266913633
15314671110	7236943633
15344641110	7206973633
15374611110	7177003633
15404581110	7147033633
15434551110	7117063633
15464521110	7087093633
15494491110	7057123633
15524461110	7027153633
15554431110	6997183633
15584401110	6967213633
15614371110	6937243633
15644341110	6907273633
15674311110	6877303633
15704281110	6847333633
15734251110	6817363633
15764221110	6787393633
15794191110	6757423633
15824161110	6727453633
15854131110	6697483633
15884101110	6667513633
15914071110	6637543633
15944041110	6607573633
15974011110	6577603633
16003981110	6547633633
16033951110	6517663633
16063921110	6487693633
16093891110	6457723633
16123861110	6427753633
16153831110	6397783633
16183801110	6367813633
16213771110	6337843633
16243741110	6307873633
16273711110	6277903633
16303681110	6247933633
16333651110	6217963633
16363621110	6187993633
16393591110	6158023633
16423561110	6128053633
16453531110	6098083633
16483501110	6068113633
16513471110	6038143633
16543441110	6008173633
16573411110	5978203633
16603381110	5948233633
16633351110	5918263633
16663321110	5888293633
16693291110	5858323633
16723261110	5828353633
16753231110	5798383633
16783201110	5768413633
16813171110	5738443633
16843141110	5708473633
16873111110	5678503633
16903081110	5648533633
16933051110	5618563633
16963021110	5588593633
16992991110	5558623633
17022961110	5528653633
17052931110	5498683633
17082901110	5468713633
17112871110	5438743633
17142841110	5408773633
17172811110	5378803633
17202781110	5348833633
17232751110	5318863633
17262721110	5288893633
17292691110	5258923633
17322661110	5228953633
17352631110	5198983633
17382601110	5169013633
17412571110	5139043633
17442541110	5109073633
17472511110	5079103633
17502481110	5049133633
17532451110	5019163633
17562421110	4989193633
17592391110	4959223633
17622361110	8581729575
17652331110	8551759575
17682301110	8521789575
17712271110	8491819575
17742241110	8461849575
17772211110	8431879575
17802181110	8401909575
17832151110	8371939575
17862121110	8341969575
17892091110	8311999575
17922061110	8282029575
17952031110	8252059575
17982001110	8222089575
18011971110	8192119575
18041941110	8162149575
18071911110	8132179575
18101881110	8102209575
18131851110	8072239575
18161821110	8042269575
18191791110	8012299575
18221761110	7982329575
18251731110	7952359575
18281701110	7922389575
18311671110	7892419575
18341641110	7862449575
18371611110	7832479575
18401581110	7802509575
18431551110	7772539575
18461521110	7742569575
18491491110	7712599575
18521461110	7682629575
18551431110	7652659575
18581401110	7622689575
18611371110	7592719575
18641341110	7562749575
18671311110	7532779575
18701281110	7502809575
18731251110	7472839575
18761221110	7442869575
18791191110	7412899575
18821161110	7382929575
18851131110	7352959575
18881101110	7322989575
18911071110	7293019575
18941041110	7263049575
18971011110	7233079575
19000981110	7203109575
19030951110	7173139575
19060921110	7143169575
19090891110	7113199575
19120861110	7083229575
19150831110	7053259575
19180801110	7023289575
19210771110	6993319575
19240741110	6963349575
19270711110	6933379575
19300681110	6903409575
19330651110	6873439575
19360621110	6843469575
19390591110	6813499575
19420561110	6783529575
19450531110	6753559575
19480501110	6723589575
19510471110	6693619575
19540441110	6663649575
19570411110	6633679575
19600381110	6603709575
19630351110	6573739575
19660321110	6543769575
19690291110	6513799575
19720261110	6483829575
19750231110	6453859575
19780201110	6423889575
19810171110	6393919575
19840141110	6363949575
19870111110	6333979575
19900081110	6304009575
19930051110	6274039575
19960021110	6244069575
19989991110	6214099575
20019961110	6184129575
20049931110	6154159575
20079901110	6124189575
20109871110	6094219575
20139841110	6064249575
20169811110	6034279575
20199781110	6004309575
20229751110	5974339575
20259721110	5944369575
20289691110	5914399575
20319661110	5884429575
20349631110	5854459575
20379601110	5824489575
20409571110	5794519575
20439541110	5764549575
20469511110	5734579575
20499481110	5704609575
20529451110	5674639575
20559421110	5644669575
20589391110	5614699575
20619361110	5584729575
20649331110	5554759575
20679301110	5524789575
20709271110	5494819575
20739241110	5464849575
20769211110	5434879575
20799181110	5404909575
20829151110	5374939575
20859121110	5344969575
20889091110	5314999575
20919061110	5285029575
20949031110	5255059575
20979001110	5225089575
21008971110	5195119575
21038941110	5165149575
21068911110	5135179575
21098881110	5105209575
21128851110	5075239575
21158821110	5045269575
21188791110	5015299575
21218761110	4985329575
21248731110	4955359575
21278701110	4925389575
21308671110	4895419575
21338641110	4865449575
21368611110	4835479575
21398581110	4805509575
21428551110	4775539575
21458521110	4745569575
21488491110	4715599575
21518461110	4685629575
21548431110	4655659575
21578401110	4625689575
21608371110	4595719575
21638341110	4565749575
21668311110	4535779575
21698281110	4505809575
21728251110	4475839575
21758221110	4445869575
21788191110	4415899575
21818161110	4385929575
21848131110	4355959575
21878101110	4325989575
21908071110	4296019575
21938041110	4266049575
21968011110	4236079575
21997981110	4206109575
22027951110	4176139575
22057921110	4146169575
22087891110	4116199575
22117861110	4086229575
22147831110	4056259575
22177801110	4026289575
22207771110	3996319575
22237741110	3966349575
22267711110	3936379575
22297681110	3906409575
22327651110	3876439575
22357621110	3846469575
22387591110	3816499575
22417561110	3786529575
22447531110	3756559575
22477501110	3726589575
22507471110	3696619575
22537441110	3666649575
22567411110	3636679575
22597381110	3606709575
22627351110	6271695786
22657321110	6241725786
22687291110	6211755786
22717261110	6181785786
22747231110	6151815786
22777201110	6121845786
22807171110	6091875786
22837141110	6061905786
22867111110	6031935786
22897081110	6001965786
22927051110	5971995786
22957021110	5942025786
22986991110	5912055786
23016961110	5882085786
23046931110	5852115786
23076901110	5822145786
23106871110	5792175786
23136841110	5762205786
23166811110	5732235786
23196781110	5702265786
23226751110	5672295786
23256721110	5642325786
23286691110	5612355786
23316661110	5582385786
23346631110	5552415786
23376601110	5522445786
23406571110	5492475786
23436541110	5462505786
23466511110	5432535786
23496481110	5402565786
23526451110	5372595786
23556421110	5342625786
23586391110	5312655786
23616361110	5282685786
23646331110	5252715786
23676301110	5222745786
23706271110	5192775786
23736241110	5162805786
23766211110	5132835786
23796181110	5102865786
23826151110	5072895786
23856121110	5042925786
23886091110	5012955786
23916061110	4982985786
23946031110	4953015786
23976001110	4923045786
24005971110	4893075786
24035941110	4863105786
24065911110	4833135786
24095881110	4803165786
24125851110	4773195786
24155821110	4743225786
24185791110	4713255786
24215761110	4683285786
24245731110	4653315786
24275701110	4623345786
24305671110	4593375786
24335641110	4563405786
24365611110	4533435786
24395581110	4503465786
24425551110	4473495786
24455521110	4443525786
24485491110	4413555786
24515461110	4383585786
24545431110	4353615786
24575401110	4323645786
24605371110	4293675786
24635341110	4263705786
24665311110	4233735786
24695281110	4203765786
24725251110	4173795786
24755221110	4143825786
24785191110	4113855786
24815161110	4083885786
24845131110	4053915786
24875101110	4023945786
24905071110	3993975786
24935041110	3964005786
24965011110	3934035786
24994981110	3904065786
25024951110	3874095786
25054921110	3844125786
25084891110	3814155786
25114861110	3784185786
25144831110	3754215786
25174801110	3724245786
25204771110	3694275786
25234741110	3664305786
25264711110	3634335786
25294681110	3604365786
25324651110	3574395786
25354621110	3544425786
25384591110	3514455786
25414561110	3484485786
25444531110	3454515786
25474501110	3424545786
25504471110	3394575786
25534441110	3364605786
25564411110	3334635786
25594381110	3304665786
25624351110	3274695786
25654321110	3244725786
25684291110	3214755786
25714261110	3184785786
25744231110	3154815786
25774201110	3124845786
25804171110	3094875786
25834141110	3064905786
25864111110	3034935786
25894081110	3004965786
25924051110	2974995786
25954021110	2945025786
25983991110	2915055786
26013961110	2885085786
26043931110	2855115786
26073901110	2825145786
26103871110	2795175786
26133841110	2765205786
26163811110	2735235786
26193781110	2705265786
26223751110	2675295786
26253721110	4598130917
26283691110	4568160917
26313661110	4538190917
26343631110	4508220917
26373601110	4478250917
26403571110	4448280917
26433541110	4418310917
26463511110	4388340917
26493481110	4358370917
26523451110	4328400917
26553421110	4298430917
26583391110	4268460917
26613361110	4238490917
26643331110	4208520917
26673301110	4178550917
26703271110	4148580917
26733241110	4118610917
26763211110	4088640917
26793181110	4058670917
26823151110	4028700917
26853121110	3998730917
26883091110	3968760917
26913061110	3938790917
26943031110	3908820917
26973001110	3878850917
27002971110	3848880917
27032941110	3818910917
27062911110	3788940917
27092881110	3758970917
27122851110	3729000917
27152821110	3699030917
27182791110	3669060917
27212761110	3639090917
27242731110	3609120917
27272701110	3579150917
27302671110	3549180917
27332641110	3519210917
27362611110	3489240917
27392581110	3459270917
27422551110	3429300917
27452521110	3399330917
27482491110	3369360917
27512461110	3339390917
27542431110	3309420917
27572401110	3279450917
27602371110	3249480917
27632341110	3219510917
27662311110	3189540917
27692281110	3159570917
27722251110	3129600917
27752221110	3099630917
27782191110	3069660917
27812161110	3039690917
27842131110	3009720917
27872101110	2979750917
27902071110	2949780917
27932041110	2919810917
27962011110	2889840917
27991981110	2859870917
28021951110	2829900917
28051921110	2799930917
28081891110	2769960917
28111861110	2739990917
28141831110	2710020917
28171801110	2680050917
28201771110	2650080917
28231741110	2620110917
28261711110	2590140917
28291681110	2560170917
28321651110	2530200917
28351621110	2500230917
28381591110	2470260917
28411561110	2440290917
28441531110	2410320917
28471501110	2380350917
28501471110	2350380917
28531441110	2320410917
28561411110	2290440917
28591381110	2260470917
28621351110	2230500917
28651321110	2200530917
28681291110	2170560917
28711261110	2140590917
28741231110	2110620917
28771201110	2080650917
28801171110	2050680917
28831141110	2020710917
28861111110	1990740917
28891081110	1960770917
28921051110	1930800917
28951021110	3163973469
28980991110	3134003469
29010961110	3104033469
29040931110	3074063469
29070901110	3044093469
29100871110	3014123469
29130841110	2984153469
29160811110	2954183469
29190781110	2924213469
29220751110	2894243469
29250721110	2864273469
29280691110	2834303469
29310661110	2804333469
29340631110	2774363469
29370601110	2744393469
29400571110	2714423469
29430541110	2684453469
29460511110	2654483469
29490481110	2624513469
29520451110	2594543469
29550421110	2564573469
29580391110	2534603469
29610361110	2504633469
29640331110	2474663469
29670301110	2444693469
29700271110	2414723469
29730241110	2384753469
29760211110	2354783469
29790181110	2324813469
29820151110	2294843469
29850121110	2264873469
29880091110	2234903469
29910061110	2204933469
29940031110	2174963469
