1428	85857014
29989428	55869014
59977428	71742226
89965428	79687073
119953428	49699073
149941428	50200998
179929428	44189140
209917428	34305888
239905428	19610174
269893428	10880259
299881428	6918389
329869428	1964699
359857428	1514089
389845428	3262659
419833428	1905293
449821428	2147116
479809428	2635062
509797428	2037037
539785428	2575807
569773428	3589480
599761428	2546469
629749428	2490594
659737428	3229709
689725428	1827994
719713428	2162632
749701428	6298212
779689428	2971892
809677428	2623930
839665428	2478630
869653428	1568307
899641428	1919992
929629428	1527961
959617428	1888755
989605428	2293487
1019593428	2193524
1049581428	2479288
1079569428	1978902
1109557428	2541958
1139545428	3388284
1169533428	1541709
1199521428	1957800
1229509428	2367800
1259497428	2714904
1289485428	1585359
1319473428	2883049
1349461428	1533506
1379449428	1465939
1409437428	1841947
1439425428	2774749
1469413428	2031276
1499401428	5318170
1529389428	1871114
1559377428	1670926
1589365428	1442970
1619353428	1457963
1649341428	1484015
1679329428	2656844
1709317428	1789515
1739305428	2297487
1769293428	2726857
1799281428	2000016
1829269428	1550126
1859257428	2555270
1889245428	1895082
1919233428	1770648
1949221428	1425703
1979209428	1905351
2009197428	2598966
2039185428	2447875
2069173428	2899510
2099161428	2863150
2129149428	2880627
2159137428	2164842
2189125428	2697976
2219113428	1621426
2249101428	4472841
2279089428	2211765
2309077428	2113999
2339065428	1984604
2369053428	2239849
2399041428	1677593
2429029428	2573217
2459017428	1934238
2489005428	1915515
2518993428	2661449
2548981428	2234050
2578969428	2511058
2608957428	2065164
2638945428	3386447
2668933428	1844973
2698921428	1402081
2728909428	1836430
2758897428	1945489
2788885428	2834710
2818873428	2442227
2848861428	2154341
2878849428	1996652
2908837428	1690487
2938825428	1854084
2968813428	2180796
2998801428	3448993
3028789428	1551753
3058777428	2421016
3088765428	2768891
3118753428	2137502
3148741428	2812810
3178729428	2034556
3208717428	2483280
3238705428	2283988
3268693428	2029628
3298681428	1490727
3328669428	1848386
3358657428	2627341
3388645428	2125160
3418633428	1615211
3448621428	2631112
3478609428	1694169
3508597428	1708866
3538585428	1840729
3568573428	2067561
3598561428	1656658
3628549428	1494593
3658537428	2000018
3688525428	2494359
3718513428	1683384
3748501428	3333781
3778489428	1505519
3808477428	2242520
3838465428	2425274
3868453428	1721497
3898441428	2079117
3928429428	2192105
3958417428	2748301
3988405428	1499904
4018393428	1534119
4048381428	2525023
4078369428	2110110
4108357428	1621122
4138345428	3225817
4168333428	1869880
4198321428	1442893
4228309428	2222044
4258297428	1784364
4288285428	2194146
4318273428	2153109
4348261428	1851026
4378249428	2415721
4408237428	2663126
4438225428	2834269
4468213428	1508733
4498201428	5307579
4528189428	2540960
4558177428	2454533
4588165428	1966660
4618153428	1737373
4648141428	1790055
4678129428	2414426
4708117428	2839301
4738105428	1699539
4768093428	1673356
4798081428	2668878
4828069428	2023241
4858057428	2771196
4888045428	2254440
4918033428	1444090
4948021428	2495842
4978009428	1766918
5007997428	1913717
5037985428	2473683
5067973428	5496756
5097961428	5563312
5127949428	3325559
5157937428	3491999
5187925428	2485102
5217913428	2507977
5247901428	4612569
5277889428	1845376
5307877428	1991089
5337865428	2465898
5367853428	1601422
5397841428	2233437
5427829428	3025346
5457817428	2461350
5487805428	2153326
5517793428	2262681
5547781428	2109239
5577769428	2717365
5607757428	2776993
5637745428	2671843
5667733428	1819151
5697721428	1729718
5727709428	2623339
5757697428	2824654
5787685428	1642737
5817673428	1733718
5847661428	2785716
5877649428	1795275
5907637428	2132085
5937625428	5102080
5967613428	3725530
5997601428	5784744
6027589428	2097177
6057577428	2269591
6087565428	1910662
6117553428	1600205
6147541428	2765571
6177529428	2354196
6207517428	2456789
6237505428	2022874
6267493428	2748462
6297481428	2129572
6327469428	1563340
6357457428	2325043
6387445428	2903259
6417433428	1894409
6447421428	2667602
6477409428	2721902
6507397428	2046911
6537385428	2395988
6567373428	2721255
6597361428	2027606
6627349428	1739683
6657337428	1781168
6687325428	1940386
6717313428	2195848
6747301428	4560969
6777289428	2064409
6807277428	1684346
6837265428	1853913
6867253428	1813208
6897241428	1478798
6927229428	3015536
6957217428	2333635
6987205428	2175321
7017193428	2129024
7047181428	1583390
7077169428	2096822
7107157428	2245992
7137145428	2508214
7167133428	2619556
7197121428	2529146
7227109428	1601879
7257097428	2759826
7287085428	2321278
7317073428	2538755
7347061428	2232006
7377049428	2766606
7407037428	2106621
7437025428	2669316
7467013428	1737871
7497001428	3974307
7526989428	1789708
7556977428	1605372
7586965428	1512179
7616953428	1547271
7646941428	2587071
7676929428	3146251
7706917428	1937159
7736905428	1819642
7766893428	1703097
7796881428	2641268
7826869428	1457573
7856857428	2175468
7886845428	2360224
7916833428	1516204
7946821428	1593449
7976809428	2080356
8006797428	2293161
8036785428	2133941
8066773428	2594896
8096761428	2274296
8126749428	2778363
8156737428	1895075
8186725428	2862573
8216713428	2357243
8246701428	3820046
8276689428	2209268
8306677428	2460419
8336665428	2517503
8366653428	2909743
8396641428	2261963
8426629428	2615046
8456617428	7332878
8486605428	7337093
8516593428	3222946
8546581428	2163406
8576569428	2497583
8606557428	2023354
8636545428	2661611
8666533428	1725186
8696521428	1797779
8726509428	2834989
8756497428	1503218
8786485428	1930442
8816473428	2482963
8846461428	2832778
8876449428	2482128
8906437428	2536575
8936425428	2691543
8966413428	2192851
8996401428	3889845
9026389428	2117337
9056377428	2039031
9086365428	2196781
9116353428	1579981
9146341428	2504807
9176329428	2523964
9206317428	2279519
9236305428	2361817
9266293428	2827418
9296281428	2564948
9326269428	2004852
9356257428	2650143
9386245428	1783593
9416233428	2529423
9446221428	1476017
9476209428	1924236
9506197428	1624274
9536185428	2658383
9566173428	1812720
9596161428	2290839
9626149428	1979114
9656137428	2017077
9686125428	2730510
9716113428	2351156
9746101428	2498859
9776089428	1959854
9806077428	2349448
9836065428	1499673
9866053428	2394587
9896041428	1564316
9926029428	3113801
9956017428	2790498
9986005428	2709090
10015993428	2077128308
10045981428	2047140308
10075969428	2017152308
10105957428	1987164308
10135945428	1957176308
10165933428	1927188308
10195921428	1897200308
10225909428	1867212308
10255897428	1837224308
10285885428	1807236308
10315873428	1777248308
10345861428	1747260308
10375849428	1717272308
10405837428	1687284308
10435825428	1657296308
10465813428	1627308308
10495801428	1597320308
10525789428	1567332308
10555777428	1537344308
10585765428	1507356308
10615753428	1477368308
10645741428	1447380308
10675729428	1417392308
10705717428	1387404308
10735705428	1357416308
10765693428	1327428308
10795681428	1297440308
10825669428	1267452308
10855657428	1237464308
10885645428	1207476308
10915633428	1177488308
10945621428	1147500308
10975609428	1117512308
11005597428	1087524308
11035585428	1057536308
11065573428	1027548308
11095561428	997560308
11125549428	967572308
11155537428	937584308
11185525428	907596308
11215513428	877608308
11245501428	847620308
11275489428	817632308
11305477428	787644308
11335465428	757656308
11365453428	727668308
11395441428	697680308
11425429428	667692308
11455417428	954616219
11485405428	924628219
11515393428	894640219
11545381428	864652219
11575369428	834664219
11605357428	804676219
11635345428	774688219
11665333428	744700219
11695321428	714712219
11725309428	684724219
11755297428	654736219
11785285428	624748219
11815273428	594760219
11845261428	564772219
11875249428	534784219
11905237428	504796219
11935225428	474808219
11965213428	444820219
11995201428	414832219
12025189428	384844219
12055177428	354856219
12085165428	324868219
12115153428	447815858
12145141428	417827858
12175129428	387839858
12205117428	357851858
12235105428	327863858
12265093428	297875858
12295081428	267887858
12325069428	237899858
12355057428	207911858
12385045428	177923858
12415033428	227496290
12445021428	197508290
12475009428	167520290
12504997428	137532290
12534985428	107544290
12564973428	77556290
12594961428	86848895
12624949428	56860895
12654937428	45552474
12684925428	24808767
12714913428	3676671
12744901428	398849
12774889428	373507
12804877428	286818
12834865428	188067
12864853428	395898
12894841428	265877
12924829428	233464
12954817428	313622
12984805428	370137
13014793428	329690
13044781428	258605
13074769428	258585
13104757428	1664964
13134745428	372563
13164733428	144190
13194721428	260341
13224709428	343435
13254697428	323780
13284685428	234779
13314673428	245363
13344661428	272103
13374649428	223667
13404637428	297975
13434625428	184180
13464613428	419774
13494601428	298234
13524589428	302713
13554577428	434958
13584565428	490937
13614553428	368650
13644541428	350003
13674529428	268990
13704517428	157907
13734505428	387506
13764493428	412218
13794481428	282008
13824469428	395959
13854457428	942395
13884445428	312533
13914433428	429883
13944421428	364875
13974409428	308353
14004397428	248511
14034385428	370683
14064373428	243496
14094361428	318116
14124349428	233087
14154337428	415628
14184325428	423361
14214313428	234352
14244301428	291394
14274289428	143905
14304277428	248281
14334265428	389432
14364253428	273888
14394241428	303759
14424229428	206719
14454217428	226695
14484205428	289681
14514193428	409697
14544181428	227751
14574169428	342423
14604157428	6404399
14634145428	454381
14664133428	425997
14694121428	209945
14724109428	262070
14754097428	258843
14784085428	256134
14814073428	298125
14844061428	261138
14874049428	429113
14904037428	315956
14934025428	381711
14964013428	261917
14994001428	268040
15023989428	267312
15053977428	113645
15083965428	274146
15113953428	251463
15143941428	189012
15173929428	446974
15203917428	403918
15233905428	203040
15263893428	265963
15293881428	372808
15323869428	268565
15353857428	298817
15383845428	238875
15413833428	113504
15443821428	279057
15473809428	258177
15503797428	245715
15533785428	429598
15563773428	303170
15593761428	291059
15623749428	323334
15653737428	336784
15683725428	274200
15713713428	288342
15743701428	300014
15773689428	387358
15803677428	217348
15833665428	332613
15863653428	306474
15893641428	329749
15923629428	146149
15953617428	296869
15983605428	363636
16013593428	231821
16043581428	254131
16073569428	243265
16103557428	215961
16133545428	353726
16163533428	334512
16193521428	134266
16223509428	324715
16253497428	318978
16283485428	253383
16313473428	271201
16343461428	276139
16373449428	311074
16403437428	364944
16433425428	371614
16463413428	260960
16493401428	324134
16523389428	188008
16553377428	225871
16583365428	318234
16613353428	251512
16643341428	327184
16673329428	138389
16703317428	284853
16733305428	421966
16763293428	167256
16793281428	206694
16823269428	405215
16853257428	286459
16883245428	331361
16913233428	355382
16943221428	162160
16973209428	309209
17003197428	285182
17033185428	1494505
17063173428	154369
17093161428	390591
17123149428	257933
17153137428	260057
17183125428	304764
17213113428	299325
17243101428	245068
17273089428	341877
17303077428	362561
17333065428	337343
17363053428	389086
17393041428	434296
17423029428	250425
17453017428	415605
17483005428	144701
17512993428	319175
17542981428	214967
17572969428	422561
17602957428	421271
17632945428	374100
17662933428	271674
17692921428	365765
17722909428	286827
17752897428	309411
17782885428	1137249
17812873428	4612228
17842861428	527074
17872849428	217848
17902837428	372981
17932825428	168542
17962813428	373909
17992801428	290587
18022789428	125978
18052777428	252669
18082765428	327286
18112753428	388368
18142741428	257312
18172729428	301180
18202717428	272094
18232705428	155056
18262693428	441854
18292681428	259032
18322669428	241791
18352657428	143652
18382645428	338265
18412633428	324320
18442621428	305916
18472609428	266355
18502597428	324481
18532585428	462263
18562573428	258202
18592561428	405968
18622549428	255577
18652537428	361551
18682525428	270027
18712513428	240446
18742501428	339029
18772489428	254143
18802477428	215840
18832465428	258972
18862453428	298754
18892441428	374542
18922429428	161257
18952417428	307623
18982405428	255821
19012393428	174996
19042381428	302626
19072369428	374443
19102357428	335113
19132345428	264406
19162333428	278220
19192321428	373246
19222309428	320642
19252297428	304136
19282285428	295741
19312273428	177174
19342261428	313294
19372249428	236878
19402237428	271026
19432225428	277090
19462213428	308742
19492201428	15101680
19522189428	244357
19552177428	392996
19582165428	233616
19612153428	292116
19642141428	272500
19672129428	355239
19702117428	294195
19732105428	234286
19762093428	254105
19792081428	396310
19822069428	204462
19852057428	454679
19882045428	315057
19912033428	160380
19942021428	317590
19972009428	184410
20001997428	6963914
20031985428	9000566
20061973428	7137251
20091961428	8368640
20121949428	6896081
20151937428	7008977
20181925428	6760977
20211913428	5838151
20241901428	7225736
20271889428	8204617
20301877428	8994268
20331865428	10903021
20361853428	6686400
20391841428	8932071
20421829428	10910371
20451817428	8578704
20481805428	8919597
20511793428	7114307
20541781428	9149809
20571769428	8206289
20601757428	6709666
20631745428	13055478
20661733428	9132191
20691721428	11361677
20721709428	9868985
20751697428	14990093
20781685428	15857316
20811673428	14344022
20841661428	6504579
20871649428	6855631
20901637428	6318084
20931625428	14441728
20961613428	15200558
20991601428	10847340
21021589428	13434598
21051577428	15118368
21081565428	9941270
21111553428	13038593
21141541428	17309250
21171529428	14684210
21201517428	12117867
21231505428	17066599
21261493428	11683016
21291481428	11070180
21321469428	7962901
21351457428	20431211
21381445428	11175491
21411433428	13234123
21441421428	11667343
21471409428	13317810
21501397428	11028858
21531385428	11853706
21561373428	11305140
21591361428	15004902
21621349428	14428757
21651337428	16688740
21681325428	16068889
21711313428	19304550
21741301428	13677115
21771289428	17089739
21801277428	10029455
21831265428	15814697
21861253428	17643161
21891241428	10389369
21921229428	13106217
21951217428	9606383
21981205428	12608153
22011193428	7385752
22041181428	3256108
22071169428	3337023
22101157428	3118499
22131145428	2186601
22161133428	2995217
22191121428	1811555
22221109428	1629925
22251097428	1611834
22281085428	3402384
22311073428	1662401
22341061428	2436002
22371049428	2169646
22401037428	1952263
22431025428	1577853
22461013428	5330271
22491001428	2087454
22520989428	1786809
22550977428	1625638
22580965428	3003423
22610953428	1548079
22640941428	1549425
22670929428	1959071
22700917428	1879416
22730905428	1537391
22760893428	2931338
22790881428	2745121
22820869428	2731252
22850857428	1993755
22880845428	1584763
22910833428	1618252
22940821428	2935387
22970809428	2488678
23000797428	2459606
23030785428	2684285
23060773428	2238095
23090761428	2606249
23120749428	2431889
23150737428	1945907
23180725428	1908586
23210713428	4381838
23240701428	2800133
23270689428	2637266
23300677428	1623578
23330665428	2260610
23360653428	2090688
23390641428	2029082
23420629428	1609415
23450617428	1695715
23480605428	2574662
23510593428	2233820
23540581428	2369540
23570569428	2352913
23600557428	2341606
23630545428	1714443
23660533428	1832851
23690521428	1943347
23720509428	1832645
23750497428	1640470
23780485428	3370763
23810473428	2516925
23840461428	2110213
23870449428	1555106
23900437428	1540984
23930425428	2765075
23960413428	3779609
23990401428	1984251
24020389428	1779566
24050377428	2402183
24080365428	2297604
24110353428	2028592
24140341428	2423745
24170329428	1780959
24200317428	2877229
24230305428	2091503
24260293428	2629707
24290281428	2801246
24320269428	2875767
24350257428	2796869
24380245428	2190263
24410233428	2444079
24440221428	2197512
24470209428	1865186
24500197428	1935742
24530185428	1988206
24560173428	2579922
24590161428	1542784
24620149428	1478397
24650137428	2976937
24680125428	2526563
24710113428	5147618
24740101428	2052781
24770089428	2890924
24800077428	2894047
24830065428	2459755
24860053428	2227103
24890041428	1938956
24920029428	3091714
24950017428	2621296
24980005428	1655704
25009993428	1705809
25039981428	2967701
25069969428	2817524
25099957428	2905350
25129945428	2649781
25159933428	2066116
25189921428	2319729
25219909428	2450645
25249897428	2412372
25279885428	1989557
25309873428	2843452
25339861428	2353381
25369849428	2047318
25399837428	2139364
25429825428	2262601
25459813428	4511110
25489801428	1555438
25519789428	2347198
25549777428	1563334
25579765428	1550046
25609753428	1723943
25639741428	2805042
25669729428	2000974
25699717428	2813400
25729705428	2256220
25759693428	2138922
25789681428	1930058
25819669428	1887861
25849657428	1733330
25879645428	1923779
25909633428	2640858
25939621428	1928582
25969609428	2858816
25999597428	1624540
26029585428	1886263
26059573428	1975405
26089561428	2232226
26119549428	2696959
26149537428	2945678
26179525428	2196452
26209513428	3438820
26239501428	1872895
26269489428	1539756
26299477428	2754624
26329465428	2616060
26359453428	2429852
26389441428	3001115
26419429428	2432066
26449417428	2000640
26479405428	2855216
26509393428	2086845
26539381428	2407484
26569369428	2511575
26599357428	3163207
26629345428	1916339
26659333428	3160980
26689321428	1801669
26719309428	1722303
26749297428	1627984
26779285428	2223922
26809273428	2158121
26839261428	2921026
26869249428	2413775
26899237428	2175584
26929225428	2029690
26959213428	3378419
26989201428	2197097
27019189428	2449517
27049177428	1890887
27079165428	2704707
27109153428	2849558
27139141428	1554642
27169129428	2107458
27199117428	2299852
27229105428	2506353
27259093428	1681809
27289081428	2152605
27319069428	2183886
27349057428	2298479
27379045428	2314107
27409033428	2084564
27439021428	1866287
27469009428	1854937
27498997428	2549055
27528985428	3119478
27558973428	1573316
27588961428	1776154
27618949428	2952883
27648937428	1555187
27678925428	2546961
27708913428	5122728
27738901428	2068185
27768889428	2620244
27798877428	2446853
27828865428	2238568
27858853428	8407135
27888841428	5478777
27918829428	4804342
27948817428	2424015
27978805428	1718066
28008793428	2807170
28038781428	2005200
28068769428	2079818
28098757428	2177999
28128745428	2569773
28158733428	2288125
28188721428	2549917
28218709428	2251750
28248697428	2212575
28278685428	3078908
28308673428	2868949
28338661428	1562918
28368649428	2762319
28398637428	2529487
28428625428	2600999
28458613428	3284070
28488601428	1714487
28518589428	1773329
28548577428	1776851
28578565428	2441575
28608553428	2299379
28638541428	3387889
28668529428	2663198
28698517428	2280872
28728505428	2908571
28758493428	2745782
28788481428	2470038
28818469428	2128956
28848457428	2602614
28878445428	2154181
28908433428	2547524
28938421428	2364712
28968409428	2252771
28998397428	1849949
29028385428	2407885
29058373428	2132545
29088361428	1563969
29118349428	2098245
29148337428	1622962
29178325428	2540466
29208313428	3251317
29238301428	1464921
29268289428	2310520
29298277428	2321368
29328265428	16694062
29358253428	10753565
29388241428	4377107
29418229428	3682651
29448217428	2258130
29478205428	2434874
29508193428	2697510
29538181428	2591995
29568169428	2646608
29598157428	1845924
29628145428	1466410
29658133428	1966860
29688121428	2810979
29718109428	2779380
29748097428	2339869
29778085428	1581978
29808073428	1488872
29838061428	2345171
29868049428	2229476
29898037428	2504242
29928025428	1857998
29958013428	3336073
