1176	2732716
29989176	21377053
59977176	24101865
89965176	28051995
119953176	33027511
149941176	20872180
179929176	28922469
209917176	37668242
239905176	27295141
269893176	36766931
299881176	26666000
329869176	41362421
359857176	34493784
389845176	27982222
419833176	45675361
449821176	39855691
479809176	35936690
509797176	31814457
539785176	27952170
569773176	50759134
599761176	47500546
629749176	47987806
659737176	48024098
689725176	48601930
719713176	49601101
749701176	50979954
779689176	53338925
809677176	57396889
839665176	61642547
869653176	66360779
899641176	36372779
929629176	41756761
959617176	50890932
989605176	59927934
1019593176	69681602
1049581176	39693602
1079569176	50199163
1109557176	63087663
1139545176	76224494
1169533176	46236494
1199521176	60244385
1229509176	76308397
1259497176	46320397
1289485176	65184009
1319473176	84666287
1349461176	54678287
1379449176	74965836
1409437176	97786606
1439425176	67798606
1469413176	91518453
1499401176	61530453
1529389176	86360667
1559377176	56372667
1589365176	85739171
1619353176	115723846
1649341176	85735846
1679329176	117961325
1709317176	87973325
1739305176	123030332
1769293176	93042332
1799281176	129524415
1829269176	99536415
1859257176	69548415
1889245176	111221337
1919233176	81233337
1949221176	124521653
1979209176	94533653
2009197176	140816183
2039185176	110828183
2069173176	80840183
2099161176	130395331
2129149176	100407331
2159137176	152924071
2189125176	122936071
2219113176	92948071
2249101176	149762222
2279089176	119774222
2309077176	89786222
2339065176	150726230
2369053176	120738230
2399041176	90750230
2429029176	154657106
2459017176	124669106
2489005176	94681106
2518993176	164834357
2548981176	134846357
2578969176	104858357
2608957176	178231957
2638945176	148243957
2668933176	118255957
2698921176	196551798
2728909176	166563798
2758897176	136575798
2788885176	221663243
2818873176	191675243
2848861176	161687243
2878849176	131699243
2908837176	220415260
2938825176	190427260
2968813176	160439260
2998801176	130451260
3028789176	223613179
3058777176	193625179
3088765176	163637179
3118753176	133649179
3148741176	233496895
3178729176	203508895
3208717176	173520895
3238705176	143532895
3268693176	248535935
3298681176	218547935
3328669176	188559935
3358657176	158571935
3388645176	268776447
3418633176	238788447
3448621176	208800447
3478609176	178812447
3508597176	148824447
3538585176	265441687
3568573176	235453687
3598561176	205465687
3628549176	175477687
3658537176	145489687
3688525176	268233559
3718513176	238245559
3748501176	208257559
3778489176	178269559
3808477176	307489075
3838465176	277501075
3868453176	247513075
3898441176	217525075
3928429176	187537075
3958417176	325060986
3988405176	295072986
4018393176	265084986
4048381176	235096986
4078369176	205108986
4108357176	175120986
4138345176	343376751
4168333176	313388751
4198321176	283400751
4228309176	253412751
4258297176	223424751
4288285176	402137784
4318273176	372149784
4348261176	342161784
4378249176	312173784
4408237176	282185784
4438225176	252197784
4468213176	222209784
4498201176	410531743
4528189176	380543743
4558177176	350555743
4588165176	320567743
4618153176	290579743
4648141176	260591743
4678129176	230603743
4708117176	429834314
4738105176	399846314
4768093176	369858314
4798081176	339870314
4828069176	309882314
4858057176	279894314
4888045176	249906314
4918033176	470495002
4948021176	440507002
4978009176	410519002
5007997176	380531002
5037985176	350543002
5067973176	320555002
5097961176	290567002
5127949176	260579002
5157937176	492801092
5187925176	462813092
5217913176	432825092
5247901176	402837092
5277889176	372849092
5307877176	342861092
5337865176	312873092
5367853176	282885092
5397841176	525033518
5427829176	495045518
5457817176	465057518
5487805176	435069518
5517793176	405081518
5547781176	375093518
5577769176	345105518
5607757176	315117518
5637745176	285129518
5667733176	538901957
5697721176	508913957
5727709176	478925957
5757697176	448937957
5787685176	418949957
5817673176	388961957
5847661176	358973957
5877649176	328985957
5907637176	298997957
5937625176	564994318
5967613176	535006318
5997601176	505018318
6027589176	475030318
6057577176	445042318
6087565176	415054318
6117553176	385066318
6147541176	355078318
6177529176	325090318
6207517176	295102318
6237505176	574029193
6267493176	544041193
6297481176	514053193
6327469176	484065193
6357457176	454077193
6387445176	424089193
6417433176	394101193
6447421176	364113193
6477409176	334125193
6507397176	626426356
6537385176	596438356
6567373176	566450356
6597361176	536462356
6627349176	506474356
6657337176	476486356
6687325176	446498356
6717313176	416510356
6747301176	386522356
6777289176	356534356
6807277176	326546356
6837265176	633364035
6867253176	603376035
6897241176	573388035
6927229176	543400035
6957217176	513412035
6987205176	483424035
7017193176	453436035
7047181176	423448035
7077169176	393460035
7107157176	363472035
7137145176	686510123
7167133176	656522123
7197121176	626534123
7227109176	596546123
7257097176	566558123
7287085176	536570123
7317073176	506582123
7347061176	476594123
7377049176	446606123
7407037176	416618123
7437025176	386630123
7467013176	356642123
7497001176	696050861
7526989176	666062861
7556977176	636074861
7586965176	606086861
7616953176	576098861
7646941176	546110861
7676929176	516122861
7706917176	486134861
7736905176	456146861
7766893176	426158861
7796881176	396170861
7826869176	760720958
7856857176	730732958
7886845176	700744958
7916833176	670756958
7946821176	640768958
7976809176	610780958
8006797176	580792958
8036785176	550804958
8066773176	520816958
8096761176	490828958
8126749176	460840958
8156737176	430852958
8186725176	400864958
8216713176	791385469
8246701176	761397469
8276689176	731409469
8306677176	701421469
8336665176	671433469
8366653176	641445469
8396641176	611457469
8426629176	581469469
8456617176	551481469
8486605176	521493469
8516593176	491505469
8546581176	461517469
8576569176	431529469
8606557176	842553553
8636545176	812565553
8666533176	782577553
8696521176	752589553
8726509176	722601553
8756497176	692613553
8786485176	662625553
8816473176	632637553
8846461176	602649553
8876449176	572661553
8906437176	542673553
8936425176	512685553
8966413176	482697553
8996401176	452709553
9026389176	884156543
9056377176	854168543
9086365176	824180543
9116353176	794192543
9146341176	764204543
9176329176	734216543
9206317176	704228543
9236305176	674240543
9266293176	644252543
9296281176	614264543
9326269176	584276543
9356257176	554288543
9386245176	524300543
9416233176	494312543
9446221176	464324543
9476209176	914771879
9506197176	884783879
9536185176	854795879
9566173176	824807879
9596161176	794819879
9626149176	764831879
9656137176	734843879
9686125176	704855879
9716113176	674867879
9746101176	644879879
9776089176	614891879
9806077176	584903879
9836065176	554915879
9866053176	524927879
9896041176	494939879
9926029176	4095622360
9956017176	4065634360
9986005176	4035646360
10015993176	4005658360
10045981176	3975670360
10075969176	3945682360
10105957176	3915694360
10135945176	3885706360
10165933176	3855718360
10195921176	3825730360
10225909176	3795742360
10255897176	3765754360
10285885176	3735766360
10315873176	3705778360
10345861176	3675790360
10375849176	3645802360
10405837176	5774583523
10435825176	5744595523
10465813176	5714607523
10495801176	5684619523
10525789176	5654631523
10555777176	5624643523
10585765176	5594655523
10615753176	5564667523
10645741176	5534679523
10675729176	5504691523
10705717176	5474703523
10735705176	5444715523
10765693176	5414727523
10795681176	5384739523
10825669176	5354751523
10855657176	5324763523
10885645176	5294775523
10915633176	5264787523
10945621176	5234799523
10975609176	5204811523
11005597176	5174823523
11035585176	5144835523
11065573176	5114847523
11095561176	5084859523
11125549176	5054871523
11155537176	5024883523
11185525176	4994895523
11215513176	4964907523
11245501176	4934919523
11275489176	4904931523
11305477176	4874943523
11335465176	4844955523
11365453176	4814967523
11395441176	4784979523
11425429176	4754991523
11455417176	4725003523
11485405176	4695015523
11515393176	4665027523
11545381176	4635039523
11575369176	4605051523
11605357176	4575063523
11635345176	4545075523
11665333176	4515087523
11695321176	4485099523
11725309176	4455111523
11755297176	4425123523
11785285176	4395135523
11815273176	4365147523
11845261176	4335159523
11875249176	4305171523
11905237176	4275183523
11935225176	4245195523
11965213176	4215207523
11995201176	4185219523
12025189176	4155231523
12055177176	4125243523
12085165176	4095255523
12115153176	4065267523
12145141176	4035279523
12175129176	4005291523
12205117176	3975303523
12235105176	3945315523
12265093176	3915327523
12295081176	3885339523
12325069176	3855351523
12355057176	3825363523
12385045176	3795375523
12415033176	3765387523
12445021176	3735399523
12475009176	3705411523
12504997176	3675423523
12534985176	3645435523
12564973176	3615447523
12594961176	3585459523
12624949176	3555471523
12654937176	3525483523
12684925176	3495495523
12714913176	3465507523
12744901176	3435519523
12774889176	3405531523
12804877176	3375543523
12834865176	3345555523
12864853176	3315567523
12894841176	3285579523
12924829176	3255591523
12954817176	3225603523
12984805176	3195615523
13014793176	3165627523
13044781176	3135639523
13074769176	3105651523
13104757176	3075663523
13134745176	3045675523
13164733176	3015687523
13194721176	2985699523
13224709176	2955711523
13254697176	2925723523
13284685176	2895735523
13314673176	2865747523
13344661176	2835759523
13374649176	2805771523
13404637176	2775783523
13434625176	2745795523
13464613176	2715807523
13494601176	2685819523
13524589176	2655831523
13554577176	2625843523
13584565176	2595855523
13614553176	2565867523
13644541176	2535879523
13674529176	2505891523
13704517176	2475903523
13734505176	2445915523
13764493176	2415927523
13794481176	2385939523
13824469176	2355951523
13854457176	2325963523
13884445176	2295975523
13914433176	2265987523
13944421176	2235999523
13974409176	2206011523
14004397176	2176023523
14034385176	3538149203
14064373176	3508161203
14094361176	3478173203
14124349176	3448185203
14154337176	3418197203
14184325176	3388209203
14214313176	3358221203
14244301176	3328233203
14274289176	3298245203
14304277176	3268257203
14334265176	3238269203
14364253176	3208281203
14394241176	3178293203
14424229176	3148305203
14454217176	3118317203
14484205176	3088329203
14514193176	3058341203
14544181176	3028353203
14574169176	2998365203
14604157176	2968377203
14634145176	2938389203
14664133176	2908401203
14694121176	2878413203
14724109176	2848425203
14754097176	2818437203
14784085176	2788449203
14814073176	2758461203
14844061176	2728473203
14874049176	2698485203
14904037176	2668497203
14934025176	2638509203
14964013176	2608521203
14994001176	2578533203
15023989176	2548545203
15053977176	2518557203
15083965176	2488569203
15113953176	2458581203
15143941176	2428593203
15173929176	2398605203
15203917176	2368617203
15233905176	2338629203
15263893176	2308641203
15293881176	2278653203
15323869176	2248665203
15353857176	2218677203
15383845176	2188689203
15413833176	2158701203
15443821176	2128713203
15473809176	2098725203
15503797176	2068737203
15533785176	2038749203
15563773176	2008761203
15593761176	1978773203
15623749176	1948785203
15653737176	1918797203
15683725176	1888809203
15713713176	1858821203
15743701176	1828833203
15773689176	1798845203
15803677176	1768857203
15833665176	1738869203
15863653176	1708881203
15893641176	1678893203
15923629176	1648905203
15953617176	1618917203
15983605176	1588929203
16013593176	1558941203
16043581176	1528953203
16073569176	1498965203
16103557176	1468977203
16133545176	1438989203
16163533176	1409001203
16193521176	1379013203
16223509176	2235349106
16253497176	2205361106
16283485176	2175373106
16313473176	2145385106
16343461176	2115397106
16373449176	2085409106
16403437176	2055421106
16433425176	2025433106
16463413176	1995445106
16493401176	1965457106
16523389176	1935469106
16553377176	1905481106
16583365176	1875493106
16613353176	1845505106
16643341176	1815517106
16673329176	1785529106
16703317176	1755541106
16733305176	1725553106
16763293176	1695565106
16793281176	1665577106
16823269176	1635589106
16853257176	1605601106
16883245176	1575613106
16913233176	1545625106
16943221176	1515637106
16973209176	1485649106
17003197176	1455661106
17033185176	1425673106
17063173176	1395685106
17093161176	1365697106
17123149176	1335709106
17153137176	1305721106
17183125176	1275733106
17213113176	1245745106
17243101176	1215757106
17273089176	1185769106
17303077176	1155781106
17333065176	1125793106
17363053176	1095805106
17393041176	1065817106
17423029176	1035829106
17453017176	1005841106
17483005176	975853106
17512993176	945865106
17542981176	915877106
17572969176	885889106
17602957176	1423276395
17632945176	1393288395
17662933176	1363300395
17692921176	1333312395
17722909176	1303324395
17752897176	1273336395
17782885176	1243348395
17812873176	1213360395
17842861176	1183372395
17872849176	1153384395
17902837176	1123396395
17932825176	1093408395
17962813176	1063420395
17992801176	1033432395
18022789176	1003444395
18052777176	973456395
18082765176	943468395
18112753176	913480395
18142741176	883492395
18172729176	853504395
18202717176	823516395
18232705176	793528395
18262693176	763540395
18292681176	733552395
18322669176	703564395
18352657176	673576395
18382645176	643588395
18412633176	613600395
18442621176	583612395
18472609176	917044553
18502597176	887056553
18532585176	857068553
18562573176	827080553
18592561176	797092553
18622549176	767104553
18652537176	737116553
18682525176	707128553
18712513176	677140553
18742501176	647152553
18772489176	617164553
18802477176	587176553
18832465176	557188553
18862453176	527200553
18892441176	497212553
18922429176	467224553
18952417176	437236553
18982405176	407248553
19012393176	377260553
19042381176	581505461
19072369176	551517461
19102357176	521529461
19132345176	491541461
19162333176	461553461
19192321176	431565461
19222309176	401577461
19252297176	371589461
19282285176	341601461
19312273176	311613461
19342261176	281625461
19372249176	251637461
19402237176	384170153
19432225176	354182153
19462213176	324194153
19492201176	294206153
19522189176	264218153
19552177176	234230153
19582165176	204242153
19612153176	174254153
19642141176	246899557
19672129176	216911557
19702117176	186923557
19732105176	156935557
19762093176	126947557
19792081176	163685703
19822069176	133697703
19852057176	103709703
19882045176	73721703
19912033176	86681214
19942021176	56693214
19972009176	53335413
20001997176	39659931
20031985176	33191647
20061973176	19802540
20091961176	26301347
20121949176	24481291
20151937176	21537395
20181925176	16513307
20211913176	11425578
20241901176	19409295
20271889176	20883144
20301877176	13707836
20331865176	22072062
20361853176	20873624
20391841176	18586521
20421829176	26990357
20451817176	24361123
20481805176	21574847
20511793176	20086983
20541781176	18668523
20571769176	17554992
20601757176	14830920
20631745176	12830717
20661733176	31794620
20691721176	14407855
20721709176	14989436
20751697176	14607722
20781685176	14275541
20811673176	14839460
20841661176	17294368
20871649176	18332323
20901637176	20173275
20931625176	21890198
20961613176	24565810
20991601176	30955990
21021589176	21547254
21051577176	25549898
21081565176	29285127
21111553176	33855206
21141541176	19348415
21171529176	25283035
21201517176	30838173
21231505176	21469781
21261493176	26222671
21291481176	35118457
21321469176	21430772
21351457176	30476895
21381445176	23396893
21411433176	32502660
21441421176	19482440
21471409176	30061270
21501397176	23229995
21531385176	33486666
21561373176	20534824
21591361176	32654754
21621349176	27571868
21651337176	40397887
21681325176	28417561
21711313176	40185033
21741301176	35849047
21771289176	24344991
21801277176	36275682
21831265176	30490725
21861253176	18777972
21891241176	33053366
21921229176	30696701
21951217176	20896801
21981205176	36444287
22011193176	32281150
22041181176	22260963
22071169176	41015475
22101157176	38082599
22131145176	29317191
22161133176	47599271
22191121176	45628551
22221109176	39013502
22251097176	37508348
22281085176	30040763
22311073176	28696561
22341061176	51238830
22371049176	45720463
22401037176	45649846
22431025176	39693853
22461013176	40118621
22491001176	34675336
22520989176	36308844
22550977176	33456602
22580965176	35825743
22610953176	32108978
22640941176	34415008
22670929176	31321947
22700917176	34974517
22730905176	32269617
22760893176	36737635
22790881176	34742451
22820869176	40519665
22850857176	41512155
22880845176	48566758
22910833176	48912218
22940821176	54964525
22970809176	56037248
23000797176	64679972
23030785176	67098452
23060773176	37110452
23090761176	46311723
23120749176	49510881
23150737176	62052833
23180725176	67563951
23210713176	37575951
23240701176	49338506
23270689176	55132769
23300677176	69384216
23330665176	77100487
23360653176	47112487
23390641176	60664641
23420629176	69451464
23450617176	39463464
23480605176	56083787
23510593176	65894712
23540581176	81944949
23570569176	51956949
23600557176	62600627
23630545176	79741950
23660533176	49753950
23690521176	60450528
23720509176	77204828
23750497176	47216828
23780485176	61524323
23810473176	81778767
23840461176	51790767
23870449176	66039579
23900437176	88125534
23930425176	58137534
23960413176	73672806
23990401176	95270573
24020389176	65282573
24050377176	82308689
24080365176	52320689
24110353176	77656483
24140341176	96587251
24170329176	66599251
24200317176	92263953
24230305176	62275953
24260293176	82897243
24290281176	52909243
24320269176	80386578
24350257176	103114037
24380245176	73126037
24410233176	103537632
24440221176	73549632
24470209176	97462710
24500197176	67474710
24530185176	99574510
24560173176	69586510
24590161176	95444280
24620149176	65456280
24650137176	98443580
24680125176	68455580
24710113176	98841394
24740101176	68853394
24770089176	105029582
24800077176	75041582
24830065176	105719218
24860053176	75731218
24890041176	114006072
24920029176	84018072
24950017176	117610676
24980005176	87622676
25009993176	129795717
25039981176	99807717
25069969176	135620087
25099957176	105632087
25129945176	75644087
25159933176	120734355
25189921176	90746355
25219909176	129968773
25249897176	99980773
25279885176	69992773
25309873176	119193987
25339861176	89205987
25369849176	131893869
25399837176	101905869
25429825176	151898686
25459813176	121910686
25489801176	91922686
25519789176	137453513
25549777176	107465513
25579765176	77477513
25609753176	131647135
25639741176	101659135
25669729176	152234212
25699717176	122246212
25729705176	92258212
25759693176	151822063
25789681176	121834063
25819669176	91846063
25849657176	145825621
25879645176	115837621
25909633176	85849621
25939621176	150964380
25969609176	120976380
25999597176	180252376
26029585176	150264376
26059573176	120276376
26089561176	90288376
26119549176	158531598
26149537176	128543598
26179525176	98555598
26209513176	163185537
26239501176	133197537
26269489176	103209537
26299477176	177186619
26329465176	147198619
26359453176	117210619
26389441176	187595126
26419429176	157607126
26449417176	127619126
26479405176	207271188
26509393176	177283188
26539381176	147295188
26569369176	117307188
26599357176	194053780
26629345176	164065780
26659333176	134077780
26689321176	220563989
26719309176	190575989
26749297176	160587989
26779285176	130599989
26809273176	219106202
26839261176	189118202
26869249176	159130202
26899237176	129142202
26929225176	233080560
26959213176	203092560
26989201176	173104560
27019189176	143116560
27049177176	244842405
27079165176	214854405
27109153176	184866405
27139141176	154878405
27169129176	267575908
27199117176	237587908
27229105176	207599908
27259093176	177611908
27289081176	147623908
27319069176	256722817
27349057176	226734817
27379045176	196746817
27409033176	166758817
27439021176	287058260
27469009176	257070260
27498997176	227082260
27528985176	197094260
27558973176	167106260
27588961176	282950329
27618949176	252962329
27648937176	222974329
27678925176	192986329
27708913176	162998329
27738901176	289895483
27768889176	259907483
27798877176	229919483
27828865176	199931483
27858853176	169943483
27888841176	295007947
27918829176	265019947
27948817176	235031947
27978805176	205043947
28008793176	175055947
28038781176	332580540
28068769176	302592540
28098757176	272604540
28128745176	242616540
28158733176	212628540
28188721176	370719601
28218709176	340731601
28248697176	310743601
28278685176	280755601
28308673176	250767601
28338661176	220779601
28368649176	190791601
28398637176	361057394
28428625176	331069394
28458613176	301081394
28488601176	271093394
28518589176	241105394
28548577176	211117394
28578565176	379045428
28608553176	349057428
28638541176	319069428
28668529176	289081428
28698517176	259093428
28728505176	229105428
28758493176	199117428
28788481176	379897609
28818469176	349909609
28848457176	319921609
28878445176	289933609
28908433176	259945609
28938421176	229957609
28968409176	409956914
28998397176	379968914
29028385176	349980914
29058373176	319992914
29088361176	290004914
29118349176	260016914
29148337176	230028914
29178325176	423817107
29208313176	393829107
29238301176	363841107
29268289176	333853107
29298277176	303865107
29328265176	273877107
29358253176	243889107
29388241176	438293590
29418229176	408305590
29448217176	378317590
29478205176	348329590
29508193176	318341590
29538181176	288353590
29568169176	258365590
29598157176	228377590
29628145176	438117157
29658133176	408129157
29688121176	378141157
29718109176	348153157
29748097176	318165157
29778085176	288177157
29808073176	258189157
29838061176	469143756
29868049176	439155756
29898037176	409167756
29928025176	379179756
29958013176	349191756
