1176	3435011
29989176	28767052
59977176	32748521
89965176	20109726
119953176	25115701
149941176	30598778
179929176	19699946
209917176	26839887
239905176	33107446
269893176	20959220
299881176	26013190
329869176	35773980
359857176	25119487
389845176	33592659
419833176	22515399
449821176	29391464
479809176	37248326
509797176	25868301
539785176	32148527
569773176	19846355
599761176	24475616
629749176	31449097
659737176	20334470
689725176	27301861
719713176	33264033
749701176	20909440
779689176	26920678
809677176	32714700
839665176	20284691
869653176	24508573
899641176	27570660
929629176	32558207
959617176	20299178
989605176	25113353
1019593176	29001346
1049581176	31812186
1079569176	17793229
1109557176	21703510
1139545176	24495049
1169533176	26721061
1199521176	28156692
1229509176	30017325
1259497176	17955111
1289485176	21815023
1319473176	24974724
1349461176	27116887
1379449176	28350698
1409437176	31286986
1439425176	17178204
1469413176	18161572
1499401176	18179727
1529389176	17377753
1559377176	18626110
1589365176	20268758
1619353176	20909444
1649341176	21267058
1679329176	21182029
1709317176	22143387
1739305176	23009486
1769293176	23005616
1799281176	22174169
1829269176	20711040
1859257176	21461962
1889245176	22643595
1919233176	23092508
1949221176	22679676
1979209176	21369282
2009197176	19787264
2039185176	19277755
2069173176	17541664
2099161176	14943754
2129149176	24538089
2159137176	22204282
2189125176	23218133
2219113176	22948718
2249101176	21886178
2279089176	20008169
2309077176	17366426
2339065176	16600261
2369053176	14740717
2399041176	25420792
2429029176	21634063
2459017176	17024774
2489005176	16009690
2518993176	14544426
2548981176	25809645
2578969176	22226650
2608957176	18086088
2638945176	15221224
2668933176	25812570
2698921176	22072184
2728909176	17908869
2758897176	13176144
2788885176	23748368
2818873176	21383179
2848861176	18373869
2878849176	14800030
2908837176	23210817
2938825176	19461409
2968813176	15665117
2998801176	23816583
3028789176	18514924
3058777176	12872245
3088765176	21518924
3118753176	19076462
3148741176	16547702
3178729176	13744514
3208717176	23456074
3238705176	19701697
3268693176	17151074
3298681176	13605432
3328669176	22369727
3358657176	17410568
3388645176	25097563
3418633176	23593641
3448621176	20720141
3478609176	17031349
3508597176	12652521
3538585176	19954202
3568573176	16486893
3598561176	24513784
3628549176	19157502
3658537176	13756294
3688525176	19861133
3718513176	17539136
3748501176	14881903
3778489176	24564934
3808477176	20075799
3838465176	14924505
3868453176	23100515
3898441176	18400072
3928429176	13139790
3958417176	19242478
3988405176	12711995
4018393176	20032641
4048381176	16490164
4078369176	24861586
4108357176	19695506
4138345176	13865452
4168333176	21824231
4198321176	17888891
4228309176	13501399
4258297176	20674083
4288285176	14675314
4318273176	20841531
4348261176	18322484
4378249176	14487471
4408237176	22784570
4438225176	17573214
4468213176	24190970
4498201176	20076500
4528189176	15031088
4558177176	21303733
4588165176	14822652
4618153176	19190904
4648141176	17262245
4678129176	14169087
4708117176	23152147
4738105176	18454337
4768093176	13045385
4798081176	21406192
4828069176	16624907
4858057176	23557703
4888045176	17410232
4918033176	22307994
4948021176	19069770
4978009176	15433163
5007997176	23922326
5037985176	19255557
5067973176	13974746
5097961176	21884519
5127949176	17044279
5157937176	24593337
5187925176	19079736
5217913176	13087691
5247901176	21249359
5277889176	18286936
5307877176	14710074
5337865176	23216927
5367853176	17995300
5397841176	12261555
5427829176	21355308
5457817176	16388828
5487805176	23045953
5517793176	16821863
5547781176	22828149
5577769176	20508753
5607757176	16795200
5637745176	25478071
5667733176	20979582
5697721176	15884331
5727709176	25024276
5757697176	20384271
5787685176	15120999
5817673176	21320771
5847661176	14711115
5877649176	29965664
5907637176	22791966
5937625176	43978447
5967613176	40903024
5997601176	38115689
6027589176	35978638
6057577176	34651091
6087565176	32777116
6117553176	31013701
6147541176	29610887
6177529176	59556491
6207517176	60201112
6237505176	60774578
6267493176	30786578
6297481176	31176738
6327469176	31293359
6357457176	32829335
6387445176	33574819
6417433176	34145697
6447421176	34260101
6477409176	34130222
6507397176	37134866
6537385176	39044289
6567373176	40875983
6597361176	42438064
6627349176	44081364
6657337176	47367181
6687325176	50175171
6717313176	68746780
6747301176	90923321
6777289176	60935321
6807277176	87737555
6837265176	57749555
6867253176	84389742
6897241176	111477004
6927229176	81489004
6957217176	110504172
6987205176	80516172
7017193176	109510936
7047181176	79522936
7077169176	110144693
7107157176	80156693
7137145176	112938008
7167133176	82950008
7197121176	115527886
7227109176	85539886
7257097176	120302045
7287085176	90314045
7317073176	124863287
7347061176	94875287
7377049176	64887287
7407037176	100948818
7437025176	70960818
7467013176	109148656
7497001176	79160656
7526989176	116950692
7556977176	86962692
7586965176	127535644
7616953176	97547644
7646941176	138222915
7676929176	108234915
7706917176	78246915
7736905176	122714256
7766893176	92726256
7796881176	137138849
7826869176	107150849
7856857176	77162849
7886845176	123046634
7916833176	93058634
7946821176	140428134
7976809176	110440134
8006797176	80452134
8036785176	129557297
8066773176	99569297
8096761176	151464401
8126749176	121476401
8156737176	91488401
8186725176	144172039
8216713176	114184039
8246701176	84196039
8276689176	138669860
8306677176	108681860
8336665176	166722113
8366653176	136734113
8396641176	106746113
8426629176	164708720
8456617176	134720720
8486605176	104732720
8516593176	165561811
8546581176	135573811
8576569176	105585811
8606557176	168064893
8636545176	138076893
8666533176	108088893
8696521176	173538334
8726509176	143550334
8756497176	113562334
8786485176	180058494
8816473176	150070494
8846461176	120082494
8876449176	188534673
8906437176	158546673
8936425176	128558673
8966413176	98570673
8996401176	171116482
9026389176	141128482
9056377176	111140482
9086365176	184443300
9116353176	154455300
9146341176	124467300
9176329176	199681775
9206317176	169693775
9236305176	139705775
9266293176	109717775
9296281176	189228687
9326269176	159240687
9356257176	129252687
9386245176	209920855
9416233176	179932855
9446221176	149944855
9476209176	119956855
9506197176	202713699
9536185176	172725699
9566173176	142737699
9596161176	112749699
9626149176	199616782
9656137176	169628782
9686125176	139640782
9716113176	227463938
9746101176	197475938
9776089176	167487938
9806077176	137499938
9836065176	228059004
9866053176	198071004
9896041176	168083004
9926029176	138095004
9956017176	1533040550
9986005176	1503052550
10015993176	1473064550
10045981176	1443076550
10075969176	2233999883
10105957176	2204011883
10135945176	2174023883
10165933176	2144035883
10195921176	2114047883
10225909176	2084059883
10255897176	2054071883
10285885176	2024083883
10315873176	1994095883
10345861176	1964107883
10375849176	1934119883
10405837176	1904131883
10435825176	1874143883
10465813176	1844155883
10495801176	1814167883
10525789176	1784179883
10555777176	1754191883
10585765176	1724203883
10615753176	1694215883
10645741176	1664227883
10675729176	1634239883
10705717176	1604251883
10735705176	1574263883
10765693176	1544275883
10795681176	1514287883
10825669176	1484299883
10855657176	1454311883
10885645176	1424323883
10915633176	1394335883
10945621176	1364347883
10975609176	1334359883
11005597176	1304371883
11035585176	1274383883
11065573176	1244395883
11095561176	1214407883
11125549176	1184419883
11155537176	1154431883
11185525176	1124443883
11215513176	1094455883
11245501176	1064467883
11275489176	1034479883
11305477176	1004491883
11335465176	974503883
11365453176	944515883
11395441176	914527883
11425429176	884539883
11455417176	854551883
11485405176	824563883
11515393176	1315030615
11545381176	1285042615
11575369176	1255054615
11605357176	1225066615
11635345176	1195078615
11665333176	1165090615
11695321176	1135102615
11725309176	1105114615
11755297176	1075126615
11785285176	1045138615
11815273176	1015150615
11845261176	985162615
11875249176	955174615
11905237176	925186615
11935225176	895198615
11965213176	865210615
11995201176	835222615
12025189176	805234615
12055177176	775246615
12085165176	745258615
12115153176	715270615
12145141176	685282615
12175129176	655294615
12205117176	625306615
12235105176	595318615
12265093176	565330615
12295081176	535342615
12325069176	840456935
12355057176	810468935
12385045176	780480935
12415033176	750492935
12445021176	720504935
12475009176	690516935
12504997176	660528935
12534985176	630540935
12564973176	600552935
12594961176	570564935
12624949176	540576935
12654937176	510588935
12684925176	480600935
12714913176	450612935
12744901176	420624935
12774889176	390636935
12804877176	360648935
12834865176	330660935
12864853176	511116395
12894841176	481128395
12924829176	451140395
12954817176	421152395
12984805176	391164395
13014793176	361176395
13044781176	331188395
13074769176	301200395
13104757176	271212395
13134745176	241224395
13164733176	211236395
13194721176	313427810
13224709176	283439810
13254697176	253451810
13284685176	223463810
13314673176	193475810
13344661176	163487810
13374649176	133499810
13404637176	186678873
13434625176	156690873
13464613176	126702873
13494601176	96714873
13524589176	118354590
13554577176	88366590
13584565176	58378590
13614553176	63032800
13644541176	53368346
13674529176	23380346
13704517176	13360165
13734505176	1306178
13764493176	386583
13794481176	487912
13824469176	553448
13854457176	639572
13884445176	425799
13914433176	3617118
13944421176	568330
13974409176	684149
14004397176	369399
14034385176	700938
14064373176	383615
14094361176	520020
14124349176	347591
14154337176	700204
14184325176	2571433
14214313176	533860
14244301176	405089
14274289176	712537
14304277176	464408
14334265176	491040
14364253176	610675
14394241176	688447
14424229176	507615
14454217176	528722
14484205176	622010
14514193176	468665
14544181176	619056
14574169176	593672
14604157176	573361
14634145176	632804
14664133176	609901
14694121176	493365
14724109176	541993
14754097176	388101
14784085176	406247
14814073176	561973
14844061176	337733
14874049176	569096
14904037176	389364
14934025176	591323
14964013176	453114
14994001176	366254
15023989176	359028
15053977176	686983
15083965176	532875
15113953176	890187
15143941176	569903
15173929176	408360
15203917176	494114
15233905176	717047
15263893176	1166462
15293881176	362517
15323869176	685289
15353857176	447841
15383845176	543233
15413833176	609158
15443821176	472146
15473809176	662008
15503797176	701821
15533785176	382332
15563773176	347040
15593761176	651862
15623749176	436421
15653737176	650399
15683725176	433454
15713713176	546421
15743701176	612624
15773689176	366333
15803677176	441108
15833665176	535668
15863653176	372068
15893641176	479602
15923629176	473435
15953617176	397661
15983605176	644117
16013593176	403004
16043581176	387715
16073569176	460786
16103557176	377098
16133545176	640050
16163533176	461151
16193521176	685211
16223509176	556917
16253497176	425250
16283485176	400875
16313473176	565876
16343461176	1619989
16373449176	639157
16403437176	666048
16433425176	510342
16463413176	427879
16493401176	2432293
16523389176	649819
16553377176	683320
16583365176	485453
16613353176	352740
16643341176	485986
16673329176	618026
16703317176	459514
16733305176	676127
16763293176	533348
16793281176	583951
16823269176	426109
16853257176	473520
16883245176	490336
16913233176	495244
16943221176	606876
16973209176	367690
17003197176	487460
17033185176	701092
17063173176	637120
17093161176	477358
17123149176	353753
17153137176	461079
17183125176	676681
17213113176	520055
17243101176	435332
17273089176	489350
17303077176	388593
17333065176	696642
17363053176	438600
17393041176	678217
17423029176	715605
17453017176	586759
17483005176	577726
17512993176	567513
17542981176	572228
17572969176	3450534
17602957176	637218
17632945176	717601
17662933176	572847
17692921176	711376
17722909176	723009
17752897176	593547
17782885176	399914
17812873176	637905
17842861176	430083
17872849176	646520
17902837176	494604
17932825176	679866
17962813176	509571
17992801176	499359
18022789176	539993
18052777176	357586
18082765176	502275
18112753176	625306
18142741176	532871
18172729176	701088
18202717176	418189
18232705176	364901
18262693176	495583
18292681176	506750
18322669176	476274
18352657176	603143
18382645176	549975
18412633176	400373
18442621176	566386
18472609176	503659
18502597176	1778099
18532585176	408252
18562573176	450408
18592561176	657899
18622549176	647436
18652537176	1181050
18682525176	508528
18712513176	475261
18742501176	392807
18772489176	670392
18802477176	543063
18832465176	379646
18862453176	412799
18892441176	538847
18922429176	575939
18952417176	443858
18982405176	337895
19012393176	641817
19042381176	637340
19072369176	453593
19102357176	543180
19132345176	655173
19162333176	439347
19192321176	513579
19222309176	400963
19252297176	580157
19282285176	641397
19312273176	613058
19342261176	610773
19372249176	427858
19402237176	719465
19432225176	524827
19462213176	647586
19492201176	407179
19522189176	613487
19552177176	602764
19582165176	710442
19612153176	471129
19642141176	491828
19672129176	504114
19702117176	424914
19732105176	2025497
19762093176	516705
19792081176	477320
19822069176	562894
19852057176	584225
19882045176	537884
19912033176	478033
19942021176	626634
19972009176	580648
20001997176	8183733
20031985176	8508585
20061973176	9468448
20091961176	5501903
20121949176	10664682
20151937176	13368160
20181925176	16438202
20211913176	17908168
20241901176	10507095
20271889176	9525754
20301877176	7813111
20331865176	6814761
20361853176	11462418
20391841176	14165221
20421829176	14803758
20451817176	9557616
20481805176	10961401
20511793176	15601209
20541781176	18148312
20571769176	17270389
20601757176	14549807
20631745176	20859887
20661733176	13831259
20691721176	16767845
20721709176	18987972
20751697176	17076309
20781685176	17849184
20811673176	15986988
20841661176	18710485
20871649176	17403156
20901637176	19595333
20931625176	18538058
20961613176	9404619
20991601176	18215956
21021589176	21961611
21051577176	15278571
21081565176	20935562
21111553176	14491974
21141541176	22073168
21171529176	17301072
21201517176	13191760
21231505176	23215242
21261493176	18866569
21291481176	18299124
21321469176	16787535
21351457176	27172731
21381445176	24754838
21411433176	22345103
21441421176	21639727
21471409176	20773353
21501397176	19362985
21531385176	18907640
21561373176	18493429
21591361176	21495470
21621349176	25687811
21651337176	30188724
21681325176	18683089
21711313176	22747132
21741301176	28590622
21771289176	35210217
21801277176	22078123
21831265176	28590702
21861253176	45297293
21891241176	44583974
21921229176	43300359
21951217176	43641875
21981205176	40619726
22011193176	39611325
22041181176	35051504
22071169176	34795284
22101157176	30813923
22131145176	29424836
22161133176	52431760
22191121176	48272276
22221109176	48494022
22251097176	44695357
22281085176	43144584
22311073176	38697286
22341061176	36525069
22371049176	32104162
22401037176	30892179
22431025176	26353757
22461013176	50462396
22491001176	48497352
22520989176	46920904
22550977176	48081448
22580965176	46593235
22610953176	48704652
22640941176	48093965
22670929176	52863964
22700917176	54419689
22730905176	59363437
22760893176	61374421
22790881176	67135099
22820869176	37147099
22850857176	43163259
22880845176	51738978
22910833176	57295563
22940821176	66394921
22970809176	74248747
23000797176	44260747
23030785176	55443038
23060773176	63867678
23090761176	75957880
23120749176	45969880
23150737176	62875417
23180725176	84672427
23210713176	54684427
23240701176	73739923
23270689176	96718702
23300677176	66730702
23330665176	87682364
23360653176	57694364
23390641176	81587820
23420629176	103778934
23450617176	73790934
23480605176	101519734
23510593176	71531734
23540581176	95865775
23570569176	65877775
23600557176	95514902
23630545176	65526902
23660533176	93317669
23690521176	63329669
23720509176	94573739
23750497176	64585739
23780485176	96582654
23810473176	66594654
23840461176	101847643
23870449176	71859643
23900437176	105418551
23930425176	75430551
23960413176	113822808
23990401176	83834808
24020389176	119962769
24050377176	89974769
24080365176	133687797
24110353176	103699797
24140341176	73711797
24170329176	114954417
24200317176	84966417
24230305176	131689492
24260293176	101701492
24290281176	146747382
24320269176	116759382
24350257176	86771382
24380245176	140137139
24410233176	110149139
24440221176	161396385
24470209176	131408385
24500197176	101420385
24530185176	159248387
24560173176	129260387
24590161176	99272387
24620149176	155994373
24650137176	126006373
24680125176	96018373
24710113176	160814519
24740101176	130826519
24770089176	100838519
24800077176	164801107
24830065176	134813107
24860053176	104825107
24890041176	176242218
24920029176	146254218
24950017176	116266218
24980005176	188807343
25009993176	158819343
25039981176	128831343
25069969176	210309029
25099957176	180321029
25129945176	150333029
25159933176	120345029
25189921176	203519528
25219909176	173531528
25249897176	143543528
25279885176	113555528
25309873176	206775627
25339861176	176787627
25369849176	146799627
25399837176	240923050
25429825176	210935050
25459813176	180947050
25489801176	150959050
25519789176	254230833
25549777176	224242833
25579765176	194254833
25609753176	164266833
25639741176	134278833
25669729176	240967022
25699717176	210979022
25729705176	180991022
25759693176	151003022
25789681176	265922089
25819669176	235934089
25849657176	205946089
25879645176	175958089
25909633176	145970089
25939621176	265359899
25969609176	235371899
25999597176	205383899
26029585176	175395899
26059573176	303774229
26089561176	273786229
26119549176	243798229
26149537176	213810229
26179525176	183822229
26209513176	316828076
26239501176	286840076
26269489176	256852076
26299477176	226864076
26329465176	196876076
26359453176	166888076
26389441176	309576473
26419429176	279588473
26449417176	249600473
26479405176	219612473
26509393176	189624473
26539381176	337172609
26569369176	307184609
26599357176	277196609
26629345176	247208609
26659333176	217220609
26689321176	187232609
26719309176	338128026
26749297176	308140026
26779285176	278152026
26809273176	248164026
26839261176	218176026
26869249176	188188026
26899237176	344348236
26929225176	314360236
26959213176	284372236
26989201176	254384236
27019189176	224396236
27049177176	194408236
27079165176	354549348
27109153176	324561348
27139141176	294573348
27169129176	264585348
27199117176	234597348
27229105176	204609348
27259093176	369403584
27289081176	339415584
27319069176	309427584
27349057176	279439584
27379045176	249451584
27409033176	219463584
27439021176	388742251
27469009176	358754251
27498997176	328766251
27528985176	298778251
27558973176	268790251
27588961176	238802251
27618949176	208814251
27648937176	383326659
27678925176	353338659
27708913176	323350659
27738901176	293362659
27768889176	263374659
27798877176	233386659
27828865176	203398659
27858853176	383273592
27888841176	353285592
27918829176	323297592
27948817176	293309592
27978805176	263321592
28008793176	233333592
28038781176	417142197
28068769176	387154197
28098757176	357166197
28128745176	327178197
28158733176	297190197
28188721176	267202197
28218709176	237214197
28248697176	426418016
28278685176	396430016
28308673176	366442016
28338661176	336454016
28368649176	306466016
28398637176	276478016
28428625176	246490016
28458613176	440807743
28488601176	410819743
28518589176	380831743
28548577176	350843743
28578565176	320855743
28608553176	290867743
28638541176	260879743
28668529176	230891743
28698517176	431538612
28728505176	401550612
28758493176	371562612
28788481176	341574612
28818469176	311586612
28848457176	281598612
28878445176	251610612
28908433176	459535671
28938421176	429547671
28968409176	399559671
28998397176	369571671
29028385176	339583671
29058373176	309595671
29088361176	279607671
29118349176	249619671
29148337176	480831989
29178325176	450843989
29208313176	420855989
29238301176	390867989
29268289176	360879989
29298277176	330891989
29328265176	300903989
29358253176	270915989
29388241176	528611232
29418229176	498623232
29448217176	468635232
29478205176	438647232
29508193176	408659232
29538181176	378671232
29568169176	348683232
29598157176	318695232
29628145176	288707232
29658133176	563260146
29688121176	533272146
29718109176	503284146
29748097176	473296146
29778085176	443308146
29808073176	413320146
29838061176	383332146
29868049176	353344146
29898037176	323356146
29928025176	1611023971
29958013176	1581035971
