1110	1597311
29971110	20161965
59941110	31538061
89911110	28869958
119881110	68482891
149851110	38512891
179821110	54073614
209791110	76541607
239761110	107450603
269731110	77480603
299701110	118935996
329671110	88965996
359641110	144403789
389611110	114433789
419581110	84463789
449551110	153616178
479521110	123646178
509491110	210098861
539461110	180128861
569431110	150158861
599401110	120188861
629371110	228379847
659341110	198409847
689311110	168439847
719281110	138469847
749251110	269676936
779221110	239706936
809191110	209736936
839161110	179766936
869131110	338872752
899101110	308902752
929071110	278932752
959041110	248962752
989011110	218992752
1018981110	189022752
1048951110	384440025
1078921110	354470025
1108891110	324500025
1138861110	294530025
1168831110	264560025
1198801110	234590025
1228771110	472365588
1258741110	442395588
1288711110	412425588
1318681110	382455588
1348651110	352485588
1378621110	322515588
1408591110	292545588
1438561110	574027706
1468531110	544057706
1498501110	514087706
1528471110	484117706
1558441110	454147706
1588411110	424177706
1618381110	394207706
1648351110	364237706
1678321110	334267706
1708291110	668283670
1738261110	638313670
1768231110	608343670
1798201110	578373670
1828171110	548403670
1858141110	518433670
1888111110	488463670
1918081110	458493670
1948051110	428523670
1978021110	398553670
2007991110	368583670
2037961110	763078353
2067931110	733108353
2097901110	703138353
2127871110	673168353
2157841110	643198353
2187811110	613228353
2217781110	583258353
2247751110	553288353
2277721110	523318353
2307691110	493348353
2337661110	463378353
2367631110	433408353
2397601110	912765165
2427571110	882795165
2457541110	852825165
2487511110	822855165
2517481110	792885165
2547451110	762915165
2577421110	732945165
2607391110	702975165
2637361110	673005165
2667331110	643035165
2697301110	613065165
2727271110	583095165
2757241110	553125165
2787211110	523155165
2817181110	1113720501
2847151110	1083750501
2877121110	1053780501
2907091110	1023810501
2937061110	993840501
2967031110	963870501
2997001110	933900501
3026971110	903930501
3056941110	873960501
3086911110	843990501
3116881110	814020501
3146851110	784050501
3176821110	754080501
3206791110	724110501
3236761110	694140501
3266731110	664170501
3296701110	634200501
3326671110	1324664042
3356641110	1294694042
3386611110	1264724042
3416581110	1234754042
3446551110	1204784042
3476521110	1174814042
3506491110	1144844042
3536461110	1114874042
3566431110	1084904042
3596401110	1054934042
3626371110	1024964042
3656341110	994994042
3686311110	965024042
3716281110	935054042
3746251110	905084042
3776221110	875114042
3806191110	845144042
3836161110	815174042
3866131110	785204042
3896101110	755234042
3926071110	725264042
3956041110	1560921943
3986011110	1530951943
4015981110	1500981943
4045951110	1471011943
4075921110	1441041943
4105891110	1411071943
4135861110	1381101943
4165831110	1351131943
4195801110	1321161943
4225771110	1291191943
4255741110	1261221943
4285711110	1231251943
4315681110	1201281943
4345651110	1171311943
4375621110	1141341943
4405591110	1111371943
4435561110	1081401943
4465531110	1051431943
4495501110	1021461943
4525471110	991491943
4555441110	961521943
4585411110	931551943
4615381110	901581943
4645351110	871611943
4675321110	1855927018
4705291110	1825957018
4735261110	1795987018
4765231110	1766017018
4795201110	1736047018
4825171110	1706077018
4855141110	1676107018
4885111110	1646137018
4915081110	1616167018
4945051110	1586197018
4975021110	1556227018
5004991110	1526257018
5034961110	1496287018
5064931110	1466317018
5094901110	1436347018
5124871110	1406377018
5154841110	1376407018
5184811110	1346437018
5214781110	1316467018
5244751110	1286497018
5274721110	1256527018
5304691110	1226557018
5334661110	1196587018
5364631110	1166617018
5394601110	1136647018
5424571110	1106677018
5454541110	1076707018
5484511110	1046737018
5514481110	1016767018
5544451110	2171222997
5574421110	2141252997
5604391110	2111282997
5634361110	2081312997
5664331110	2051342997
5694301110	2021372997
5724271110	1991402997
5754241110	1961432997
5784211110	1931462997
5814181110	1901492997
5844151110	1871522997
5874121110	1841552997
5904091110	1811582997
5934061110	1781612997
5964031110	1751642997
5994001110	1721672997
6023971110	1691702997
6053941110	1661732997
6083911110	1631762997
6113881110	1601792997
6143851110	1571822997
6173821110	1541852997
6203791110	1511882997
6233761110	1481912997
6263731110	1451942997
6293701110	1421972997
6323671110	1392002997
6353641110	1362032997
6383611110	1332062997
6413581110	1302092997
6443551110	1272122997
6473521110	1242152997
6503491110	1212182997
6533461110	1182212997
6563431110	2531372823
6593401110	2501402823
6623371110	2471432823
6653341110	2441462823
6683311110	2411492823
6713281110	2381522823
6743251110	2351552823
6773221110	2321582823
6803191110	2291612823
6833161110	2261642823
6863131110	2231672823
6893101110	2201702823
6923071110	2171732823
6953041110	2141762823
6983011110	2111792823
7012981110	2081822823
7042951110	2051852823
7072921110	2021882823
7102891110	1991912823
7132861110	1961942823
7162831110	1931972823
7192801110	1902002823
7222771110	1872032823
7252741110	1842062823
7282711110	1812092823
7312681110	1782122823
7342651110	1752152823
7372621110	1722182823
7402591110	1692212823
7432561110	1662242823
7462531110	1632272823
7492501110	1602302823
7522471110	1572332823
7552441110	1542362823
7582411110	1512392823
7612381110	1482422823
7642351110	1452452823
7672321110	1422482823
7702291110	1392512823
7732261110	2962824712
7762231110	2932854712
7792201110	2902884712
7822171110	2872914712
7852141110	2842944712
7882111110	2812974712
7912081110	2783004712
7942051110	2753034712
7972021110	2723064712
8001991110	2693094712
8031961110	2663124712
8061931110	2633154712
8091901110	2603184712
8121871110	2573214712
8151841110	2543244712
8181811110	2513274712
8211781110	2483304712
8241751110	2453334712
8271721110	2423364712
8301691110	2393394712
8331661110	2363424712
8361631110	2333454712
8391601110	2303484712
8421571110	2273514712
8451541110	2243544712
8481511110	2213574712
8511481110	2183604712
8541451110	2153634712
8571421110	2123664712
8601391110	2093694712
8631361110	2063724712
8661331110	2033754712
8691301110	2003784712
8721271110	1973814712
8751241110	1943844712
8781211110	1913874712
8811181110	1883904712
8841151110	1853934712
8871121110	1823964712
8901091110	1793994712
8931061110	1764024712
8961031110	1734054712
8991001110	1704084712
9020971110	1674114712
9050941110	1644144712
9080911110	1614174712
9110881110	16083715920
9140851110	16053745920
9170821110	16023775920
9200791110	15993805920
9230761110	15963835920
9260731110	15933865920
9290701110	15903895920
9320671110	15873925920
9350641110	15843955920
9380611110	15813985920
9410581110	15784015920
9440551110	15754045920
9470521110	15724075920
9500491110	15694105920
9530461110	15664135920
9560431110	15634165920
9590401110	15604195920
9620371110	15574225920
9650341110	15544255920
9680311110	15514285920
9710281110	15484315920
9740251110	15454345920
9770221110	15424375920
9800191110	15394405920
9830161110	15364435920
9860131110	15334465920
9890101110	15304495920
9920071110	15274525920
9950041110	15244555920
9980011110	15214585920
10009981110	15184615920
10039951110	15154645920
10069921110	15124675920
10099891110	15094705920
10129861110	15064735920
10159831110	15034765920
10189801110	15004795920
10219771110	14974825920
10249741110	14944855920
10279711110	14914885920
10309681110	14884915920
10339651110	14854945920
10369621110	14824975920
10399591110	14795005920
10429561110	14765035920
10459531110	14735065920
10489501110	14705095920
10519471110	14675125920
10549441110	14645155920
10579411110	14615185920
10609381110	14585215920
10639351110	14555245920
10669321110	14525275920
10699291110	14495305920
10729261110	24347242998
10759231110	24317272998
10789201110	24287302998
10819171110	24257332998
10849141110	24227362998
10879111110	24197392998
10909081110	24167422998
10939051110	24137452998
10969021110	24107482998
10998991110	24077512998
11028961110	24047542998
11058931110	24017572998
11088901110	23987602998
11118871110	23957632998
11148841110	23927662998
11178811110	23897692998
11208781110	23867722998
11238751110	23837752998
11268721110	23807782998
11298691110	23777812998
11328661110	23747842998
11358631110	23717872998
11388601110	23687902998
11418571110	23657932998
11448541110	23627962998
11478511110	23597992998
11508481110	23568022998
11538451110	23538052998
11568421110	23508082998
11598391110	23478112998
11628361110	23448142998
11658331110	23418172998
11688301110	23388202998
11718271110	23358232998
11748241110	23328262998
11778211110	23298292998
11808181110	23268322998
11838151110	23238352998
11868121110	23208382998
11898091110	23178412998
11928061110	23148442998
11958031110	23118472998
11988001110	23088502998
12017971110	23058532998
12047941110	23028562998
12077911110	22998592998
12107881110	22968622998
12137851110	22938652998
12167821110	22908682998
12197791110	22878712998
12227761110	22848742998
12257731110	22818772998
12287701110	22788802998
12317671110	22758832998
12347641110	22728862998
12377611110	22698892998
12407581110	22668922998
12437551110	22638952998
12467521110	22608982998
12497491110	22579012998
12527461110	22549042998
12557431110	22519072998
12587401110	22489102998
12617371110	22459132998
12647341110	22429162998
12677311110	22399192998
12707281110	22369222998
12737251110	22339252998
12767221110	22309282998
12797191110	22279312998
12827161110	22249342998
12857131110	22219372998
12887101110	22189402998
12917071110	22159432998
12947041110	22129462998
12977011110	22099492998
13006981110	22069522998
13036951110	22039552998
13066921110	22009582998
13096891110	21979612998
13126861110	21949642998
13156831110	21919672998
13186801110	21889702998
13216771110	21859732998
13246741110	21829762998
13276711110	21799792998
13306681110	21769822998
13336651110	21739852998
13366621110	21709882998
13396591110	21679912998
13426561110	21649942998
13456531110	21619972998
13486501110	21590002998
13516471110	21560032998
13546441110	21530062998
13576411110	21500092998
13606381110	21470122998
13636351110	21440152998
13666321110	21410182998
13696291110	21380212998
13726261110	21350242998
13756231110	21320272998
13786201110	21290302998
13816171110	21260332998
13846141110	21230362998
13876111110	21200392998
13906081110	21170422998
13936051110	21140452998
13966021110	21110482998
13995991110	21080512998
14025961110	21050542998
14055931110	21020572998
14085901110	20990602998
14115871110	20960632998
14145841110	20930662998
14175811110	20900692998
14205781110	20870722998
14235751110	20840752998
14265721110	20810782998
14295691110	20780812998
14325661110	20750842998
14355631110	20720872998
14385601110	20690902998
14415571110	20660932998
14445541110	20630962998
14475511110	20600992998
14505481110	20571022998
14535451110	20541052998
14565421110	20511082998
14595391110	20481112998
14625361110	20451142998
14655331110	20421172998
14685301110	20391202998
14715271110	20361232998
14745241110	20331262998
14775211110	20301292998
14805181110	20271322998
14835151110	20241352998
14865121110	20211382998
14895091110	20181412998
14925061110	20151442998
14955031110	20121472998
14985001110	20091502998
15014971110	20061532998
15044941110	20031562998
15074911110	20001592998
15104881110	19971622998
15134851110	19941652998
15164821110	19911682998
15194791110	19881712998
15224761110	19851742998
15254731110	19821772998
15284701110	19791802998
15314671110	19761832998
15344641110	19731862998
15374611110	19701892998
15404581110	19671922998
15434551110	19641952998
15464521110	19611982998
15494491110	19582012998
15524461110	19552042998
15554431110	19522072998
15584401110	19492102998
15614371110	19462132998
15644341110	19432162998
15674311110	19402192998
15704281110	19372222998
15734251110	19342252998
15764221110	19312282998
15794191110	19282312998
15824161110	19252342998
15854131110	19222372998
15884101110	19192402998
15914071110	19162432998
15944041110	19132462998
15974011110	19102492998
16003981110	19072522998
16033951110	19042552998
16063921110	19012582998
16093891110	18982612998
16123861110	18952642998
16153831110	18922672998
16183801110	18892702998
16213771110	18862732998
16243741110	18832762998
16273711110	18802792998
16303681110	18772822998
16333651110	18742852998
16363621110	18712882998
16393591110	18682912998
16423561110	18652942998
16453531110	18622972998
16483501110	18593002998
16513471110	18563032998
16543441110	18533062998
16573411110	18503092998
16603381110	18473122998
16633351110	18443152998
16663321110	18413182998
16693291110	18383212998
16723261110	18353242998
16753231110	18323272998
16783201110	18293302998
16813171110	18263332998
16843141110	18233362998
16873111110	18203392998
16903081110	18173422998
16933051110	18143452998
16963021110	18113482998
16992991110	18083512998
17022961110	18053542998
17052931110	18023572998
17082901110	17993602998
17112871110	17963632998
17142841110	17933662998
17172811110	17903692998
17202781110	17873722998
17232751110	17843752998
17262721110	17813782998
17292691110	17783812998
17322661110	17753842998
17352631110	17723872998
17382601110	17693902998
17412571110	17663932998
17442541110	17633962998
17472511110	17603992998
17502481110	17574022998
17532451110	17544052998
17562421110	17514082998
17592391110	17484112998
17622361110	17454142998
17652331110	17424172998
17682301110	17394202998
17712271110	17364232998
17742241110	17334262998
17772211110	17304292998
17802181110	17274322998
17832151110	17244352998
17862121110	17214382998
17892091110	17184412998
17922061110	17154442998
17952031110	17124472998
17982001110	17094502998
18011971110	17064532998
18041941110	17034562998
18071911110	17004592998
18101881110	16974622998
18131851110	16944652998
18161821110	16914682998
18191791110	16884712998
18221761110	16854742998
18251731110	16824772998
18281701110	16794802998
18311671110	16764832998
18341641110	16734862998
18371611110	16704892998
18401581110	16674922998
18431551110	16644952998
18461521110	16614982998
18491491110	16585012998
18521461110	16555042998
18551431110	16525072998
18581401110	16495102998
18611371110	16465132998
18641341110	16435162998
18671311110	16405192998
18701281110	16375222998
18731251110	16345252998
18761221110	16315282998
18791191110	16285312998
18821161110	16255342998
18851131110	16225372998
18881101110	16195402998
18911071110	16165432998
18941041110	16135462998
18971011110	16105492998
19000981110	16075522998
19030951110	16045552998
19060921110	16015582998
19090891110	15985612998
19120861110	15955642998
19150831110	15925672998
19180801110	15895702998
19210771110	15865732998
19240741110	15835762998
19270711110	15805792998
19300681110	15775822998
19330651110	15745852998
19360621110	15715882998
19390591110	15685912998
19420561110	15655942998
19450531110	15625972998
19480501110	15596002998
19510471110	15566032998
19540441110	15536062998
19570411110	15506092998
19600381110	15476122998
19630351110	15446152998
19660321110	15416182998
19690291110	15386212998
19720261110	15356242998
19750231110	15326272998
19780201110	15296302998
19810171110	15266332998
19840141110	15236362998
19870111110	15206392998
19900081110	15176422998
19930051110	15146452998
19960021110	15116482998
19989991110	15086512998
20019961110	15056542998
20049931110	15026572998
20079901110	14996602998
20109871110	14966632998
20139841110	14936662998
20169811110	14906692998
20199781110	14876722998
20229751110	14846752998
20259721110	14816782998
20289691110	14786812998
20319661110	14756842998
20349631110	14726872998
20379601110	14696902998
20409571110	14666932998
20439541110	14636962998
20469511110	14606992998
20499481110	14577022998
20529451110	14547052998
20559421110	14517082998
20589391110	14487112998
20619361110	14457142998
20649331110	14427172998
20679301110	14397202998
20709271110	14367232998
20739241110	14337262998
20769211110	14307292998
20799181110	14277322998
20829151110	14247352998
20859121110	14217382998
20889091110	14187412998
20919061110	14157442998
20949031110	14127472998
20979001110	14097502998
21008971110	14067532998
21038941110	14037562998
21068911110	14007592998
21098881110	13977622998
21128851110	13947652998
21158821110	13917682998
21188791110	13887712998
21218761110	13857742998
21248731110	13827772998
21278701110	13797802998
21308671110	13767832998
21338641110	13737862998
21368611110	13707892998
21398581110	13677922998
21428551110	13647952998
21458521110	13617982998
21488491110	13588012998
21518461110	13558042998
21548431110	13528072998
21578401110	13498102998
21608371110	13468132998
21638341110	13438162998
21668311110	13408192998
21698281110	13378222998
21728251110	13348252998
21758221110	13318282998
21788191110	13288312998
21818161110	13258342998
21848131110	13228372998
21878101110	13198402998
21908071110	13168432998
21938041110	13138462998
21968011110	13108492998
21997981110	13078522998
22027951110	13048552998
22057921110	13018582998
22087891110	12988612998
22117861110	12958642998
22147831110	12928672998
22177801110	12898702998
22207771110	12868732998
22237741110	12838762998
22267711110	12808792998
22297681110	12778822998
22327651110	12748852998
22357621110	12718882998
22387591110	12688912998
22417561110	12658942998
22447531110	12628972998
22477501110	12599002998
22507471110	12569032998
22537441110	12539062998
22567411110	12509092998
22597381110	12479122998
22627351110	12449152998
22657321110	12419182998
22687291110	12389212998
22717261110	12359242998
22747231110	12329272998
22777201110	12299302998
22807171110	12269332998
22837141110	12239362998
22867111110	12209392998
22897081110	12179422998
22927051110	12149452998
22957021110	12119482998
22986991110	12089512998
23016961110	12059542998
23046931110	12029572998
23076901110	11999602998
23106871110	11969632998
23136841110	11939662998
23166811110	11909692998
23196781110	11879722998
23226751110	11849752998
23256721110	11819782998
23286691110	11789812998
23316661110	11759842998
23346631110	11729872998
23376601110	11699902998
23406571110	11669932998
23436541110	11639962998
23466511110	11609992998
23496481110	11580022998
23526451110	11550052998
23556421110	11520082998
23586391110	11490112998
23616361110	11460142998
23646331110	11430172998
23676301110	11400202998
23706271110	11370232998
23736241110	11340262998
23766211110	11310292998
23796181110	11280322998
23826151110	11250352998
23856121110	11220382998
23886091110	11190412998
23916061110	11160442998
23946031110	11130472998
23976001110	11100502998
24005971110	11070532998
24035941110	11040562998
24065911110	11010592998
24095881110	10980622998
24125851110	10950652998
24155821110	10920682998
24185791110	10890712998
24215761110	10860742998
24245731110	10830772998
24275701110	10800802998
24305671110	10770832998
24335641110	10740862998
24365611110	10710892998
24395581110	10680922998
24425551110	10650952998
24455521110	10620982998
24485491110	10591012998
24515461110	10561042998
24545431110	10531072998
24575401110	10501102998
24605371110	10471132998
24635341110	10441162998
24665311110	10411192998
24695281110	10381222998
24725251110	10351252998
24755221110	10321282998
24785191110	10291312998
24815161110	10261342998
24845131110	10231372998
24875101110	10201402998
24905071110	10171432998
24935041110	10141462998
24965011110	10111492998
24994981110	10081522998
25024951110	10051552998
25054921110	10021582998
25084891110	9991612998
25114861110	9961642998
25144831110	9931672998
25174801110	9901702998
25204771110	9871732998
25234741110	14287003418
25264711110	14257033418
25294681110	14227063418
25324651110	14197093418
25354621110	14167123418
25384591110	14137153418
25414561110	14107183418
25444531110	14077213418
25474501110	14047243418
25504471110	14017273418
25534441110	13987303418
25564411110	13957333418
25594381110	13927363418
25624351110	13897393418
25654321110	13867423418
25684291110	13837453418
25714261110	13807483418
25744231110	13777513418
25774201110	13747543418
25804171110	13717573418
25834141110	13687603418
25864111110	13657633418
25894081110	13627663418
25924051110	13597693418
25954021110	13567723418
25983991110	13537753418
26013961110	13507783418
26043931110	13477813418
26073901110	13447843418
26103871110	13417873418
26133841110	13387903418
26163811110	13357933418
26193781110	13327963418
26223751110	13297993418
26253721110	13268023418
26283691110	13238053418
26313661110	13208083418
26343631110	13178113418
26373601110	13148143418
26403571110	13118173418
26433541110	13088203418
26463511110	13058233418
26493481110	13028263418
26523451110	12998293418
26553421110	12968323418
26583391110	12938353418
26613361110	12908383418
26643331110	12878413418
26673301110	12848443418
26703271110	12818473418
26733241110	12788503418
26763211110	12758533418
26793181110	12728563418
26823151110	12698593418
26853121110	12668623418
26883091110	12638653418
26913061110	12608683418
26943031110	12578713418
26973001110	12548743418
27002971110	12518773418
27032941110	12488803418
27062911110	12458833418
27092881110	12428863418
27122851110	12398893418
27152821110	12368923418
27182791110	12338953418
27212761110	12308983418
27242731110	12279013418
27272701110	12249043418
27302671110	12219073418
27332641110	12189103418
27362611110	12159133418
27392581110	12129163418
27422551110	12099193418
27452521110	12069223418
27482491110	12039253418
27512461110	12009283418
27542431110	11979313418
27572401110	11949343418
27602371110	11919373418
27632341110	11889403418
27662311110	11859433418
27692281110	11829463418
27722251110	11799493418
27752221110	11769523418
27782191110	11739553418
27812161110	11709583418
27842131110	11679613418
27872101110	11649643418
27902071110	11619673418
27932041110	11589703418
27962011110	11559733418
27991981110	11529763418
28021951110	11499793418
28051921110	11469823418
28081891110	11439853418
28111861110	11409883418
28141831110	11379913418
28171801110	11349943418
28201771110	11319973418
28231741110	11290003418
28261711110	11260033418
28291681110	11230063418
28321651110	11200093418
28351621110	11170123418
28381591110	11140153418
28411561110	11110183418
28441531110	11080213418
28471501110	11050243418
28501471110	11020273418
28531441110	10990303418
28561411110	10960333418
28591381110	10930363418
28621351110	10900393418
28651321110	10870423418
28681291110	10840453418
28711261110	10810483418
28741231110	10780513418
28771201110	10750543418
28801171110	10720573418
28831141110	10690603418
28861111110	10660633418
28891081110	10630663418
28921051110	10600693418
28951021110	10570723418
28980991110	10540753418
29010961110	10510783418
29040931110	10480813418
29070901110	10450843418
29100871110	10420873418
29130841110	10390903418
29160811110	10360933418
29190781110	10330963418
29220751110	10300993418
29250721110	10271023418
29280691110	10241053418
29310661110	10211083418
29340631110	10181113418
29370601110	10151143418
29400571110	10121173418
29430541110	10091203418
29460511110	10061233418
29490481110	10031263418
29520451110	10001293418
29550421110	9971323418
29580391110	9941353418
29610361110	9911383418
29640331110	9881413418
29670301110	9851443418
29700271110	9821473418
29730241110	9791503418
29760211110	9761533418
29790181110	9731563418
29820151110	9701593418
29850121110	9671623418
29880091110	9641653418
29910061110	9611683418
29940031110	9581713418
