1250	1948228
30001250	11128570
60001250	7523747
90001250	12067525
120001250	10021053
150001250	7706308
180001250	8892760
210001250	11263586
240001250	13658405
270001250	15071472
300001250	8201159
330001250	8291883
360001250	16016104
390001250	12268878
420001250	15931559
450001250	10397531
480001250	11890336
510001250	15734033
540001250	10425922
570001250	12082073
600001250	12838171
630001250	12684366
660001250	15118038
690001250	13149175
720001250	9857968
750001250	13675159
780001250	15696571
810001250	9016181
840001250	11988741
870001250	14751231
900001250	8683910
930001250	9509191
960001250	9858146
990001250	12405058
1020001250	9572627
1050001250	13691447
1080001250	8001294
1110001250	9454765
1140001250	9995185
1170001250	13620164
1200001250	8470579
1230001250	10169226
1260001250	10675906
1290001250	10703993
1320001250	13788057
1350001250	10555809
1380001250	14591265
1410001250	9273916
1440001250	10867803
1470001250	11335934
1500001250	14704549
1530001250	8757370
1560001250	9842665
1590001250	9808707
1620001250	9166581
1650001250	12100000
1680001250	9519839
1710001250	14093825
1740001250	8761858
1770001250	10519728
1800001250	11280809
1830001250	15400451
1860001250	9423611
1890001250	10346121
1920001250	10229332
1950001250	9271769
1980001250	12881130
2010001250	9386225
2040001250	12915658
2070001250	14974447
2100001250	8312185
2130001250	8375107
2160001250	12283347
2190001250	15451875
2220001250	9516154
2250001250	10699630
2280001250	11220208
2310001250	16977708
2340001250	13830422
2370001250	9471805
2400001250	12221318
2430001250	14028377
2460001250	16259926
2490001250	11484933
2520001250	13394168
2550001250	13947808
2580001250	13804737
2610001250	13177380
2640001250	9878492
2670001250	15772543
2700001250	11877344
2730001250	15257082
2760001250	9301296
2790001250	10917721
2820001250	14568229
2850001250	8429809
2880001250	9555168
2910001250	10257871
2940001250	10416528
2970001250	16657403
3000001250	13198537
3030001250	8688848
3060001250	11276346
3090001250	12681154
3120001250	14997361
3150001250	9778782
3180001250	12212332
3210001250	13527175
3240001250	13629343
3270001250	13211066
3300001250	10951774
3330001250	16143394
3360001250	11405943
3390001250	13747989
3420001250	15019204
3450001250	9531225
3480001250	12975726
3510001250	14887926
3540001250	8009641
3570001250	8272448
3600001250	7924863
3630001250	13855036
3660001250	10500745
3690001250	15696208
3720001250	10895194
3750001250	13025997
3780001250	16219609
3810001250	11106872
3840001250	13491977
3870001250	15829162
3900001250	9279760
3930001250	9698259
3960001250	17919868
3990001250	14692461
4020001250	10494919
4050001250	13562064
4080001250	15134438
4110001250	10005435
4140001250	13176125
4170001250	15258031
4200001250	8905912
4230001250	9513558
4260001250	9246872
4290001250	16779989
4320001250	12749616
4350001250	15506262
4380001250	9139933
4410001250	9700951
4440001250	11910167
4470001250	14162127
4500001250	15338083
4530001250	8132704
4560001250	7896032
4590001250	17364579
4620001250	14502010
4650001250	10692285
4680001250	15252030
4710001250	10309181
4740001250	12387999
4770001250	16502715
4800001250	11359287
4830001250	13018848
4860001250	13843119
4890001250	14220902
4920001250	17846527
4950001250	14818107
4980001250	10461671
5010001250	13607762
5040001250	15578281
5070001250	8635992
5100001250	11498569
5130001250	13878132
5160001250	15392627
5190001250	8968748
5220001250	9721424
5250001250	12562512
5280001250	9737816
5310001250	13973647
5340001250	8468155
5370001250	9823020
5400001250	10227440
5430001250	13315216
5460001250	15064506
5490001250	8181983
5520001250	8302365
5550001250	7681453
5580001250	9495622
5610001250	15633478
5640001250	11613806
5670001250	15625800
5700001250	10702993
5730001250	12936637
5760001250	9495437
5790001250	12718722
5820001250	14512517
5850001250	7710944
5880001250	17661577
5910001250	21281868
5940001250	28520285
5970001250	32990552
6000001250	19392709
6030001250	20456385
6060001250	19436086
6090001250	19023408
6120001250	16373037
6150001250	24725272
6180001250	18911725
6210001250	11667127
6240001250	17509044
6270001250	22381879
6300001250	14182776
6330001250	14969121
6360001250	13866966
6390001250	11067524
6420001250	10117517
6450001250	15787048
6480001250	11205827
6510001250	13722858
6540001250	15173141
6570001250	12940681
6600001250	10369011
6630001250	15044989
6660001250	9801445
6690001250	12977201
6720001250	16110540
6750001250	11650859
6780001250	14320896
6810001250	7999736
6840001250	8700776
6870001250	8644475
6900001250	13529524
6930001250	9827229
6960001250	13003131
6990001250	14400954
7020001250	14746529
7050001250	16183528
7080001250	10415536
7110001250	11591492
7140001250	12150178
7170001250	12832470
7200001250	13601476
7230001250	12086961
7260001250	9066822
7290001250	13362804
7320001250	15942553
7350001250	9436793
7380001250	11890678
7410001250	15679492
7440001250	10273228
7470001250	12142680
7500001250	13182711
7530001250	13572185
7560001250	11829387
7590001250	17464256
7620001250	12852320
7650001250	15204854
7680001250	9462252
7710001250	12904721
7740001250	8428018
7770001250	10802701
7800001250	11907081
7830001250	12117312
7860001250	19208392
7890001250	48844398
7920001250	53604705
7950001250	58413334
7980001250	62503722
8010001250	65738191
8040001250	35738191
8070001250	39685070
8100001250	42225176
8130001250	43952630
8160001250	44747292
8190001250	44591514
8220001250	46620229
8250001250	46755729
8280001250	45899786
8310001250	44095785
8340001250	41302480
8370001250	38129281
8400001250	34985501
8430001250	30482202
8460001250	25143336
8490001250	41555204
8520001250	34644380
8550001250	28756951
8580001250	42987912
8610001250	33895602
8640001250	23958743
8670001250	32489623
8700001250	22185438
8730001250	28490448
8760001250	32109551
8790001250	18014471
8820001250	18120679
8850001250	16314197
8880001250	17845538
8910001250	16302511
8940001250	25529850
8970001250	19695172
9000001250	12414156
9030001250	17144353
9060001250	19695650
9090001250	10049092
9120001250	18284126
9150001250	15294227
9180001250	13158450
9210001250	15152163
9240001250	14398125
9270001250	12064602
9300001250	8703564
9330001250	12561646
9360001250	9505215
9390001250	14490864
9420001250	9665080
9450001250	12161519
9480001250	13788307
9510001250	18408970
9540001250	16009787
9570001250	12260290
9600001250	15831054
9630001250	10025607
9660001250	11861114
9690001250	17286679
9720001250	12644797
9750001250	14924215
9780001250	8333141
9810001250	8828973
9840001250	11546600
9870001250	17630072
9900001250	13438598
9930001250	8260451
9960001250	9814633
9990001250	10489815
10020001250	8734712313
10050001250	8704712313
10080001250	8674712313
10110001250	8644712313
10140001250	8614712313
10170001250	8584712313
10200001250	8554712313
10230001250	8524712313
10260001250	8494712313
10290001250	8464712313
10320001250	8434712313
10350001250	8404712313
10380001250	8374712313
10410001250	8344712313
10440001250	8314712313
10470001250	8284712313
10500001250	8254712313
10530001250	8224712313
10560001250	8194712313
10590001250	8164712313
10620001250	8134712313
10650001250	8104712313
10680001250	8074712313
10710001250	8044712313
10740001250	8014712313
10770001250	7984712313
10800001250	7954712313
10830001250	7924712313
10860001250	7894712313
10890001250	7864712313
10920001250	7834712313
10950001250	7804712313
10980001250	7774712313
11010001250	7744712313
11040001250	7714712313
11070001250	7684712313
11100001250	7654712313
11130001250	7624712313
11160001250	7594712313
11190001250	7564712313
11220001250	7534712313
11250001250	7504712313
11280001250	7474712313
11310001250	7444712313
11340001250	7414712313
11370001250	7384712313
11400001250	7354712313
11430001250	7324712313
11460001250	7294712313
11490001250	7264712313
11520001250	7234712313
11550001250	7204712313
11580001250	7174712313
11610001250	7144712313
11640001250	7114712313
11670001250	7084712313
11700001250	7054712313
11730001250	7024712313
11760001250	6994712313
11790001250	6964712313
11820001250	6934712313
11850001250	6904712313
11880001250	6874712313
11910001250	6844712313
11940001250	6814712313
11970001250	6784712313
12000001250	6754712313
12030001250	6724712313
12060001250	6694712313
12090001250	6664712313
12120001250	6634712313
12150001250	6604712313
12180001250	6574712313
12210001250	6544712313
12240001250	6514712313
12270001250	6484712313
12300001250	6454712313
12330001250	6424712313
12360001250	6394712313
12390001250	6364712313
12420001250	6334712313
12450001250	6304712313
12480001250	6274712313
12510001250	6244712313
12540001250	6214712313
12570001250	6184712313
12600001250	6154712313
12630001250	6124712313
12660001250	6094712313
12690001250	6064712313
12720001250	6034712313
12750001250	6004712313
12780001250	5974712313
12810001250	5944712313
12840001250	5914712313
12870001250	5884712313
12900001250	5854712313
12930001250	5824712313
12960001250	5794712313
12990001250	5764712313
13020001250	5734712313
13050001250	5704712313
13080001250	5674712313
13110001250	5644712313
13140001250	5614712313
13170001250	5584712313
13200001250	5554712313
13230001250	5524712313
13260001250	5494712313
13290001250	5464712313
13320001250	5434712313
13350001250	5404712313
13380001250	5374712313
13410001250	5344712313
13440001250	5314712313
13470001250	5284712313
13500001250	5254712313
13530001250	5224712313
13560001250	5194712313
13590001250	5164712313
13620001250	5134712313
13650001250	5104712313
13680001250	5074712313
13710001250	5044712313
13740001250	5014712313
13770001250	4984712313
13800001250	4954712313
13830001250	4924712313
13860001250	4894712313
13890001250	4864712313
13920001250	4834712313
13950001250	4804712313
13980001250	4774712313
14010001250	4744712313
14040001250	4714712313
14070001250	4684712313
14100001250	4654712313
14130001250	4624712313
14160001250	4594712313
14190001250	4564712313
14220001250	4534712313
14250001250	4504712313
14280001250	4474712313
14310001250	4444712313
14340001250	4414712313
14370001250	4384712313
14400001250	4354712313
14430001250	4324712313
14460001250	4294712313
14490001250	4264712313
14520001250	4234712313
14550001250	4204712313
14580001250	4174712313
14610001250	4144712313
14640001250	4114712313
14670001250	4084712313
14700001250	4054712313
14730001250	4024712313
14760001250	3994712313
14790001250	3964712313
14820001250	3934712313
14850001250	3904712313
14880001250	3874712313
14910001250	3844712313
14940001250	3814712313
14970001250	3784712313
15000001250	3754712313
15030001250	3724712313
15060001250	3694712313
15090001250	3664712313
15120001250	3634712313
15150001250	3604712313
15180001250	3574712313
15210001250	3544712313
15240001250	3514712313
15270001250	3484712313
15300001250	3454712313
15330001250	3424712313
15360001250	3394712313
15390001250	3364712313
15420001250	3334712313
15450001250	3304712313
15480001250	3274712313
15510001250	3244712313
15540001250	3214712313
15570001250	3184712313
15600001250	5096092027
15630001250	5066092027
15660001250	5036092027
15690001250	5006092027
15720001250	4976092027
15750001250	4946092027
15780001250	4916092027
15810001250	4886092027
15840001250	4856092027
15870001250	4826092027
15900001250	4796092027
15930001250	4766092027
15960001250	4736092027
15990001250	4706092027
16020001250	4676092027
16050001250	4646092027
16080001250	4616092027
16110001250	4586092027
16140001250	4556092027
16170001250	4526092027
16200001250	4496092027
16230001250	4466092027
16260001250	4436092027
16290001250	4406092027
16320001250	4376092027
16350001250	4346092027
16380001250	4316092027
16410001250	4286092027
16440001250	4256092027
16470001250	4226092027
16500001250	4196092027
16530001250	4166092027
16560001250	4136092027
16590001250	4106092027
16620001250	4076092027
16650001250	4046092027
16680001250	4016092027
16710001250	3986092027
16740001250	3956092027
16770001250	3926092027
16800001250	3896092027
16830001250	3866092027
16860001250	3836092027
16890001250	3806092027
16920001250	3776092027
16950001250	3746092027
16980001250	3716092027
17010001250	3686092027
17040001250	3656092027
17070001250	3626092027
17100001250	3596092027
17130001250	3566092027
17160001250	3536092027
17190001250	3506092027
17220001250	3476092027
17250001250	3446092027
17280001250	3416092027
17310001250	3386092027
17340001250	3356092027
17370001250	3326092027
17400001250	3296092027
17430001250	3266092027
17460001250	3236092027
17490001250	3206092027
17520001250	3176092027
17550001250	3146092027
17580001250	3116092027
17610001250	3086092027
17640001250	3056092027
17670001250	3026092027
17700001250	2996092027
17730001250	2966092027
17760001250	2936092027
17790001250	2906092027
17820001250	2876092027
17850001250	2846092027
17880001250	2816092027
17910001250	2786092027
17940001250	2756092027
17970001250	2726092027
18000001250	2696092027
18030001250	2666092027
18060001250	2636092027
18090001250	2606092027
18120001250	2576092027
18150001250	2546092027
18180001250	2516092027
18210001250	2486092027
18240001250	2456092027
18270001250	2426092027
18300001250	2396092027
18330001250	2366092027
18360001250	2336092027
18390001250	2306092027
18420001250	2276092027
18450001250	2246092027
18480001250	2216092027
18510001250	2186092027
18540001250	2156092027
18570001250	2126092027
18600001250	2096092027
18630001250	2066092027
18660001250	2036092027
18690001250	2006092027
18720001250	1976092027
18750001250	1946092027
18780001250	1916092027
18810001250	3082044076
18840001250	3052044076
18870001250	3022044076
18900001250	2992044076
18930001250	2962044076
18960001250	2932044076
18990001250	2902044076
19020001250	2872044076
19050001250	2842044076
19080001250	2812044076
19110001250	2782044076
19140001250	2752044076
19170001250	2722044076
19200001250	2692044076
19230001250	2662044076
19260001250	2632044076
19290001250	2602044076
19320001250	2572044076
19350001250	2542044076
19380001250	2512044076
19410001250	2482044076
19440001250	2452044076
19470001250	2422044076
19500001250	2392044076
19530001250	2362044076
19560001250	2332044076
19590001250	2302044076
19620001250	2272044076
19650001250	2242044076
19680001250	2212044076
19710001250	2182044076
19740001250	2152044076
19770001250	2122044076
19800001250	2092044076
19830001250	2062044076
19860001250	2032044076
19890001250	2002044076
19920001250	1972044076
19950001250	1942044076
19980001250	1912044076
20010001250	1882044076
20040001250	1852044076
20070001250	1822044076
20100001250	1792044076
20130001250	1762044076
20160001250	1732044076
20190001250	1702044076
20220001250	1672044076
20250001250	1642044076
20280001250	1612044076
20310001250	1582044076
20340001250	1552044076
20370001250	1522044076
20400001250	1492044076
20430001250	1462044076
20460001250	1432044076
20490001250	1402044076
20520001250	1372044076
20550001250	1342044076
20580001250	1312044076
20610001250	1282044076
20640001250	1252044076
20670001250	1222044076
20700001250	1192044076
20730001250	1932711489
20760001250	1902711489
20790001250	1872711489
20820001250	1842711489
20850001250	1812711489
20880001250	1782711489
20910001250	1752711489
20940001250	1722711489
20970001250	1692711489
21000001250	1662711489
21030001250	1632711489
21060001250	1602711489
21090001250	1572711489
21120001250	1542711489
21150001250	1512711489
21180001250	1482711489
21210001250	1452711489
21240001250	1422711489
21270001250	1392711489
21300001250	1362711489
21330001250	1332711489
21360001250	1302711489
21390001250	1272711489
21420001250	1242711489
21450001250	1212711489
21480001250	1182711489
21510001250	1152711489
21540001250	1122711489
21570001250	1092711489
21600001250	1062711489
21630001250	1032711489
21660001250	1002711489
21690001250	972711489
21720001250	942711489
21750001250	912711489
21780001250	882711489
21810001250	852711489
21840001250	822711489
21870001250	792711489
21900001250	762711489
21930001250	1212743598
21960001250	1182743598
21990001250	1152743598
22020001250	1122743598
22050001250	1092743598
22080001250	1062743598
22110001250	1032743598
22140001250	1002743598
22170001250	972743598
22200001250	942743598
22230001250	912743598
22260001250	882743598
22290001250	852743598
22320001250	822743598
22350001250	792743598
22380001250	762743598
22410001250	732743598
22440001250	702743598
22470001250	672743598
22500001250	642743598
22530001250	612743598
22560001250	582743598
22590001250	552743598
22620001250	522743598
22650001250	492743598
22680001250	790728194
22710001250	760728194
22740001250	730728194
22770001250	700728194
22800001250	670728194
22830001250	640728194
22860001250	610728194
22890001250	580728194
22920001250	550728194
22950001250	520728194
22980001250	490728194
23010001250	460728194
23040001250	430728194
23070001250	400728194
23100001250	370728194
23130001250	340728194
23160001250	513295617
23190001250	483295617
23220001250	453295617
23250001250	423295617
23280001250	393295617
23310001250	363295617
23340001250	333295617
23370001250	303295617
23400001250	273295617
23430001250	243295617
23460001250	213295617
23490001250	331233998
23520001250	301233998
23550001250	271233998
23580001250	241233998
23610001250	211233998
23640001250	181233998
23670001250	151233998
23700001250	213262098
23730001250	183262098
23760001250	153262098
23790001250	123262098
23820001250	93262098
23850001250	142305850
23880001250	112305850
23910001250	82305850
23940001250	115339667
23970001250	85339667
24000001250	116335647
24030001250	86335647
24060001250	93235847
24090001250	63235847
24120001250	79530144
24150001250	49530144
24180001250	46424661
24210001250	55139483
24240001250	49042993
24270001250	56430614
24300001250	47777379
24330001250	52442859
24360001250	42605727
24390001250	46484778
24420001250	36727353
24450001250	41593034
24480001250	31643087
24510001250	35746407
24540001250	25724293
24570001250	50815549
24600001250	57054807
24630001250	48494279
24660001250	52791090
24690001250	43123247
24720001250	47397666
24750001250	38459623
24780001250	44549090
24810001250	36085604
24840001250	41867955
24870001250	33573594
24900001250	39146568
24930001250	33193866
24960001250	39870583
24990001250	32225109
25020001250	38060339
25050001250	29968279
25080001250	36413825
25110001250	29520009
25140001250	58896671
25170001250	28896671
25200001250	58487407
25230001250	28487407
25260001250	61501543
25290001250	31501543
25320001250	38380171
25350001250	31564488
25380001250	38834011
25410001250	32759981
25440001250	40987170
25470001250	34883182
25500001250	42675538
25530001250	36669270
25560001250	44785327
25590001250	41911775
25620001250	52018970
25650001250	47753389
25680001250	57280879
25710001250	53338401
25740001250	63426364
25770001250	59158733
25800001250	29158733
25830001250	64381736
25860001250	34381736
25890001250	44485898
25920001250	43831479
25950001250	55352399
25980001250	53104622
26010001250	63982958
26040001250	62183354
26070001250	32183354
26100001250	43757658
26130001250	41867418
26160001250	54253680
26190001250	53194146
26220001250	68800647
26250001250	69249980
26280001250	39249980
26310001250	52831596
26340001250	52603740
26370001250	66551005
26400001250	67104639
26430001250	37104639
26460001250	50582529
26490001250	50699234
26520001250	64233234
26550001250	65511984
26580001250	35511984
26610001250	51723413
26640001250	53698459
26670001250	69317855
26700001250	71322311
26730001250	41322311
26760001250	58056703
26790001250	60172652
26820001250	76333144
26850001250	46333144
26880001250	49983732
26910001250	69226367
26940001250	73532484
26970001250	43532484
27000001250	61365488
27030001250	65916382
27060001250	35916382
27090001250	54705989
27120001250	59489479
27150001250	78044627
27180001250	83434275
27210001250	53434275
27240001250	74465746
27270001250	80660063
27300001250	50660063
27330001250	70682567
27360001250	76740489
27390001250	46740489
27420001250	67692743
27450001250	74301261
27480001250	44301261
27510001250	64955911
27540001250	73549022
27570001250	43549022
27600001250	68006807
27630001250	77791668
27660001250	47791668
27690001250	72064617
27720001250	83116813
27750001250	53116813
27780001250	77857894
27810001250	88879512
27840001250	58879512
27870001250	86244781
27900001250	98456276
27930001250	68456276
27960001250	94524537
27990001250	64524537
28020001250	77563240
28050001250	47563240
28080001250	74917354
28110001250	88453265
28140001250	58453265
28170001250	85350404
28200001250	101579754
28230001250	71579754
28260001250	99747694
28290001250	69747694
28320001250	84298519
28350001250	54298519
28380001250	83862690
28410001250	98850269
28440001250	68850269
28470001250	97422310
28500001250	67422310
28530001250	85711130
28560001250	55711130
28590001250	87204943
28620001250	104566547
28650001250	74566547
28680001250	106776964
28710001250	76776964
28740001250	94845958
28770001250	64845958
28800001250	96845463
28830001250	66845463
28860001250	86257634
28890001250	56257634
28920001250	90236152
28950001250	109567249
28980001250	79567249
29010001250	49567249
29040001250	83961567
29070001250	104161220
29100001250	74161220
29130001250	107867157
29160001250	77867157
29190001250	100512218
29220001250	70512218
29250001250	106152973
29280001250	76152973
29310001250	98665301
29340001250	68665301
29370001250	104844406
29400001250	74844406
29430001250	96534798
29460001250	66534798
29490001250	103295244
29520001250	73295244
29550001250	98107451
29580001250	68107451
29610001250	106036111
29640001250	76036111
29670001250	100713520
29700001250	70713520
29730001250	109716389
29760001250	79716389
29790001250	104894502
29820001250	74894502
29850001250	117370306
29880001250	87370306
29910001250	115341368
29940001250	85341368
29970001250	127345674
