1332	2601909
29971332	6994114
59941332	7878245
89911332	3424947
119881332	4484383
149851332	6116307
179821332	6683016
209791332	5719268
239761332	4955983
269731332	3212997
299701332	4495223
329671332	3530226
359641332	5002797
389611332	4313616
419581332	5208800
449551332	4145953
479521332	4898858
509491332	5367081
539461332	6794558
569431332	3348401
599401332	5961773
629371332	5427171
659341332	3304199
689311332	4280715
719281332	7200533
749251332	6068857
779221332	4892701
809191332	3088852
839161332	3769987
869131332	4487301
899101332	3632617
929071332	5990330
959041332	4300389
989011332	5199321
1018981332	6109327
1048951332	4913257
1078921332	6603651
1108891332	6285510
1138861332	3717548
1168831332	5337467
1198801332	5518257
1228771332	4651631
1258741332	6357870
1288711332	4677813
1318681332	5875485
1348651332	3821463
1378621332	4385119
1408591332	7887308
1438561332	5686242
1468531332	5482816
1498501332	3312343
1528471332	3562198
1558441332	3539378
1588411332	4785850
1618381332	3391606
1648351332	4700355
1678321332	4778147
1708291332	4723310
1738261332	4778105
1768231332	4392792
1798201332	6588207
1828171332	4770472
1858141332	3893755
1888111332	4490245
1918081332	4748281
1948051332	4386346
1978021332	6083823
2007991332	3647128
2037961332	4274067
2067931332	4962501
2097901332	10090772
2127871332	6025474
2157841332	3636584
2187811332	4555492
2217781332	4889293
2247751332	5237657
2277721332	5243385
2307691332	6451608
2337661332	5710250
2367631332	3400827
2397601332	3683373
2427571332	3905212
2457541332	7828939
2487511332	4532526
2517481332	4061199
2547451332	4880895
2577421332	5455848
2607391332	3923276
2637361332	6025047
2667331332	5785719
2697301332	3563976
2727271332	3809156
2757241332	4033510
2787211332	4006000
2817181332	7211103
2847151332	5150283
2877121332	3621360
2907091332	4547806
2937061332	5561450
2967031332	6539466
2997001332	5889279
3026971332	4651815
3056941332	5578678
3086911332	3177116
3116881332	5680292
3146851332	7437841
3176821332	6399151
3206791332	3290467
3236761332	4537020
3266731332	4658883
3296701332	5375407
3326671332	6849722
3356641332	6242440
3386611332	6289021
3416581332	4255104
3446551332	4984815
3476521332	6039277
3506491332	7721292
3536461332	4037812
3566431332	3294608
3596401332	5037634
3626371332	4304385
3656341332	5055363
3686311332	3638967
3716281332	4133007
3746251332	5231082
3776221332	5309686
3806191332	3079539
3836161332	3804464
3866131332	4317870
3896101332	6442254
3926071332	5219439
3956041332	3057473
3986011332	4839700
4015981332	3826253
4045951332	4028558
4075921332	3442572
4105891332	5782884
4135861332	4369498
4165831332	4848722
4195801332	6153070
4225771332	5364590
4255741332	5798836
4285711332	3985493
4315681332	5400603
4345651332	6054080
4375621332	6557018
4405591332	3491607
4435561332	4722235
4465531332	5230679
4495501332	6161211
4525471332	4127457
4555441332	5488542
4585411332	5570707
4615381332	6548128
4645351332	4586845
4675321332	5330140
4705291332	5963301
4735261332	4891023
4765231332	4029487
4795201332	4251039
4825171332	4571987
4855141332	5552938
4885111332	5310935
4915081332	7087921
4945051332	5268663
4975021332	5052558
5004991332	3175546
5034961332	4639857
5064931332	7492102
5094901332	6428995
5124871332	6116770
5154841332	3923107
5184811332	4310329
5214781332	5324252
5244751332	7650497
5274721332	6274315
5304691332	3657504
5334661332	5463404
5364631332	3013247
5394601332	3389752
5424571332	3984531
5454541332	4478492
5484511332	5498331
5514481332	5787149
5544451332	3053144
5574421332	3088524
5604391332	4904033
5634361332	5974062
5664331332	6004781
5694301332	4016970
5724271332	4273365
5754241332	4892462
5784211332	3710263
5814181332	3767182
5844151332	4724362
5874121332	5801167
5904091332	3769345
5934061332	4458800
5964031332	5492139
5994001332	5983208
6023971332	7538090
6053941332	6221266
6083911332	5872892
6113881332	7838106
6143851332	3409998
6173821332	5499442
6203791332	3689925
6233761332	4279877
6263731332	4514122
6293701332	7738456
6323671332	5721902
6353641332	5783949
6383611332	5734720
6413581332	4721743
6443551332	6209573
6473521332	4340582
6503491332	5430400
6533461332	4193474
6563431332	5452365
6593401332	4164923
6623371332	4295007
6653341332	7673280
6683311332	4009309
6713281332	3779556
6743251332	4176387
6773221332	4352967
6803191332	4712839
6833161332	3646433
6863131332	5517373
6893101332	3039366
6923071332	3443446
6953041332	4150665
6983011332	4345846
7012981332	5992490
7042951332	3466893
7072921332	5816100
7102891332	4957096
7132861332	4089520
7162831332	7305416
7192801332	4767225
7222771332	6086730
7252741332	3565343
7282711332	3811351
7312681332	4888802
7342651332	8435921
7372621332	5708125
7402591332	5296689
7432561332	3124205
7462531332	3102723
7492501332	3725581
7522471332	4385342
7552441332	4005850
7582411332	4759467
7612381332	3677508
7642351332	4925572
7672321332	3162389
7702291332	5684063
7732261332	4774917
7762231332	3971941
7792201332	5082947
7822171332	5092065
7852141332	5299921
7882111332	4586675
7912081332	5231568
7942051332	3327905
7972021332	4479576
8001991332	16018310
8031961332	27857747
8061931332	48130914
8091901332	40211596
8121871332	30065245
8151841332	17779017
8181811332	17825824
8211781332	12524330
8241751332	13296485
8271721332	12548297
8301691332	8919472
8331661332	6638819
8361631332	3546712
8391601332	7605398
8421571332	5155351
8451541332	4601625
8481511332	5917866
8511481332	3594299
8541451332	3803353
8571421332	5094144
8601391332	6125304
8631361332	5531613
8661331332	3435768
8691301332	3969440
8721271332	3923103
8751241332	7065664
8781211332	5703053
8811181332	4975338
8841151332	6001454
8871121332	3770971
8901091332	4291239
8931061332	4376699
8961031332	3868703
8991001332	4956743
9020971332	5484592
9050941332	5432516
9080911332	9080571
9110881332	5203340
9140851332	6563595
9170821332	5532432
9200791332	3297792
9230761332	4314088
9260731332	4215626
9290701332	5829816
9320671332	5293850
9350641332	3923267
9380611332	4895930
9410581332	4638680
9440551332	6929662
9470521332	4732656
9500491332	4652815
9530461332	5861110
9560431332	3451378
9590401332	4118473
9620371332	4183466
9650341332	5391683
9680311332	4134773
9710281332	5477553
9740251332	3223890
9770221332	3494783
9800191332	6494909
9830161332	5017268
9860131332	3697496
9890101332	5238749
9920071332	5941110
9950041332	3366233
9980011332	6150285
10009981332	9771469809
10039951332	9741499809
10069921332	9711529809
10099891332	9681559809
10129861332	9651589809
10159831332	9621619809
10189801332	9591649809
10219771332	9561679809
10249741332	9531709809
10279711332	9501739809
10309681332	9471769809
10339651332	9441799809
10369621332	9411829809
10399591332	9381859809
10429561332	9351889809
10459531332	9321919809
10489501332	9291949809
10519471332	9261979809
10549441332	9232009809
10579411332	9202039809
10609381332	9172069809
10639351332	9142099809
10669321332	9112129809
10699291332	9082159809
10729261332	9052189809
10759231332	9022219809
10789201332	8992249809
10819171332	8962279809
10849141332	8932309809
10879111332	8902339809
10909081332	8872369809
10939051332	8842399809
10969021332	8812429809
10998991332	8782459809
11028961332	8752489809
11058931332	8722519809
11088901332	8692549809
11118871332	8662579809
11148841332	8632609809
11178811332	8602639809
11208781332	8572669809
11238751332	8542699809
11268721332	8512729809
11298691332	8482759809
11328661332	8452789809
11358631332	8422819809
11388601332	8392849809
11418571332	8362879809
11448541332	8332909809
11478511332	8302939809
11508481332	8272969809
11538451332	8242999809
11568421332	8213029809
11598391332	8183059809
11628361332	8153089809
11658331332	8123119809
11688301332	8093149809
11718271332	8063179809
11748241332	8033209809
11778211332	8003239809
11808181332	7973269809
11838151332	7943299809
11868121332	7913329809
11898091332	7883359809
11928061332	7853389809
11958031332	7823419809
11988001332	7793449809
12017971332	7763479809
12047941332	7733509809
12077911332	7703539809
12107881332	7673569809
12137851332	7643599809
12167821332	7613629809
12197791332	7583659809
12227761332	7553689809
12257731332	7523719809
12287701332	7493749809
12317671332	7463779809
12347641332	7433809809
12377611332	7403839809
12407581332	7373869809
12437551332	7343899809
12467521332	7313929809
12497491332	7283959809
12527461332	7253989809
12557431332	7224019809
12587401332	7194049809
12617371332	7164079809
12647341332	7134109809
12677311332	7104139809
12707281332	7074169809
12737251332	7044199809
12767221332	7014229809
12797191332	6984259809
12827161332	6954289809
12857131332	6924319809
12887101332	6894349809
12917071332	6864379809
12947041332	6834409809
12977011332	6804439809
13006981332	6774469809
13036951332	6744499809
13066921332	6714529809
13096891332	6684559809
13126861332	6654589809
13156831332	6624619809
13186801332	6594649809
13216771332	6564679809
13246741332	6534709809
13276711332	6504739809
13306681332	6474769809
13336651332	6444799809
13366621332	6414829809
13396591332	6384859809
13426561332	6354889809
13456531332	6324919809
13486501332	6294949809
13516471332	6264979809
13546441332	6235009809
13576411332	6205039809
13606381332	6175069809
13636351332	6145099809
13666321332	6115129809
13696291332	6085159809
13726261332	6055189809
13756231332	6025219809
13786201332	5995249809
13816171332	5965279809
13846141332	5935309809
13876111332	5905339809
13906081332	5875369809
13936051332	5845399809
13966021332	5815429809
13995991332	5785459809
14025961332	5755489809
14055931332	5725519809
14085901332	5695549809
14115871332	5665579809
14145841332	5635609809
14175811332	5605639809
14205781332	5575669809
14235751332	5545699809
14265721332	5515729809
14295691332	5485759809
14325661332	5455789809
14355631332	5425819809
14385601332	5395849809
14415571332	5365879809
14445541332	5335909809
14475511332	5305939809
14505481332	5275969809
14535451332	5245999809
14565421332	5216029809
14595391332	5186059809
14625361332	5156089809
14655331332	5126119809
14685301332	5096149809
14715271332	5066179809
14745241332	5036209809
14775211332	5006239809
14805181332	4976269809
14835151332	4946299809
14865121332	4916329809
14895091332	4886359809
14925061332	4856389809
14955031332	4826419809
14985001332	4796449809
15014971332	4766479809
15044941332	4736509809
15074911332	4706539809
15104881332	4676569809
15134851332	4646599809
15164821332	4616629809
15194791332	4586659809
15224761332	4556689809
15254731332	4526719809
15284701332	4496749809
15314671332	4466779809
15344641332	4436809809
15374611332	4406839809
15404581332	4376869809
15434551332	4346899809
15464521332	4316929809
15494491332	4286959809
15524461332	4256989809
15554431332	4227019809
15584401332	4197049809
15614371332	4167079809
15644341332	4137109809
15674311332	4107139809
15704281332	4077169809
15734251332	4047199809
15764221332	4017229809
15794191332	3987259809
15824161332	3957289809
15854131332	3927319809
15884101332	3897349809
15914071332	3867379809
15944041332	3837409809
15974011332	3807439809
16003981332	3777469809
16033951332	3747499809
16063921332	3717529809
16093891332	3687559809
16123861332	3657589809
16153831332	3627619809
16183801332	3597649809
16213771332	3567679809
16243741332	3537709809
16273711332	3507739809
16303681332	3477769809
16333651332	3447799809
16363621332	3417829809
16393591332	3387859809
16423561332	3357889809
16453531332	5237856129
16483501332	5207886129
16513471332	5177916129
16543441332	5147946129
16573411332	5117976129
16603381332	5088006129
16633351332	5058036129
16663321332	5028066129
16693291332	4998096129
16723261332	4968126129
16753231332	4938156129
16783201332	4908186129
16813171332	4878216129
16843141332	4848246129
16873111332	4818276129
16903081332	4788306129
16933051332	4758336129
16963021332	4728366129
16992991332	4698396129
17022961332	4668426129
17052931332	4638456129
17082901332	4608486129
17112871332	4578516129
17142841332	4548546129
17172811332	4518576129
17202781332	4488606129
17232751332	4458636129
17262721332	4428666129
17292691332	4398696129
17322661332	4368726129
17352631332	4338756129
17382601332	4308786129
17412571332	4278816129
17442541332	4248846129
17472511332	4218876129
17502481332	4188906129
17532451332	4158936129
17562421332	4128966129
17592391332	4098996129
17622361332	4069026129
17652331332	4039056129
17682301332	4009086129
17712271332	3979116129
17742241332	3949146129
17772211332	3919176129
17802181332	3889206129
17832151332	3859236129
17862121332	3829266129
17892091332	3799296129
17922061332	3769326129
17952031332	3739356129
17982001332	3709386129
18011971332	3679416129
18041941332	3649446129
18071911332	3619476129
18101881332	3589506129
18131851332	3559536129
18161821332	3529566129
18191791332	3499596129
18221761332	3469626129
18251731332	3439656129
18281701332	3409686129
18311671332	3379716129
18341641332	3349746129
18371611332	3319776129
18401581332	3289806129
18431551332	3259836129
18461521332	3229866129
18491491332	3199896129
18521461332	3169926129
18551431332	3139956129
18581401332	3109986129
18611371332	3080016129
18641341332	3050046129
18671311332	3020076129
18701281332	2990106129
18731251332	2960136129
18761221332	2930166129
18791191332	2900196129
18821161332	2870226129
18851131332	2840256129
18881101332	2810286129
18911071332	2780316129
18941041332	2750346129
18971011332	2720376129
19000981332	2690406129
19030951332	2660436129
19060921332	2630466129
19090891332	2600496129
19120861332	2570526129
19150831332	2540556129
19180801332	2510586129
19210771332	2480616129
19240741332	2450646129
19270711332	2420676129
19300681332	2390706129
19330651332	2360736129
19360621332	2330766129
19390591332	2300796129
19420561332	2270826129
19450531332	2240856129
19480501332	2210886129
19510471332	2180916129
19540441332	2150946129
19570411332	2120976129
19600381332	2091006129
19630351332	2061036129
19660321332	2031066129
19690291332	2001096129
19720261332	1971126129
19750231332	1941156129
19780201332	1911186129
19810171332	1881216129
19840141332	2933297567
19870111332	2903327567
19900081332	2873357567
19930051332	2843387567
19960021332	2813417567
19989991332	2783447567
20019961332	2753477567
20049931332	2723507567
20079901332	2693537567
20109871332	2663567567
20139841332	2633597567
20169811332	2603627567
20199781332	2573657567
20229751332	2543687567
20259721332	2513717567
20289691332	2483747567
20319661332	2453777567
20349631332	2423807567
20379601332	2393837567
20409571332	2363867567
20439541332	2333897567
20469511332	2303927567
20499481332	2273957567
20529451332	2243987567
20559421332	2214017567
20589391332	2184047567
20619361332	2154077567
20649331332	2124107567
20679301332	2094137567
20709271332	2064167567
20739241332	2034197567
20769211332	2004227567
20799181332	1974257567
20829151332	1944287567
20859121332	1914317567
20889091332	1884347567
20919061332	1854377567
20949031332	1824407567
20979001332	1794437567
21008971332	1764467567
21038941332	1734497567
21068911332	1704527567
21098881332	1674557567
21128851332	1644587567
21158821332	1614617567
21188791332	1584647567
21218761332	1554677567
21248731332	1524707567
21278701332	1494737567
21308671332	1464767567
21338641332	1434797567
21368611332	1404827567
21398581332	1374857567
21428551332	1344887567
21458521332	1314917567
21488491332	1284947567
21518461332	1254977567
21548431332	1225007567
21578401332	1195037567
21608371332	1165067567
21638341332	1135097567
21668311332	1105127567
21698281332	1075157567
21728251332	1693829149
21758221332	1663859149
21788191332	1633889149
21818161332	1603919149
21848131332	1573949149
21878101332	1543979149
21908071332	1514009149
21938041332	1484039149
21968011332	1454069149
21997981332	1424099149
22027951332	1394129149
22057921332	1364159149
22087891332	1334189149
22117861332	1304219149
22147831332	1274249149
22177801332	1244279149
22207771332	1214309149
22237741332	1184339149
22267711332	1154369149
22297681332	1124399149
22327651332	1094429149
22357621332	1064459149
22387591332	1034489149
22417561332	1004519149
22447531332	974549149
22477501332	944579149
22507471332	914609149
22537441332	884639149
22567411332	854669149
22597381332	824699149
22627351332	794729149
22657321332	764759149
22687291332	734789149
22717261332	704819149
22747231332	674849149
22777201332	644879149
22807171332	986163566
22837141332	956193566
22867111332	926223566
22897081332	896253566
22927051332	866283566
22957021332	836313566
22986991332	806343566
23016961332	776373566
23046931332	746403566
23076901332	716433566
23106871332	686463566
23136841332	656493566
23166811332	626523566
23196781332	596553566
23226751332	566583566
23256721332	536613566
23286691332	506643566
23316661332	476673566
23346631332	446703566
23376601332	416733566
23406571332	386763566
23436541332	598296185
23466511332	568326185
23496481332	538356185
23526451332	508386185
23556421332	478416185
23586391332	448446185
23616361332	418476185
23646331332	388506185
23676301332	358536185
23706271332	328566185
23736241332	298596185
23766211332	268626185
23796181332	238656185
23826151332	346742467
23856121332	316772467
23886091332	286802467
23916061332	256832467
23946031332	226862467
23976001332	196892467
24005971332	166922467
24035941332	136952467
24065911332	208428488
24095881332	178458488
24125851332	148488488
24155821332	118518488
24185791332	146865129
24215761332	116895129
24245731332	86925129
24275701332	56955129
24305671332	83148079
24335641332	84037178
24365611332	54067178
24395581332	63079262
24425551332	55381826
24455521332	25411826
24485491332	49680030
24515461332	19710030
24545431332	39300882
24575401332	40560708
24605371332	27347691
24635341332	46770734
24665311332	47814633
24695281332	34853105
24725251332	35660234
24755221332	22690959
24785191332	41637749
24815161332	44621159
24845131332	32311308
24875101332	33769623
24905071332	21294801
24935041332	38784224
24965011332	40116990
24994981332	28067531
25024951332	47687477
25054921332	49824354
25084891332	37798851
25114861332	39873454
25144831332	28911980
25174801332	51635537
25204771332	21665537
25234741332	41855056
25264711332	44149397
25294681332	32435190
25324651332	35244679
25354621332	24674623
25384591332	46508258
25414561332	49321315
25444531332	38208005
25474501332	40801171
25504471332	30742409
25534441332	35861390
25564411332	25926240
25594381332	49463671
25624351332	52798113
25654321332	43122023
25684291332	47907462
25714261332	38704737
25744231332	43072083
25774201332	33239986
25804171332	37304510
25834141332	27426938
25864111332	54766232
25894081332	24796232
25924051332	50049565
25954021332	54801560
25983991332	46340278
26013961332	52160150
26043931332	44749385
26073901332	50665878
26103871332	42512460
26133841332	47419533
26163811332	38697836
26193781332	45298905
26223751332	39088544
26253721332	45734842
26283691332	38361878
26313661332	44487446
26343631332	37359147
26373601332	44487640
26403571332	38767849
26433541332	46121973
26463511332	39523587
26493481332	46519466
26523451332	40297455
26553421332	50754111
26583391332	46326591
26613361332	55112916
26643331332	49758674
26673301332	58119249
26703271332	53089729
26733241332	62487738
26763211332	57386846
26793181332	27416846
26823151332	60238548
26853121332	30268548
26883091332	38977307
26913061332	35412189
26943031332	47033302
26973001332	44075592
27002971332	54674240
27032941332	51612713
27062911332	62993383
27092881332	61090816
27122851332	31120816
27152821332	42169192
27182791332	39215190
27212761332	49796409
27242731332	47654551
27272701332	61420708
27302671332	60213744
27332641332	30243744
27362611332	43083875
27392581332	41976816
27422551332	55162523
27452521332	54914827
27482491332	68434780
27512461332	67997454
27542431332	38027454
27572401332	51780235
27602371332	52623820
27632341332	69402813
27662311332	71392567
27692281332	41422567
27722251332	57199477
27752221332	59508452
27782191332	76894992
27812161332	46924992
27842131332	49727747
27872101332	66799689
27902071332	69889748
27932041332	39919748
27962011332	60089256
27991981332	64881173
28021951332	34911173
28051921332	53872139
28081891332	58800126
28111861332	78224401
28141831332	83813439
28171801332	53843439
28201771332	72865598
28231741332	77744158
28261711332	47774158
28291681332	67638817
28321651332	75220897
28351621332	45250897
28381591332	66231503
28411561332	73022643
28441531332	43052643
28471501332	64629143
28501471332	72583001
28531441332	42613001
28561411332	64489599
28591381332	71790034
28621351332	41820034
28651321332	64168822
28681291332	73874009
28711261332	43904009
28741231332	66372319
28771201332	74664298
28801171332	44694298
28831141332	68168469
28861111332	77062149
28891081332	47092149
28921051332	69807869
28951021332	78267301
28980991332	48297301
29010961332	74962556
29040931332	86487169
29070901332	56517169
29100871332	81807122
29130841332	93269279
29160811332	63299279
29190781332	89610145
29220751332	59640145
29250721332	71533050
29280691332	97208990
29310661332	67238990
29340631332	79774695
29370601332	49804695
29400571332	77801577
29430541332	90716611
29460511332	60746611
29490481332	87793281
29520451332	57823281
29550421332	72792613
29580391332	101158932
29610361332	71188932
29640331332	85358317
29670301332	55388317
29700271332	86283123
29730241332	101502834
29760211332	71532834
29790181332	100514453
29820151332	70544453
29850121332	86048761
29880091332	56078761
29910061332	86102044
29940031332	883938178
