1538	77347122
29992538	47356122
59983538	54446726
89974538	52074569
119965538	42108868
149956538	26951597
179947538	15222034
209938538	5651373
239929538	1150913
269920538	829153
299911538	569369
329902538	577212
359893538	787460
389884538	979403
419875538	927085
449866538	941683
479857538	958724
509848538	728235
539839538	552929
569830538	905609
599821538	941591
629812538	632634
659803538	557932
689794538	514857
719785538	879587
749776538	718530
779767538	880795
809758538	3051743
839749538	660691
869740538	734974
899731538	924786
929722538	772652
959713538	542040
989704538	811997
1019695538	699697
1049686538	930498
1079677538	647532
1109668538	618822
1139659538	837623
1169650538	1129294
1199641538	729733
1229632538	1051481
1259623538	473886
1289614538	929631
1319605538	588733
1349596538	647624
1379587538	558816
1409578538	529715
1439569538	619802
1469560538	475286
1499551538	945976
1529542538	560533
1559533538	707646
1589524538	718113
1619515538	2103878
1649506538	692691
1679497538	699648
1709488538	788972
1739479538	692725
1769470538	710901
1799461538	781096
1829452538	686121
1859443538	823929
1889434538	608854
1919425538	589699
1949416538	596003
1979407538	732383
2009398538	505555
2039389538	552467
2069380538	498401
2099371538	605707
2129362538	810869
2159353538	505247
2189344538	589668
2219335538	2429359
2249326538	467501
2279317538	846238
2309308538	605324
2339299538	739048
2369290538	597884
2399281538	784979
2429272538	1638695
2459263538	725435
2489254538	572739
2519245538	716485
2549236538	704108
2579227538	558826
2609218538	715780
2639209538	539799
2669200538	928890
2699191538	711138
2729182538	832980
2759173538	641679
2789164538	578777
2819155538	932581
2849146538	480763
2879137538	794629
2909128538	654557
2939119538	517538
2969110538	487682
2999101538	664355
3029092538	1010185
3059083538	682638
3089074538	613819
3119065538	956102
3149056538	946516
3179047538	748415
3209038538	944196
3239029538	1359616
3269020538	686881
3299011538	821855
3329002538	636206
3358993538	865664
3388984538	933062
3418975538	935225
3448966538	663463
3478957538	930654
3508948538	835009
3538939538	845587
3568930538	634090
3598921538	888670
3628912538	3491428
3658903538	662186
3688894538	597310
3718885538	914803
3748876538	901739
3778867538	605366
3808858538	653226
3838849538	945334
3868840538	717496
3898831538	680495
3928822538	808602
3958813538	988551
3988804538	682229
4018795538	499655
4048786538	741020
4078777538	544033
4108768538	788003
4138759538	506549
4168750538	1202420
4198741538	778835
4228732538	629306
4258723538	510875
4288714538	841238
4318705538	937682
4348696538	889130
4378687538	925575
4408678538	955213
4438669538	3040142
4468660538	641459
4498651538	958537
4528642538	749515
4558633538	520728
4588624538	607600
4618615538	545153
4648606538	867420
4678597538	968504
4708588538	918175
4738579538	736734
4768570538	796368
4798561538	813247
4828552538	867646
4858543538	966131
4888534538	982475
4918525538	500640
4948516538	831957
4978507538	645368
5008498538	841422
5038489538	679015
5068480538	935243
5098471538	935803
5128462538	838351
5158453538	857684
5188444538	806416
5218435538	817153
5248426538	1632299
5278417538	663860
5308408538	718015
5338399538	871545
5368390538	503492
5398381538	653919
5428372538	669608
5458363538	517707
5488354538	670754
5518345538	915186
5548336538	557391
5578327538	804392
5608318538	780895
5638309538	969846
5668300538	1183083
5698291538	620899
5728282538	918775
5758273538	879465
5788264538	622426
5818255538	475971
5848246538	1497422
5878237538	817230
5908228538	514977
5938219538	691731
5968210538	856553
5998201538	924620
6028192538	943878
6058183538	1498996
6088174538	791640
6118165538	933835
6148156538	955418
6178147538	1014098
6208138538	956486
6238129538	641932
6268120538	678765
6298111538	861143
6328102538	730581
6358093538	840139
6388084538	878403
6418075538	663497
6448066538	753461
6478057538	739952
6508048538	540094
6538039538	647598
6568030538	915212
6598021538	982165
6628012538	638555
6658003538	1716809
6687994538	491012
6717985538	542285
6747976538	3593402
6777967538	2137447
6807958538	1130245
6837949538	789518
6867940538	1348964
6897931538	963795
6927922538	614952
6957913538	953457
6987904538	714034
7017895538	499796
7047886538	587000
7077877538	687386
7107868538	627509
7137859538	785544
7167850538	1030893
7197841538	866347
7227832538	896725
7257823538	4166256
7287814538	870145
7317805538	640550
7347796538	494947
7377787538	772959
7407778538	669589
7437769538	904168
7467760538	734359
7497751538	808447
7527742538	742182
7557733538	863870
7587724538	12025322
7617715538	6041686
7647706538	2682426
7677697538	2700733
7707688538	1887965
7737679538	927253
7767670538	566251
7797661538	744045
7827652538	606068
7857643538	655453
7887634538	669598
7917625538	657280
7947616538	884226
7977607538	922926
8007598538	692683
8037589538	700783
8067580538	3497434
8097571538	917660
8127562538	731823
8157553538	930316
8187544538	709379
8217535538	959369
8247526538	656434
8277517538	694309
8307508538	511961
8337499538	525513
8367490538	745235
8397481538	953949
8427472538	719873
8457463538	1167359
8487454538	761742
8517445538	638166
8547436538	821737
8577427538	788735
8607418538	786621
8637409538	1022700
8667400538	1051890
8697391538	961983
8727382538	1007054
8757373538	992347
8787364538	732215
8817355538	685652
8847346538	687588
8877337538	2143516
8907328538	849838
8937319538	936291
8967310538	947703
8997301538	866567
9027292538	695409
9057283538	521528
9087274538	591378
9117265538	602134
9147256538	937279
9177247538	750007
9207238538	864806
9237229538	989764
9267220538	979705
9297211538	598249
9327202538	798261
9357193538	585396
9387184538	609402
9417175538	769675
9447166538	844409
9477157538	1806845
9507148538	952376
9537139538	864972
9567130538	868818
9597121538	521791
9627112538	608396
9657103538	759881
9687094538	1164193
9717085538	949957
9747076538	755847
9777067538	824000
9807058538	785861
9837049538	748220
9867040538	888926
9897031538	917218
9927022538	542873
9957013538	573264
9987004538	621844
10016995538	2055289027
10046986538	2025298027
10076977538	1995307027
10106968538	1965316027
10136959538	1935325027
10166950538	1905334027
10196941538	1875343027
10226932538	1845352027
10256923538	1815361027
10286914538	1785370027
10316905538	1755379027
10346896538	1725388027
10376887538	1695397027
10406878538	1665406027
10436869538	1635415027
10466860538	1605424027
10496851538	1575433027
10526842538	1545442027
10556833538	1515451027
10586824538	1485460027
10616815538	1455469027
10646806538	1425478027
10676797538	1395487027
10706788538	1365496027
10736779538	1335505027
10766770538	1305514027
10796761538	1275523027
10826752538	1245532027
10856743538	1215541027
10886734538	1185550027
10916725538	1155559027
10946716538	1125568027
10976707538	1095577027
11006698538	1065586027
11036689538	1035595027
11066680538	1005604027
11096671538	975613027
11126662538	945622027
11156653538	915631027
11186644538	885640027
11216635538	855649027
11246626538	825658027
11276617538	795667027
11306608538	765676027
11336599538	735685027
11366590538	705694027
11396581538	675703027
11426572538	645712027
11456563538	615721027
11486554538	855085059
11516545538	825094059
11546536538	795103059
11576527538	765112059
11606518538	735121059
11636509538	705130059
11666500538	675139059
11696491538	645148059
11726482538	615157059
11756473538	585166059
11786464538	555175059
11816455538	525184059
11846446538	495193059
11876437538	465202059
11906428538	435211059
11936419538	405220059
11966410538	375229059
11996401538	345238059
12026392538	315247059
12056383538	285256059
12086374538	375752222
12116365538	345761222
12146356538	315770222
12176347538	285779222
12206338538	255788222
12236329538	225797222
12266320538	195806222
12296311538	165815222
12326302538	135824222
12356293538	161053319
12386284538	131062319
12416275538	101071319
12446266538	71080319
12476257538	71713598
12506248538	41722598
12536239538	28885615
12566230538	10624373
12596221538	142807
12626212538	276779
12656203538	310974
12686194538	115511
12716185538	175065
12746176538	142261
12776167538	203114
12806158538	267322
12836149538	248446
12866140538	268831
12896131538	230384
12926122538	207444
12956113538	233409
12986104538	198693
13016095538	285562
13046086538	380463
13076077538	406662
13106068538	361919
13136059538	282957
13166050538	209260
13196041538	215677
13226032538	263481
13256023538	291494
13286014538	393563
13316005538	280646
13345996538	284355
13375987538	1016475
13405978538	162663
13435969538	274527
13465960538	262618
13495951538	290269
13525942538	225849
13555933538	2449778
13585924538	403214
13615915538	137831
13645906538	132526
13675897538	245117
13705888538	285550
13735879538	255653
13765870538	253253
13795861538	123775
13825852538	231123
13855843538	254108
13885834538	258097
13915825538	275175
13945816538	213857
13975807538	274899
14005798538	214844
14035789538	140151
14065780538	278428
14095771538	256165
14125762538	220816
14155753538	267364
14185744538	214916
14215735538	329642
14245726538	150098
14275717538	208643
14305708538	131460
14335699538	230521
14365690538	149357
14395681538	275863
14425672538	278833
14455663538	196247
14485654538	238848
14515645538	2798798
14545636538	191555
14575627538	127507
14605618538	235730
14635609538	143223
14665600538	198989
14695591538	390929
14725582538	213070
14755573538	258058
14785564538	285378
14815555538	193483
14845546538	222327
14875537538	277065
14905528538	207436
14935519538	122556
14965510538	273938
14995501538	207039
15025492538	249335
15055483538	142740
15085474538	308488
15115465538	120604
15145456538	289271
15175447538	322183
15205438538	305757
15235429538	160759
15265420538	121951
15295411538	390813
15325402538	536860
15355393538	302113
15385384538	116089
15415375538	297215
15445366538	229269
15475357538	123575
15505348538	224872
15535339538	158467
15565330538	114114
15595321538	132606
15625312538	317313
15655303538	351773
15685294538	242054
15715285538	195812
15745276538	263970
15775267538	235143
15805258538	311241
15835249538	162110
15865240538	118838
15895231538	221793
15925222538	265538
15955213538	215214
15985204538	170935
16015195538	280460
16045186538	269569
16075177538	249651
16105168538	239315
16135159538	141122
16165150538	245679
16195141538	308842
16225132538	218361
16255123538	275533
16285114538	248120
16315105538	146120
16345096538	171061
16375087538	294080
16405078538	213654
16435069538	212252
16465060538	208758
16495051538	242980
16525042538	304117
16555033538	307728
16585024538	308313
16615015538	268705
16645006538	142216
16674997538	291621
16704988538	365427
16734979538	245777
16764970538	152047
16794961538	398974
16824952538	330252
16854943538	330756
16884934538	271256
16914925538	179586
16944916538	208231
16974907538	389394
17004898538	133222
17034889538	217720
17064880538	209398
17094871538	335077
17124862538	223590
17154853538	250084
17184844538	383416
17214835538	260917
17244826538	245130
17274817538	288878
17304808538	307598
17334799538	291245
17364790538	240081
17394781538	254560
17424772538	155002
17454763538	264479
17484754538	200320
17514745538	209426
17544736538	348865
17574727538	263017
17604718538	298984
17634709538	191524
17664700538	210251
17694691538	250108
17724682538	321834
17754673538	233613
17784664538	157242
17814655538	246190
17844646538	207926
17874637538	314030
17904628538	246911
17934619538	136632
17964610538	245584
17994601538	275079
18024592538	223755
18054583538	197095
18084574538	303822
18114565538	221161
18144556538	1841772
18174547538	303416
18204538538	195952
18234529538	264103
18264520538	256896
18294511538	228115
18324502538	281330
18354493538	392984
18384484538	276178
18414475538	188194
18444466538	183722
18474457538	200017
18504448538	309009
18534439538	251714
18564430538	302174
18594421538	265705
18624412538	111094
18654403538	205681
18684394538	264048
18714385538	180897
18744376538	203971
18774367538	218700
18804358538	270861
18834349538	149198
18864340538	258896
18894331538	287568
18924322538	142857
18954313538	366414
18984304538	262203
19014295538	279062
19044286538	172797
19074277538	129177
19104268538	284367
19134259538	249345
19164250538	280695
19194241538	156049
19224232538	238044
19254223538	381483
19284214538	266350
19314205538	265810
19344196538	307468
19374187538	285063
19404178538	223781
19434169538	192265
19464160538	303729
19494151538	347547
19524142538	325294
19554133538	1636899
19584124538	261149
19614115538	309818
19644106538	270281
19674097538	236402
19704088538	269348
19734079538	224242
19764070538	281971
19794061538	205749
19824052538	221728
19854043538	328020
19884034538	296497
19914025538	211431
19944016538	217023
19974007538	295749
20003998538	5288524
20033989538	6408962
20063980538	7907517
20093971538	8666815
20123962538	5911313
20153953538	3335788
20183944538	3262279
20213935538	6606342
20243926538	7810472
20273917538	5319500
20303908538	9570080
20333899538	8407022
20363890538	8357375
20393881538	9454126
20423872538	9755277
20453863538	3640019
20483854538	5569067
20513845538	7504345
20543836538	11364866
20573827538	7096522
20603818538	7720486
20633809538	4835197
20663800538	11188413
20693791538	4945473
20723782538	15610242
20753773538	7276881
20783764538	6828524
20813755538	11307171
20843746538	11610004
20873737538	7432279
20903728538	11361567
20933719538	12170065
20963710538	8215138
20993701538	10390825
21023692538	8105829
21053683538	13463284
21083674538	11012493
21113665538	9616173
21143656538	14838093
21173647538	16126330
21203638538	10860349
21233629538	11803054
21263620538	12539743
21293611538	13075282
21323602538	15183389
21353593538	7649624
21383584538	13253855
21413575538	10449014
21443566538	13610862
21473557538	7337628
21503548538	11473017
21533539538	15255896
21563530538	13232304
21593521538	5299440
21623512538	1077572
21653503538	679439
21683494538	633493
21713485538	857347
21743476538	682903
21773467538	3081306
21803458538	640023
21833449538	635174
21863440538	714867
21893431538	709434
21923422538	667991
21953413538	6699354
21983404538	1892548
22013395538	925083
22043386538	723878
22073377538	860528
22103368538	824427
22133359538	856779
22163350538	728942
22193341538	778067
22223332538	645480
22253323538	740951
22283314538	807955
22313305538	622933
22343296538	846026
22373287538	676253
22403278538	619967
22433269538	964530
22463260538	970234
22493251538	539536
22523242538	784025
22553233538	655513
22583224538	2950900
22613215538	967438
22643206538	941079
22673197538	696669
22703188538	569429
22733179538	745113
22763170538	941410
22793161538	790995
22823152538	562330
22853143538	959842
22883134538	920827
22913125538	768495
22943116538	919932
22973107538	792078
23003098538	665017
23033089538	737746
23063080538	843377
23093071538	827435
23123062538	927527
23153053538	785865
23183044538	2156317
23213035538	779705
23243026538	539996
23273017538	719958
23303008538	898984
23332999538	540481
23362990538	917938
23392981538	1357710
23422972538	706080
23452963538	587133
23482954538	752397
23512945538	616449
23542936538	647721
23572927538	858739
23602918538	515809
23632909538	622875
23662900538	723477
23692891538	675222
23722882538	713145
23752873538	895173
23782864538	766763
23812855538	783933
23842846538	754306
23872837538	940697
23902828538	847752
23932819538	549908
23962810538	911790
23992801538	1816302
24022792538	961881
24052783538	617168
24082774538	720183
24112765538	804065
24142756538	897767
24172747538	687881
24202738538	1540499
24232729538	898153
24262720538	883212
24292711538	795586
24322702538	944773
24352693538	524947
24382684538	688960
24412675538	753639
24442666538	777451
24472657538	806002
24502648538	641291
24532639538	942012
24562630538	804531
24592621538	636226
24622612538	905037
24652603538	534979
24682594538	494017
24712585538	515800
24742576538	612245
24772567538	494053
24802558538	1131229
24832549538	575453
24862540538	586839
24892531538	565037
24922522538	957744
24952513538	732613
24982504538	948836
25012495538	920122
25042486538	911898
25072477538	743204
25102468538	474351
25132459538	727139
25162450538	588570
25192441538	662326
25222432538	784069
25252423538	803380
25282414538	926023
25312405538	904958
25342396538	949485
25372387538	889319
25402378538	2861210
25432369538	742135
25462360538	664028
25492351538	745568
25522342538	799826
25552333538	631596
25582324538	951678
25612315538	789223
25642306538	545853
25672297538	803161
25702288538	617387
25732279538	656590
25762270538	884699
25792261538	809225
25822252538	931728
25852243538	617748
25882234538	546524
25912225538	938192
25942216538	728985
25972207538	876305
26002198538	800883
26032189538	909754
26062180538	957243
26092171538	519626
26122162538	509919
26152153538	623372
26182144538	513337
26212135538	2755928
26242126538	894657
26272117538	948448
26302108538	828351
26332099538	959475
26362090538	7136414
26392081538	3864621
26422072538	2072404
26452063538	1159396
26482054538	992142
26512045538	1011487
26542036538	933241
26572027538	882551
26602018538	893270
26632009538	934280
26662000538	883006
26691991538	553892
26721982538	632387
26751973538	832118
26781964538	484323
26811955538	2547109
26841946538	655824
26871937538	615096
26901928538	615267
26931919538	887669
26961910538	881894
26991901538	874844
27021892538	2010101
27051883538	752545
27081874538	878333
27111865538	628832
27141856538	776941
27171847538	1067685
27201838538	930346
27231829538	838136
27261820538	539689
27291811538	676655
27321802538	525426
27351793538	517171
27381784538	643737
27411775538	742589
27441766538	889914
27471757538	553552
27501748538	620591
27531739538	566735
27561730538	736890
27591721538	691948
27621712538	1875240
27651703538	850000
27681694538	709377
27711685538	580000
27741676538	625454
27771667538	657660
27801658538	756641
27831649538	6621207
27861640538	1755446
27891631538	1327555
27921622538	768155
27951613538	527100
27981604538	829637
28011595538	717912
28041586538	501427
28071577538	487314
28101568538	636478
28131559538	937069
28161550538	614123
28191541538	563382
28221532538	576987
28251523538	628526
28281514538	804369
28311505538	902971
28341496538	958178
28371487538	506122
28401478538	547966
28431469538	1055178
28461460538	959282
28491451538	945644
28521442538	970300
28551433538	983620
28581424538	479166
28611415538	655421
28641406538	1147452
28671397538	752787
28701388538	879331
28731379538	559340
28761370538	675045
28791361538	946955
28821352538	940153
28851343538	506489
28881334538	627211
28911325538	746844
28941316538	814842
28971307538	665154
29001298538	859789
29031289538	3318184
29061280538	680138
29091271538	636204
29121262538	825991
29151253538	686816
29181244538	532364
29211235538	787522
29241226538	947729
29271217538	760271
29301208538	9212664
29331199538	3087674
29361190538	723401
29391181538	722302
29421172538	905890
29451163538	1078043
29481154538	647590
29511145538	1003450
29541136538	657695
29571127538	542484
29601118538	554261
29631109538	553107
29661100538	517937
29691091538	568769
29721082538	874664
29751073538	522340
29781064538	597983
29811055538	752476
29841046538	2914770
29871037538	942417
29901028538	519855
29931019538	564713
29961010538	950291
