1052	3178647
29983052	43442663
59965052	42145516
89947052	46112872
119929052	56060025
149911052	73586985
179893052	100635010
209875052	70653010
239857052	107362439
269839052	77380439
299821052	129347303
329803052	99365303
359785052	165085044
389767052	135103044
419749052	105121044
449731052	189460404
479713052	159478404
509695052	129496404
539677052	234987488
569659052	205005488
599641052	175023488
629623052	145041488
659605052	277206977
689587052	247224977
719569052	217242977
749551052	187260977
779533052	349463483
809515052	319481483
839497052	289499483
869479052	259517483
899461052	229535483
929443052	199553483
959425052	397777760
989407052	367795760
1019389052	337813760
1049371052	307831760
1079353052	277849760
1109335052	247867760
1139317052	489593288
1169299052	459611288
1199281052	429629288
1229263052	399647288
1259245052	369665288
1289227052	339683288
1319209052	309701288
1349191052	279719288
1379173052	571257658
1409155052	541275658
1439137052	511293658
1469119052	481311658
1499101052	451329658
1529083052	421347658
1559065052	391365658
1589047052	361383658
1619029052	331401658
1649011052	683995009
1678993052	654013009
1708975052	624031009
1738957052	594049009
1768939052	564067009
1798921052	534085009
1828903052	504103009
1858885052	474121009
1888867052	444139009
1918849052	414157009
1948831052	384175009
1978813052	809774110
2008795052	779792110
2038777052	749810110
2068759052	719828110
2098741052	689846110
2128723052	659864110
2158705052	629882110
2188687052	599900110
2218669052	569918110
2248651052	539936110
2278633052	509954110
2308615052	479972110
2338597052	987362341
2368579052	957380341
2398561052	927398341
2428543052	897416341
2458525052	867434341
2488507052	837452341
2518489052	807470341
2548471052	777488341
2578453052	747506341
2608435052	717524341
2638417052	687542341
2668399052	657560341
2698381052	627578341
2728363052	597596341
2758345052	567614341
2788327052	537632341
2818309052	1145372110
2848291052	1115390110
2878273052	1085408110
2908255052	1055426110
2938237052	1025444110
2968219052	995462110
2998201052	965480110
3028183052	935498110
3058165052	905516110
3088147052	875534110
3118129052	845552110
3148111052	815570110
3178093052	785588110
3208075052	755606110
3238057052	725624110
3268039052	695642110
3298021052	665660110
3328003052	635678110
3357985052	1359566461
3387967052	1329584461
3417949052	1299602461
3447931052	1269620461
3477913052	1239638461
3507895052	1209656461
3537877052	1179674461
3567859052	1149692461
3597841052	1119710461
3627823052	1089728461
3657805052	1059746461
3687787052	1029764461
3717769052	999782461
3747751052	969800461
3777733052	939818461
3807715052	909836461
3837697052	879854461
3867679052	849872461
3897661052	819890461
3927643052	789908461
3957625052	759926461
3987607052	1619796346
4017589052	1589814346
4047571052	1559832346
4077553052	1529850346
4107535052	1499868346
4137517052	1469886346
4167499052	1439904346
4197481052	1409922346
4227463052	1379940346
4257445052	1349958346
4287427052	1319976346
4317409052	1289994346
4347391052	1260012346
4377373052	1230030346
4407355052	1200048346
4437337052	1170066346
4467319052	1140084346
4497301052	1110102346
4527283052	1080120346
4557265052	1050138346
4587247052	1020156346
4617229052	990174346
4647211052	960192346
4677193052	930210346
4707175052	900228346
4737157052	1947908198
4767139052	1917926198
4797121052	1887944198
4827103052	1857962198
4857085052	1827980198
4887067052	1797998198
4917049052	1768016198
4947031052	1738034198
4977013052	1708052198
5006995052	1678070198
5036977052	1648088198
5066959052	1618106198
5096941052	1588124198
5126923052	1558142198
5156905052	1528160198
5186887052	1498178198
5216869052	1468196198
5246851052	1438214198
5276833052	1408232198
5306815052	1378250198
5336797052	1348268198
5366779052	1318286198
5396761052	1288304198
5426743052	1258322198
5456725052	1228340198
5486707052	1198358198
5516689052	1168376198
5546671052	1138394198
5576653052	1108412198
5606635052	1078430198
5636617052	2321690814
5666599052	2291708814
5696581052	2261726814
5726563052	2231744814
5756545052	2201762814
5786527052	2171780814
5816509052	2141798814
5846491052	2111816814
5876473052	2081834814
5906455052	2051852814
5936437052	2021870814
5966419052	1991888814
5996401052	1961906814
6026383052	1931924814
6056365052	1901942814
6086347052	1871960814
6116329052	1841978814
6146311052	1811996814
6176293052	1782014814
6206275052	1752032814
6236257052	1722050814
6266239052	1692068814
6296221052	1662086814
6326203052	1632104814
6356185052	1602122814
6386167052	1572140814
6416149052	1542158814
6446131052	1512176814
6476113052	1482194814
6506095052	1452212814
6536077052	1422230814
6566059052	1392248814
6596041052	1362266814
6626023052	1332284814
6656005052	1302302814
6685987052	1272320814
6715969052	2782015755
6745951052	2752033755
6775933052	2722051755
6805915052	2692069755
6835897052	2662087755
6865879052	2632105755
6895861052	2602123755
6925843052	2572141755
6955825052	2542159755
6985807052	2512177755
7015789052	2482195755
7045771052	2452213755
7075753052	2422231755
7105735052	2392249755
7135717052	2362267755
7165699052	2332285755
7195681052	2302303755
7225663052	2272321755
7255645052	2242339755
7285627052	2212357755
7315609052	2182375755
7345591052	2152393755
7375573052	2122411755
7405555052	2092429755
7435537052	2062447755
7465519052	2032465755
7495501052	2002483755
7525483052	1972501755
7555465052	1942519755
7585447052	1912537755
7615429052	1882555755
7645411052	1852573755
7675393052	1822591755
7705375052	1792609755
7735357052	1762627755
7765339052	1732645755
7795321052	1702663755
7825303052	1672681755
7855285052	1642699755
7885267052	1612717755
7915249052	1582735755
7945231052	1552753755
7975213052	3345604639
8005195052	3315622639
8035177052	3285640639
8065159052	3255658639
8095141052	3225676639
8125123052	3195694639
8155105052	3165712639
8185087052	3135730639
8215069052	3105748639
8245051052	3075766639
8275033052	3045784639
8305015052	3015802639
8334997052	2985820639
8364979052	2955838639
8394961052	2925856639
8424943052	2895874639
8454925052	2865892639
8484907052	2835910639
8514889052	2805928639
8544871052	2775946639
8574853052	2745964639
8604835052	2715982639
8634817052	2686000639
8664799052	2656018639
8694781052	2626036639
8724763052	2596054639
8754745052	2566072639
8784727052	2536090639
8814709052	2506108639
8844691052	2476126639
8874673052	2446144639
8904655052	2416162639
8934637052	2386180639
8964619052	2356198639
8994601052	2326216639
9024583052	2296234639
9054565052	2266252639
9084547052	2236270639
9114529052	2206288639
9144511052	2176306639
9174493052	2146324639
9204475052	2116342639
9234457052	2086360639
9264439052	2056378639
9294421052	2026396639
9324403052	1996414639
9354385052	1966432639
9384367052	1936450639
9414349052	1906468639
9444331052	1876486639
9474313052	1846504639
9504295052	1816522639
9534277052	5103288266
9564259052	5073306266
9594241052	5043324266
9624223052	5013342266
9654205052	4983360266
9684187052	4953378266
9714169052	4923396266
9744151052	4893414266
9774133052	4863432266
9804115052	4833450266
9834097052	4803468266
9864079052	4773486266
9894061052	4743504266
9924043052	4713522266
9954025052	4683540266
9984007052	4653558266
10013989052	4623576266
10043971052	4593594266
10073953052	4563612266
10103935052	4533630266
10133917052	4503648266
10163899052	4473666266
10193881052	4443684266
10223863052	4413702266
10253845052	4383720266
10283827052	4353738266
10313809052	4323756266
10343791052	4293774266
10373773052	4263792266
10403755052	4233810266
10433737052	4203828266
10463719052	4173846266
10493701052	4143864266
10523683052	4113882266
10553665052	4083900266
10583647052	4053918266
10613629052	4023936266
10643611052	3993954266
10673593052	3963972266
10703575052	3933990266
10733557052	3904008266
10763539052	3874026266
10793521052	3844044266
10823503052	3814062266
10853485052	3784080266
10883467052	3754098266
10913449052	3724116266
10943431052	3694134266
10973413052	3664152266
11003395052	3634170266
11033377052	3604188266
11063359052	3574206266
11093341052	3544224266
11123323052	3514242266
11153305052	3484260266
11183287052	3454278266
11213269052	3424296266
11243251052	3394314266
11273233052	3364332266
11303215052	3334350266
11333197052	3304368266
11363179052	5650413321
11393161052	5620431321
11423143052	5590449321
11453125052	5560467321
11483107052	5530485321
11513089052	5500503321
11543071052	5470521321
11573053052	5440539321
11603035052	5410557321
11633017052	5380575321
11662999052	5350593321
11692981052	5320611321
11722963052	5290629321
11752945052	5260647321
11782927052	5230665321
11812909052	5200683321
11842891052	5170701321
11872873052	5140719321
11902855052	5110737321
11932837052	5080755321
11962819052	5050773321
11992801052	5020791321
12022783052	4990809321
12052765052	4960827321
12082747052	4930845321
12112729052	4900863321
12142711052	4870881321
12172693052	4840899321
12202675052	4810917321
12232657052	4780935321
12262639052	4750953321
12292621052	4720971321
12322603052	4690989321
12352585052	4661007321
12382567052	4631025321
12412549052	4601043321
12442531052	4571061321
12472513052	4541079321
12502495052	4511097321
12532477052	4481115321
12562459052	4451133321
12592441052	4421151321
12622423052	4391169321
12652405052	4361187321
12682387052	4331205321
12712369052	4301223321
12742351052	4271241321
12772333052	4241259321
12802315052	4211277321
12832297052	4181295321
12862279052	4151313321
12892261052	4121331321
12922243052	4091349321
12952225052	4061367321
12982207052	4031385321
13012189052	4001403321
13042171052	3971421321
13072153052	3941439321
13102135052	3911457321
13132117052	3881475321
13162099052	3851493321
13192081052	3821511321
13222063052	3791529321
13252045052	3761547321
13282027052	3731565321
13312009052	3701583321
13341991052	3671601321
13371973052	3641619321
13401955052	3611637321
13431937052	3581655321
13461919052	3551673321
13491901052	3521691321
13521883052	3491709321
13551865052	3461727321
13581847052	3431745321
13611829052	3401763321
13641811052	3371781321
13671793052	3341799321
13701775052	3311817321
13731757052	3281835321
13761739052	3251853321
13791721052	3221871321
13821703052	3191889321
13851685052	3161907321
13881667052	3131925321
13911649052	3101943321
13941631052	3071961321
13971613052	3041979321
14001595052	3011997321
14031577052	2982015321
14061559052	2952033321
14091541052	2922051321
14121523052	2892069321
14151505052	2862087321
14181487052	2832105321
14211469052	2802123321
14241451052	2772141321
14271433052	2742159321
14301415052	2712177321
14331397052	2682195321
14361379052	2652213321
14391361052	2622231321
14421343052	2592249321
14451325052	2562267321
14481307052	2532285321
14511289052	2502303321
14541271052	2472321321
14571253052	2442339321
14601235052	2412357321
14631217052	2382375321
14661199052	4123065573
14691181052	4093083573
14721163052	4063101573
14751145052	4033119573
14781127052	4003137573
14811109052	3973155573
14841091052	3943173573
14871073052	3913191573
14901055052	3883209573
14931037052	3853227573
14961019052	3823245573
14991001052	3793263573
15020983052	3763281573
15050965052	3733299573
15080947052	3703317573
15110929052	3673335573
15140911052	3643353573
15170893052	3613371573
15200875052	3583389573
15230857052	3553407573
15260839052	3523425573
15290821052	3493443573
15320803052	3463461573
15350785052	3433479573
15380767052	3403497573
15410749052	3373515573
15440731052	3343533573
15470713052	3313551573
15500695052	3283569573
15530677052	3253587573
15560659052	3223605573
15590641052	3193623573
15620623052	3163641573
15650605052	3133659573
15680587052	3103677573
15710569052	3073695573
15740551052	3043713573
15770533052	3013731573
15800515052	2983749573
15830497052	2953767573
15860479052	2923785573
15890461052	2893803573
15920443052	2863821573
15950425052	2833839573
15980407052	2803857573
16010389052	2773875573
16040371052	2743893573
16070353052	2713911573
16100335052	2683929573
16130317052	2653947573
16160299052	2623965573
16190281052	2593983573
16220263052	2564001573
16250245052	2534019573
16280227052	2504037573
16310209052	2474055573
16340191052	2444073573
16370173052	2414091573
16400155052	2384109573
16430137052	2354127573
16460119052	2324145573
16490101052	2294163573
16520083052	2264181573
16550065052	2234199573
16580047052	2204217573
16610029052	2174235573
16640011052	2144253573
16669993052	2114271573
16699975052	2084289573
16729957052	2054307573
16759939052	2024325573
16789921052	1994343573
16819903052	1964361573
16849885052	1934379573
16879867052	1904397573
16909849052	1874415573
16939831052	1844433573
16969813052	1814451573
16999795052	1784469573
17029777052	1754487573
17059759052	3032749508
17089741052	3002767508
17119723052	2972785508
17149705052	2942803508
17179687052	2912821508
17209669052	2882839508
17239651052	2852857508
17269633052	2822875508
17299615052	2792893508
17329597052	2762911508
17359579052	2732929508
17389561052	2702947508
17419543052	2672965508
17449525052	2642983508
17479507052	2613001508
17509489052	2583019508
17539471052	2553037508
17569453052	2523055508
17599435052	2493073508
17629417052	2463091508
17659399052	2433109508
17689381052	2403127508
17719363052	2373145508
17749345052	2343163508
17779327052	2313181508
17809309052	2283199508
17839291052	2253217508
17869273052	2223235508
17899255052	2193253508
17929237052	2163271508
17959219052	2133289508
17989201052	2103307508
18019183052	2073325508
18049165052	2043343508
18079147052	2013361508
18109129052	1983379508
18139111052	1953397508
18169093052	1923415508
18199075052	1893433508
18229057052	1863451508
18259039052	1833469508
18289021052	1803487508
18319003052	1773505508
18348985052	1743523508
18378967052	1713541508
18408949052	1683559508
18438931052	1653577508
18468913052	1623595508
18498895052	1593613508
18528877052	1563631508
18558859052	1533649508
18588841052	1503667508
18618823052	1473685508
18648805052	1443703508
18678787052	1413721508
18708769052	1383739508
18738751052	1353757508
18768733052	1323775508
18798715052	1293793508
18828697052	2246822422
18858679052	2216840422
18888661052	2186858422
18918643052	2156876422
18948625052	2126894422
18978607052	2096912422
19008589052	2066930422
19038571052	2036948422
19068553052	2006966422
19098535052	1976984422
19128517052	1947002422
19158499052	1917020422
19188481052	1887038422
19218463052	1857056422
19248445052	1827074422
19278427052	1797092422
19308409052	1767110422
19338391052	1737128422
19368373052	1707146422
19398355052	1677164422
19428337052	1647182422
19458319052	1617200422
19488301052	1587218422
19518283052	1557236422
19548265052	1527254422
19578247052	1497272422
19608229052	1467290422
19638211052	1437308422
19668193052	1407326422
19698175052	1377344422
19728157052	1347362422
19758139052	1317380422
19788121052	1287398422
19818103052	1257416422
19848085052	1227434422
19878067052	1197452422
19908049052	1167470422
19938031052	1137488422
19968013052	1107506422
19997995052	1077524422
20027977052	1047542422
20057959052	1017560422
20087941052	987578422
20117923052	1691924145
20147905052	1661942145
20177887052	1631960145
20207869052	1601978145
20237851052	1571996145
20267833052	1542014145
20297815052	1512032145
20327797052	1482050145
20357779052	1452068145
20387761052	1422086145
20417743052	1392104145
20447725052	1362122145
20477707052	1332140145
20507689052	1302158145
20537671052	1272176145
20567653052	1242194145
20597635052	1212212145
20627617052	1182230145
20657599052	1152248145
20687581052	1122266145
20717563052	1092284145
20747545052	1062302145
20777527052	1032320145
20807509052	1002338145
20837491052	972356145
20867473052	942374145
20897455052	912392145
20927437052	882410145
20957419052	852428145
20987401052	822446145
21017383052	792464145
21047365052	762482145
21077347052	732500145
21107329052	1257030203
21137311052	1227048203
21167293052	1197066203
21197275052	1167084203
21227257052	1137102203
21257239052	1107120203
21287221052	1077138203
21317203052	1047156203
21347185052	1017174203
21377167052	987192203
21407149052	957210203
21437131052	927228203
21467113052	897246203
21497095052	867264203
21527077052	837282203
21557059052	807300203
21587041052	777318203
21617023052	747336203
21647005052	717354203
21676987052	687372203
21706969052	657390203
21736951052	627408203
21766933052	597426203
21796915052	567444203
21826897052	952603343
21856879052	922621343
21886861052	892639343
21916843052	862657343
21946825052	832675343
21976807052	802693343
22006789052	772711343
22036771052	742729343
22066753052	712747343
22096735052	682765343
22126717052	652783343
22156699052	622801343
22186681052	592819343
22216663052	562837343
22246645052	532855343
22276627052	502873343
22306609052	472891343
22336591052	442909343
22366573052	412927343
22396555052	686511574
22426537052	656529574
22456519052	626547574
22486501052	596565574
22516483052	566583574
22546465052	536601574
22576447052	506619574
22606429052	476637574
22636411052	446655574
22666393052	416673574
22696375052	386691574
22726357052	356709574
22756339052	326727574
22786321052	534599565
22816303052	504617565
22846285052	474635565
22876267052	444653565
22906249052	414671565
22936231052	384689565
22966213052	354707565
22996195052	324725565
23026177052	294743565
23056159052	264761565
23086141052	234779565
23116123052	378589429
23146105052	348607429
23176087052	318625429
23206069052	288643429
23236051052	258661429
23266033052	228679429
23296015052	198697429
23325997052	301360923
23355979052	271378923
23385961052	241396923
23415943052	211414923
23445925052	181432923
23475907052	151450923
23505889052	218986459
23535871052	189004459
23565853052	159022459
23595835052	129040459
23625817052	99058459
23655799052	146303835
23685781052	116321835
23715763052	86339835
23745745052	115253833
23775727052	85271833
23805709052	102065779
23835691052	72083779
23865673052	76775693
23895655052	46793693
23925637052	46319824
23955619052	36957832
23985601052	27312281
24015583052	31492979
24045565052	13596787
24075547052	18068057
24105529052	16071292
24135511052	17248224
24165493052	16443481
24195475052	18666566
24225457052	18032493
24255439052	19187385
24285421052	22984171
24315403052	15816077
24345385052	20562037
24375367052	13325546
24405349052	16714692
24435331052	11354265
24465313052	18013250
24495295052	21948651
24525277052	16021626
24555259052	27897670
24585241052	25657325
24615223052	23515489
24645205052	20908217
24675187052	17721607
24705169052	16882476
24735151052	28155071
24765133052	26401592
24795115052	25588828
24825097052	28195763
24855079052	31694963
24885061052	19735159
24915043052	22525927
24945025052	24899047
24975007052	29489548
25004989052	34057708
25034971052	19742682
25064953052	24690279
25094935052	31726494
25124917052	23963001
25154899052	33702295
25184881052	22000380
25214863052	30478260
25244845052	21594283
25274827052	31909513
25304809052	20371141
25334791052	31115307
25364773052	23295527
25394755052	38367940
25424737052	29673034
25454719052	46052792
25484701052	40338194
25514683052	32388493
25544665052	27929125
25574647052	45782777
25604629052	38664521
25634611052	34960560
25664593052	29789863
25694575052	29635876
25724557052	55791961
25754539052	53040401
25784521052	53867997
25814503052	53069415
25844485052	55681313
25874467052	55286736
25904449052	58080959
25934431052	61341981
25964413052	67088332
25994395052	37106332
26024377052	40266624
26054359052	46606913
26084341052	52065369
26114323052	60423944
26144305052	66596196
26174287052	36614196
26204269052	46501134
26234251052	57386688
26264233052	70944393
26294215052	81849025
26324197052	51867025
26354179052	66586347
26384161052	79887074
26414143052	49905074
26444125052	67201542
26474107052	83600177
26504089052	53618177
26534071052	75810221
26564053052	95291586
26594035052	65309586
26624017052	90162083
26653999052	60180083
26683981052	83581389
26713963052	53599389
26743945052	80917574
26773927052	109775019
26803909052	79793019
26833891052	111961985
26863873052	81979985
26893855052	113104048
26923837052	83122048
26953819052	119845155
26983801052	89863155
27013783052	125414946
27043765052	95432946
27073747052	65450946
27103729052	109178215
27133711052	79196215
27163693052	121174625
27193675052	91192625
27223657052	140240547
27253639052	110258547
27283621052	80276547
27313603052	129014102
27343585052	99032102
27373567052	155434166
27403549052	125452166
27433531052	95470166
27463513052	153077841
27493495052	123095841
27523477052	93113841
27553459052	157174112
27583441052	127192112
27613423052	97210112
27643405052	164046036
27673387052	134064036
27703369052	104082036
27733351052	178177611
27763333052	148195611
27793315052	118213611
27823297052	194969278
27853279052	164987278
27883261052	135005278
27913243052	220333718
27943225052	190351718
27973207052	160369718
28003189052	130387718
28033171052	218244110
28063153052	188262110
28093135052	158280110
28123117052	128298110
28153099052	227356278
28183081052	197374278
28213063052	167392278
28243045052	137410278
28273027052	238280240
28303009052	208298240
28332991052	178316240
28362973052	148334240
28392955052	260371582
28422937052	230389582
28452919052	200407582
28482901052	170425582
28512883052	287981928
28542865052	257999928
28572847052	228017928
28602829052	198035928
28632811052	168053928
28662793052	297166780
28692775052	267184780
28722757052	237202780
28752739052	207220780
28782721052	177238780
28812703052	339509908
28842685052	309527908
28872667052	279545908
28902649052	249563908
28932631052	219581908
28962613052	395951611
28992595052	365969611
29022577052	335987611
29052559052	306005611
29082541052	276023611
29112523052	246041611
29142505052	216059611
29172487052	400501743
29202469052	370519743
29232451052	340537743
29262433052	310555743
29292415052	280573743
29322397052	250591743
29352379052	220609743
29382361052	421864843
29412343052	391882843
29442325052	361900843
29472307052	331918843
29502289052	301936843
29532271052	271954843
29562253052	241972843
29592235052	455306529
29622217052	425324529
29652199052	395342529
29682181052	365360529
29712163052	335378529
29742145052	305396529
29772127052	275414529
29802109052	245432529
29832091052	478374161
29862073052	448392161
29892055052	418410161
29922037052	388428161
29952019052	358446161
