2000	55383793
30002000	25383793
60002000	26001743
90002000	5588318
120002000	243926
150002000	247794
180002000	215107
210002000	222709
240002000	333334
270002000	338335
300002000	388561
330002000	358524
360002000	258525
390002000	271565
420002000	236083
450002000	353751
480002000	290659
510002000	262230
540002000	306960
570002000	271805
600002000	288354
630002000	410853
660002000	381481
690002000	429942
720002000	222626
750002000	263132
780002000	211034
810002000	257074
840002000	370235
870002000	357032
900002000	286318
930002000	442315
960002000	306789
990002000	224186
1020002000	327403
1050002000	2294201
1080002000	368705
1110002000	385693
1140002000	372954
1170002000	308947
1200002000	366973
1230002000	390311
1260002000	225442
1290002000	442381
1320002000	239666
1350002000	227022
1380002000	243151
1410002000	409162
1440002000	224737
1470002000	236598
1500002000	231714
1530002000	386544
1560002000	361686
1590002000	375845
1620002000	300587
1650002000	246891
1680002000	252708
1710002000	312523
1740002000	302823
1770002000	303892
1800002000	286077
1830002000	305088
1860002000	348135
1890002000	368654
1920002000	324962
1950002000	399054
1980002000	219081
2010002000	303775
2040002000	272893
2070002000	257611
2100002000	2128205
2130002000	355884
2160002000	373368
2190002000	266755
2220002000	391450
2250002000	268308
2280002000	271663
2310002000	352339
2340002000	369524
2370002000	423993
2400002000	326404
2430002000	290097
2460002000	240515
2490002000	397739
2520002000	339136
2550002000	245118
2580002000	358141
2610002000	272876
2640002000	332509
2670002000	219009
2700002000	275332
2730002000	236055
2760002000	329549
2790002000	259111
2820002000	394540
2850002000	383118
2880002000	241396
2910002000	395159
2940002000	317794
2970002000	245558
3000002000	381575
3030002000	388608
3060002000	267417
3090002000	380914
3120002000	310351
3150002000	1221483
3180002000	411052
3210002000	317121
3240002000	220540
3270002000	295118
3300002000	287283
3330002000	439772
3360002000	291400
3390002000	423589
3420002000	232941
3450002000	411121
3480002000	224642
3510002000	391789
3540002000	213132
3570002000	360623
3600002000	401158
3630002000	328601
3660002000	384211
3690002000	249451
3720002000	282720
3750002000	234560
3780002000	288397
3810002000	378863
3840002000	404132
3870002000	290893
3900002000	321694
3930002000	369126
3960002000	327682
3990002000	230614
4020002000	355537
4050002000	230245
4080002000	412866
4110002000	428847
4140002000	392500
4170002000	426078
4200002000	1064892
4230002000	280546
4260002000	406124
4290002000	404156
4320002000	378763
4350002000	270992
4380002000	285088
4410002000	428698
4440002000	290156
4470002000	229861
4500002000	234289
4530002000	255950
4560002000	229780
4590002000	250322
4620002000	328086
4650002000	442393
4680002000	281116
4710002000	396565
4740002000	279453
4770002000	255801
4800002000	413437
4830002000	250227
4860002000	368712
4890002000	393500
4920002000	322949
4950002000	341825
4980002000	265784
5010002000	305212
5040002000	480510
5070002000	330493
5100002000	409520
5130002000	271588
5160002000	278567
5190002000	355800
5220002000	220164
5250002000	398100
5280002000	243486
5310002000	349625
5340002000	377649
5370002000	232040
5400002000	399850
5430002000	299402
5460002000	349929
5490002000	391712
5520002000	323683
5550002000	374048
5580002000	257864
5610002000	348992
5640002000	253297
5670002000	354280
5700002000	252272
5730002000	285674
5760002000	321858
5790002000	318233
5820002000	333473
5850002000	304221
5880002000	5424340
5910002000	390340
5940002000	400478
5970002000	460981
6000002000	275881
6030002000	1424645
6060002000	384376
6090002000	440586
6120002000	242074
6150002000	249697
6180002000	344676
6210002000	362389
6240002000	315945
6270002000	348858
6300002000	222647
6330002000	337115
6360002000	404523
6390002000	444831
6420002000	302027
6450002000	302980
6480002000	231592
6510002000	431160
6540002000	305231
6570002000	229663
6600002000	277450
6630002000	293629
6660002000	250674
6690002000	256978
6720002000	435514
6750002000	420457
6780002000	388968
6810002000	398745
6840002000	234154
6870002000	338061
6900002000	277327
6930002000	301165
6960002000	382350
6990002000	243345
7020002000	295970
7050002000	266892
7080002000	760887
7110002000	317941
7140002000	333645
7170002000	272758
7200002000	394242
7230002000	342304
7260002000	310116
7290002000	320109
7320002000	262905
7350002000	319789
7380002000	415703
7410002000	267682
7440002000	290842
7470002000	401706
7500002000	362489
7530002000	267976
7560002000	284450
7590002000	344722
7620002000	382939
7650002000	329242
7680002000	417433
7710002000	382689
7740002000	372449
7770002000	282997
7800002000	315167
7830002000	378817
7860002000	313116
7890002000	390203
7920002000	221798
7950002000	237067
7980002000	338172
8010002000	393179
8040002000	315054
8070002000	282608
8100002000	217048
8130002000	334978
8160002000	246853
8190002000	271957
8220002000	371241
8250002000	263999
8280002000	406136
8310002000	406905
8340002000	248406
8370002000	238121
8400002000	378163
8430002000	221873
8460002000	416963
8490002000	387519
8520002000	282968
8550002000	356565
8580002000	318774
8610002000	306426
8640002000	407870
8670002000	251156
8700002000	228405
8730002000	437437
8760002000	402681
8790002000	431941
8820002000	334322
8850002000	248120
8880002000	366976
8910002000	289970
8940002000	258066
8970002000	291594
9000002000	361281
9030002000	411055
9060002000	231671
9090002000	399332
9120002000	396192
9150002000	289361
9180002000	242675
9210002000	297915
9240002000	411759
9270002000	350083
9300002000	261145
9330002000	459204
9360002000	396132
9390002000	331304
9420002000	229695
9450002000	316867
9480002000	286690
9510002000	435723
9540002000	244472
9570002000	338811
9600002000	313852
9630002000	342191
9660002000	309274
9690002000	244395
9720002000	252538
9750002000	234001
9780002000	299095
9810002000	424371
9840002000	413033
9870002000	328817
9900002000	311052
9930002000	246494
9960002000	311015
9990002000	464793
10020002000	1561497669
10050002000	1531497669
10080002000	1501497669
10110002000	1471497669
10140002000	1441497669
10170002000	1411497669
10200002000	1381497669
10230002000	1351497669
10260002000	1321497669
10290002000	1291497669
10320002000	1261497669
10350002000	1231497669
10380002000	1201497669
10410002000	1171497669
10440002000	1141497669
10470002000	1111497669
10500002000	1081497669
10530002000	1051497669
10560002000	1021497669
10590002000	991497669
10620002000	961497669
10650002000	931497669
10680002000	901497669
10710002000	871497669
10740002000	841497669
10770002000	811497669
10800002000	781497669
10830002000	751497669
10860002000	721497669
10890002000	691497669
10920002000	661497669
10950002000	631497669
10980002000	601497669
11010002000	571497669
11040002000	541497669
11070002000	511497669
11100002000	481497669
11130002000	451497669
11160002000	421497669
11190002000	391497669
11220002000	361497669
11250002000	449180619
11280002000	419180619
11310002000	389180619
11340002000	359180619
11370002000	329180619
11400002000	299180619
11430002000	269180619
11460002000	239180619
11490002000	209180619
11520002000	179180619
11550002000	149180619
11580002000	119180619
11610002000	128456798
11640002000	98456798
11670002000	68456798
11700002000	38456798
11730002000	20552887
11760002000	93562
11790002000	106243
11820002000	154174
11850002000	171362
11880002000	135760
11910002000	168232
11940002000	99266
11970002000	105301
12000002000	192471
12030002000	143119
12060002000	1919856
12090002000	147069
12120002000	207047
12150002000	220155
12180002000	195158
12210002000	99511
12240002000	236411
12270002000	120229
12300002000	192899
12330002000	218969
12360002000	156845
12390002000	232645
12420002000	153279
12450002000	109422
12480002000	195241
12510002000	132691
12540002000	113905
12570002000	188730
12600002000	149525
12630002000	238724
12660002000	205130
12690002000	220003
12720002000	237803
12750002000	152770
12780002000	168912
12810002000	129441
12840002000	183063
12870002000	189021
12900002000	120679
12930002000	181448
12960002000	211995
12990002000	124417
13020002000	145622
13050002000	184321
13080002000	178565
13110002000	801208
13140002000	227631
13170002000	203353
13200002000	205187
13230002000	177113
13260002000	235874
13290002000	183894
13320002000	186161
13350002000	170549
13380002000	90915
13410002000	237560
13440002000	214059
13470002000	149323
13500002000	150921
13530002000	169524
13560002000	175471
13590002000	250049
13620002000	225725
13650002000	174530
13680002000	242854
13710002000	238535
13740002000	192163
13770002000	202079
13800002000	183522
13830002000	142439
13860002000	207616
13890002000	225430
13920002000	199733
13950002000	242925
13980002000	93604
14010002000	221295
14040002000	164068
14070002000	224923
14100002000	210460
14130002000	234943
14160002000	238415
14190002000	110897
14220002000	216932
14250002000	126943
14280002000	169111
14310002000	200716
14340002000	115951
14370002000	231425
14400002000	175197
14430002000	165225
14460002000	192324
14490002000	254747
14520002000	144065
14550002000	216900
14580002000	239940
14610002000	228636
14640002000	174300
14670002000	237029
14700002000	163896
14730002000	215892
14760002000	184337
14790002000	87790
14820002000	100708
14850002000	179691
14880002000	210592
14910002000	193552
14940002000	158373
14970002000	179140
15000002000	136585
15030002000	247377
15060002000	113841
15090002000	157668
15120002000	132251
15150002000	186014
15180002000	185886
15210002000	218014
15240002000	239125
15270002000	176417
15300002000	99386
15330002000	175525
15360002000	200072
15390002000	217304
15420002000	182183
15450002000	223537
15480002000	168944
15510002000	98459
15540002000	166974
15570002000	297795
15600002000	119219
15630002000	211387
15660002000	219439
15690002000	211232
15720002000	233836
15750002000	238102
15780002000	228682
15810002000	125160
15840002000	140686
15870002000	174154
15900002000	99047
15930002000	211368
15960002000	222956
15990002000	257391
16020002000	169632
16050002000	207959
16080002000	132913
16110002000	183230
16140002000	143866
16170002000	109840
16200002000	215740
16230002000	187401
16260002000	239165
16290002000	214301
16320002000	148250
16350002000	113779
16380002000	230686
16410002000	184703
16440002000	93491
16470002000	177523
16500002000	112064
16530002000	213196
16560002000	160129
16590002000	151974
16620002000	173660
16650002000	227101
16680002000	171486
16710002000	124467
16740002000	156811
16770002000	113228
16800002000	209970
16830002000	250882
16860002000	208986
16890002000	169945
16920002000	182736
16950002000	197938
16980002000	148325
17010002000	224128
17040002000	1256165
17070002000	92680
17100002000	204588
17130002000	204024
17160002000	202083
17190002000	239827
17220002000	143201
17250002000	184170
17280002000	180601
17310002000	140148
17340002000	378608
17370002000	221223
17400002000	163749
17430002000	206484
17460002000	219662
17490002000	234244
17520002000	209926
17550002000	156426
17580002000	153838
17610002000	240659
17640002000	213358
17670002000	137087
17700002000	198960
17730002000	240501
17760002000	160181
17790002000	212628
17820002000	108883
17850002000	89872
17880002000	128636
17910002000	155789
17940002000	198272
17970002000	173715
18000002000	188593
18030002000	224609
18060002000	237665
18090002000	379623
18120002000	146599
18150002000	219225
18180002000	239702
18210002000	170726
18240002000	231680
18270002000	197890
18300002000	138061
18330002000	90184
18360002000	219625
18390002000	131462
18420002000	135106
18450002000	236896
18480002000	173669
18510002000	97798
18540002000	197460
18570002000	192869
18600002000	236701
18630002000	210756
18660002000	302181
18690002000	95709
18720002000	95058
18750002000	345519
18780002000	179494
18810002000	117112
18840002000	191216
18870002000	207255
18900002000	231653
18930002000	207948
18960002000	210917
18990002000	92937
19020002000	186871
19050002000	208140
19080002000	166532
19110002000	140984
19140002000	206608
19170002000	226139
19200002000	120067
19230002000	172405
19260002000	211942
19290002000	252250
19320002000	209063
19350002000	188608
19380002000	186994
19410002000	147899
19440002000	217011
19470002000	208443
19500002000	232607
19530002000	207560
19560002000	231896
19590002000	262497
19620002000	194136
19650002000	125458
19680002000	168587
19710002000	175815
19740002000	150229
19770002000	215521
19800002000	235350
19830002000	165511
19860002000	141577
19890002000	252250
19920002000	171474
19950002000	229235
19980002000	329381
20010002000	8359786
20040002000	6218534
20070002000	3381723
20100002000	6129260
20130002000	5410987
20160002000	2762193
20190002000	7962920
20220002000	6687145
20250002000	6504213
20280002000	5696334
20310002000	6621579
20340002000	7256756
20370002000	2528547
20400002000	3409369
20430002000	6200724
20460002000	3083640
20490002000	6175915
20520002000	6155312
20550002000	3053511
20580002000	5642259
20610002000	6660806
20640002000	4322635
20670002000	6117121
20700002000	5642856
20730002000	3687477
20760002000	8947989
20790002000	6292573
20820002000	3803410
20850002000	8547066
20880002000	9141766
20910002000	7842160
20940002000	5869218
20970002000	4155653
21000002000	7767191
21030002000	6499204
21060002000	676949
21090002000	413957
21120002000	314944
21150002000	410298
21180002000	294749
21210002000	440904
21240002000	387742
21270002000	417023
21300002000	406902
21330002000	306754
21360002000	321102
21390002000	422636
21420002000	347616
21450002000	275880
21480002000	218068
21510002000	342038
21540002000	418668
21570002000	479272
21600002000	374049
21630002000	238271
21660002000	274781
21690002000	430484
21720002000	393646
21750002000	252142
21780002000	296872
21810002000	267610
21840002000	232192
21870002000	333408
21900002000	218611
21930002000	231010
21960002000	342131
21990002000	234821
22020002000	220144
22050002000	232685
22080002000	256379
22110002000	250113
22140002000	413600
22170002000	424868
22200002000	408305
22230002000	335264
22260002000	228200
22290002000	405382
22320002000	277445
22350002000	294158
22380002000	378301
22410002000	399634
22440002000	393103
22470002000	262517
22500002000	346021
22530002000	345635
22560002000	241027
22590002000	429142
22620002000	343495
22650002000	392107
22680002000	220448
22710002000	346657
22740002000	386991
22770002000	235195
22800002000	293392
22830002000	386258
22860002000	422412
22890002000	272240
22920002000	244796
22950002000	484319
22980002000	403702
23010002000	247495
23040002000	325162
23070002000	2479355
23100002000	347647
23130002000	344360
23160002000	398453
23190002000	379988
23220002000	213800
23250002000	277939
23280002000	235354
23310002000	234573
23340002000	393161
23370002000	235265
23400002000	295931
23430002000	330661
23460002000	344065
23490002000	297143
23520002000	294796
23550002000	291430
23580002000	361517
23610002000	304131
23640002000	289999
23670002000	339308
23700002000	418993
23730002000	277941
23760002000	402690
23790002000	229227
23820002000	254910
23850002000	376108
23880002000	272670
23910002000	333312
23940002000	421216
23970002000	222823
24000002000	360543
24030002000	396483
24060002000	245619
24090002000	432674
24120002000	2055835
24150002000	395625
24180002000	341025
24210002000	246867
24240002000	216659
24270002000	194587
24300002000	239010
24330002000	353676
24360002000	361529
24390002000	425781
24420002000	373147
24450002000	414625
24480002000	296818
24510002000	407559
24540002000	229621
24570002000	450949
24600002000	406734
24630002000	348469
24660002000	372593
24690002000	234825
24720002000	236774
24750002000	381453
24780002000	312078
24810002000	300293
24840002000	414280
24870002000	362082
24900002000	358406
24930002000	434979
24960002000	429452
24990002000	386098
25020002000	303556
25050002000	365156
25080002000	410236
25110002000	316573
25140002000	323172
25170002000	1354125
25200002000	253439
25230002000	414767
25260002000	384994
25290002000	301941
25320002000	340783
25350002000	394130
25380002000	243896
25410002000	326034
25440002000	263086
25470002000	408744
25500002000	228177
25530002000	434518
25560002000	417185
25590002000	384586
25620002000	311657
25650002000	293909
25680002000	295339
25710002000	251669
25740002000	400290
25770002000	325076
25800002000	362014
25830002000	335360
25860002000	404410
25890002000	406421
25920002000	281878
25950002000	408133
25980002000	292787
26010002000	397109
26040002000	388092
26070002000	312302
26100002000	255005
26130002000	306553
26160002000	296176
26190002000	409539
26220002000	616951
26250002000	273624
26280002000	277054
26310002000	286881
26340002000	264564
26370002000	1631986
26400002000	392774
26430002000	497098
26460002000	405475
26490002000	400171
26520002000	256247
26550002000	258878
26580002000	365259
26610002000	260343
26640002000	427666
26670002000	341256
26700002000	246542
26730002000	233286
26760002000	403689
26790002000	221954
26820002000	364069
26850002000	395240
26880002000	280183
26910002000	363193
26940002000	222965
26970002000	316522
27000002000	402945
27030002000	279406
27060002000	379311
27090002000	245045
27120002000	287972
27150002000	413044
27180002000	368328
27210002000	378711
27240002000	275256
27270002000	267592
27300002000	332201
27330002000	428924
27360002000	242448
27390002000	397157
27420002000	326342
27450002000	440430
27480002000	362825
27510002000	444375
27540002000	253466
27570002000	367287
27600002000	390572
27630002000	332268
27660002000	330613
27690002000	437552
27720002000	366438
27750002000	363844
27780002000	252978
27810002000	285245
27840002000	410828
27870002000	429907
27900002000	330905
27930002000	255935
27960002000	3812297
27990002000	446027
28020002000	319088
28050002000	1568709
28080002000	457903
28110002000	463978
28140002000	289939
28170002000	370624
28200002000	309466
28230002000	429649
28260002000	339333
28290002000	445190
28320002000	235923
28350002000	390419
28380002000	226200
28410002000	340300
28440002000	386204
28470002000	250076
28500002000	410488
28530002000	276226
28560002000	385850
28590002000	414896
28620002000	385615
28650002000	266934
28680002000	321401
28710002000	429079
28740002000	353466
28770002000	322122
28800002000	345802
28830002000	338130
28860002000	380246
28890002000	305754
28920002000	277681
28950002000	386905
28980002000	363929
29010002000	235070
29040002000	270390
29070002000	230586
29100002000	764165
29130002000	257092
29160002000	363460
29190002000	258891
29220002000	330305
29250002000	405704
29280002000	252895
29310002000	275628
29340002000	215327
29370002000	330578
29400002000	350731
29430002000	338126
29460002000	282318
29490002000	341384
29520002000	263474
29550002000	521136
29580002000	343470
29610002000	241551
29640002000	274475
29670002000	219323
29700002000	296276
29730002000	354341
29760002000	397080
29790002000	326449
29820002000	413802
29850002000	396732
29880002000	265766
29910002000	411598
29940002000	392197
29970002000	297252
