1250	2946955
30001250	17476270
60001250	20089205
90001250	17663730
120001250	11226223
150001250	8185942
180001250	10078205
210001250	8418383
240001250	5356047
270001250	5587447
300001250	4956119
330001250	9294411
360001250	5586602
390001250	4996356
420001250	4362340
450001250	5574541
480001250	3328264
510001250	5284948
540001250	6041946
570001250	4793218
600001250	5627893
630001250	5190777
660001250	9343208
690001250	5862334
720001250	6134386
750001250	5991838
780001250	3645121
810001250	3357666
840001250	5355493
870001250	5662915
900001250	3903955
930001250	4315929
960001250	3865624
990001250	7852675
1020001250	7360676
1050001250	5615920
1080001250	3980883
1110001250	5059516
1140001250	5951195
1170001250	5433836
1200001250	3369868
1230001250	5720473
1260001250	5442817
1290001250	4091161
1320001250	9014276
1350001250	3804437
1380001250	4934432
1410001250	3618212
1440001250	4385038
1470001250	4665681
1500001250	4446258
1530001250	4430209
1560001250	5510140
1590001250	5446771
1620001250	5034865
1650001250	7488646
1680001250	6167852
1710001250	5434736
1740001250	4574123
1770001250	4508134
1800001250	3936394
1830001250	3561678
1860001250	5445527
1890001250	5255793
1920001250	4529597
1950001250	3646895
1980001250	7181753
2010001250	5967984
2040001250	4509324
2070001250	5933744
2100001250	5409482
2130001250	4773222
2160001250	4414302
2190001250	4460963
2220001250	5576629
2250001250	4561053
2280001250	3123123
2310001250	7021783
2340001250	4311896
2370001250	4313496
2400001250	4663314
2430001250	3736529
2460001250	3894079
2490001250	6309684
2520001250	4588378
2550001250	4380456
2580001250	4022871
2610001250	5575765
2640001250	7419256
2670001250	4715827
2700001250	3608922
2730001250	5372338
2760001250	4790294
2790001250	6368241
2820001250	4451801
2850001250	5581019
2880001250	5640934
2910001250	5393058
2940001250	4891316
2970001250	8393215
3000001250	5080471
3030001250	4794585
3060001250	5511796
3090001250	5526620
3120001250	4228964
3150001250	6513404
3180001250	5729357
3210001250	4653631
3240001250	5055773
3270001250	4642769
3300001250	5123566
3330001250	5969228
3360001250	5730399
3390001250	3428582
3420001250	2982550
3450001250	5010274
3480001250	6368931
3510001250	4382343
3540001250	4386272
3570001250	3422313
3600001250	5370043
3630001250	6743753
3660001250	6798616
3690001250	3555159
3720001250	5433080
3750001250	3024968
3780001250	6416316
3810001250	3668817
3840001250	4675503
3870001250	4468176
3900001250	3801090
3930001250	5644944
3960001250	7453766
3990001250	6251173
4020001250	4622553
4050001250	4293292
4080001250	3224601
4110001250	6235554
4140001250	3362665
4170001250	5068225
4200001250	3937360
4230001250	4045538
4260001250	3506927
4290001250	5589007
4320001250	4521966
4350001250	3288515
4380001250	3817244
4410001250	3349992
4440001250	3947889
4470001250	3659861
4500001250	4192772
4530001250	3388519
4560001250	5385095
4590001250	7141136
4620001250	7467918
4650001250	5793385
4680001250	4181971
4710001250	5283702
4740001250	4657449
4770001250	5734504
4800001250	5109709
4830001250	4942659
4860001250	4233888
4890001250	3110537
4920001250	9290999
4950001250	4415260
4980001250	5751256
5010001250	13866669
5040001250	9694938
5070001250	12614746
5100001250	14438636
5130001250	11220539
5160001250	8058088
5190001250	5296886
5220001250	6582677
5250001250	8655105
5280001250	5841637
5310001250	5078018
5340001250	3595332
5370001250	3210026
5400001250	4834367
5430001250	6177481
5460001250	4548193
5490001250	4131614
5520001250	2988692
5550001250	4596056
5580001250	4898380
5610001250	3857260
5640001250	5307897
5670001250	3442704
5700001250	4300884
5730001250	3578022
5760001250	5993470
5790001250	4411121
5820001250	4402245
5850001250	9097753
5880001250	10907448
5910001250	20847861
5940001250	10700236
5970001250	14649151
6000001250	11831011
6030001250	9405085
6060001250	7578205
6090001250	8014273
6120001250	4456177
6150001250	6626412
6180001250	7875820
6210001250	5577161
6240001250	8961691
6270001250	8485858
6300001250	4051701
6330001250	5368659
6360001250	5535064
6390001250	4727067
6420001250	6348348
6450001250	4684077
6480001250	5449315
6510001250	5595668
6540001250	5185187
6570001250	7724238
6600001250	6011511
6630001250	5943152
6660001250	4062882
6690001250	6731752
6720001250	4976651
6750001250	6466308
6780001250	4956699
6810001250	6178835
6840001250	7094770
6870001250	3725035
6900001250	6808590
6930001250	5646974
6960001250	5025883
6990001250	5918650
7020001250	5015287
7050001250	5456632
7080001250	5655943
7110001250	6979476
7140001250	7386902
7170001250	6998286
7200001250	7567523
7230001250	8563167
7260001250	6215624
7290001250	4911407
7320001250	5657897
7350001250	4833905
7380001250	6190670
7410001250	5921725
7440001250	7019016
7470001250	6778500
7500001250	5589997
7530001250	5186471
7560001250	6581374
7590001250	5104517
7620001250	4848705
7650001250	6431415
7680001250	6713153
7710001250	7150649
7740001250	7729711
7770001250	5715255
7800001250	6628391
7830001250	6564714
7860001250	5820416
7890001250	6799343
7920001250	8542187
7950001250	7091336
7980001250	4202451
8010001250	7055804
8040001250	5726210
8070001250	5689020
8100001250	7262315
8130001250	4271796
8160001250	4063048
8190001250	4481436
8220001250	7489411
8250001250	5052070
8280001250	7761501
8310001250	4367812
8340001250	6999838
8370001250	6404458
8400001250	13831378
8430001250	21492268
8460001250	13239558
8490001250	11252343
8520001250	12808465
8550001250	7746958
8580001250	10452415
8610001250	7317094
8640001250	5216911
8670001250	4239585
8700001250	6413303
8730001250	7401925
8760001250	5318002
8790001250	5845632
8820001250	6309116
8850001250	8989278
8880001250	4945533
8910001250	6481048
8940001250	5321099
8970001250	6755166
9000001250	7306414
9030001250	7935247
9060001250	7074272
9090001250	4378100
9120001250	4359618
9150001250	4756790
9180001250	8519909
9210001250	5541419
9240001250	7884780
9270001250	6645669
9300001250	7474847
9330001250	7383266
9360001250	8392981
9390001250	7621705
9420001250	4756772
9450001250	5491536
9480001250	5549537
9510001250	10477281
9540001250	6298595
9570001250	7603361
9600001250	5856994
9630001250	6615297
9660001250	6388074
9690001250	8655976
9720001250	4387625
9750001250	6781850
9780001250	4465702
9810001250	5353977
9840001250	6492314
9870001250	6740852
9900001250	7385542
9930001250	5238501
9960001250	5792626
9990001250	5566374
10020001250	1993759864
10050001250	1963759864
10080001250	1933759864
10110001250	1903759864
10140001250	1873759864
10170001250	1843759864
10200001250	1813759864
10230001250	1783759864
10260001250	1753759864
10290001250	1723759864
10320001250	1693759864
10350001250	1663759864
10380001250	1633759864
10410001250	1603759864
10440001250	1573759864
10470001250	1543759864
10500001250	1513759864
10530001250	1483759864
10560001250	1453759864
10590001250	1423759864
10620001250	1393759864
10650001250	1363759864
10680001250	1333759864
10710001250	1303759864
10740001250	1273759864
10770001250	1243759864
10800001250	1213759864
10830001250	1183759864
10860001250	1153759864
10890001250	1123759864
10920001250	1093759864
10950001250	1063759864
10980001250	1033759864
11010001250	1003759864
11040001250	973759864
11070001250	943759864
11100001250	913759864
11130001250	883759864
11160001250	853759864
11190001250	823759864
11220001250	793759864
11250001250	763759864
11280001250	733759864
11310001250	703759864
11340001250	1078864696
11370001250	1048864696
11400001250	1018864696
11430001250	988864696
11460001250	958864696
11490001250	928864696
11520001250	898864696
11550001250	868864696
11580001250	838864696
11610001250	808864696
11640001250	778864696
11670001250	748864696
11700001250	718864696
11730001250	688864696
11760001250	658864696
11790001250	628864696
11820001250	598864696
11850001250	568864696
11880001250	538864696
11910001250	508864696
11940001250	478864696
11970001250	448864696
12000001250	418864696
12030001250	635449105
12060001250	605449105
12090001250	575449105
12120001250	545449105
12150001250	515449105
12180001250	485449105
12210001250	455449105
12240001250	425449105
12270001250	395449105
12300001250	365449105
12330001250	335449105
12360001250	305449105
12390001250	275449105
12420001250	245449105
12450001250	357820546
12480001250	327820546
12510001250	297820546
12540001250	267820546
12570001250	237820546
12600001250	207820546
12630001250	177820546
12660001250	147820546
12690001250	201092612
12720001250	171092612
12750001250	141092612
12780001250	111092612
12810001250	81092612
12840001250	100808838
12870001250	70808838
12900001250	68841257
12930001250	38841257
12960001250	25368873
12990001250	11232908
13020001250	538210
13050001250	535919
13080001250	297781
13110001250	2327626
13140001250	422930
13170001250	535709
13200001250	317015
13230001250	487981
13260001250	397821
13290001250	429428
13320001250	479097
13350001250	509097
13380001250	366849
13410001250	375060
13440001250	1452530
13470001250	555838
13500001250	365809
13530001250	376826
13560001250	558984
13590001250	602239
13620001250	333607
13650001250	444448
13680001250	300268
13710001250	399445
13740001250	532012
13770001250	831324
13800001250	534065
13830001250	407234
13860001250	393537
13890001250	298471
13920001250	318544
13950001250	441196
13980001250	471502
14010001250	451753
14040001250	503849
14070001250	602210
14100001250	327192
14130001250	367054
14160001250	387151
14190001250	438542
14220001250	420920
14250001250	244918
14280001250	499552
14310001250	461714
14340001250	350329
14370001250	548755
14400001250	372598
14430001250	479490
14460001250	504884
14490001250	363197
14520001250	414072
14550001250	1317239
14580001250	350653
14610001250	555086
14640001250	282071
14670001250	551626
14700001250	478166
14730001250	285455
14760001250	418677
14790001250	333690
14820001250	302533
14850001250	332304
14880001250	427782
14910001250	1743491
14940001250	343401
14970001250	437710
15000001250	234115
15030001250	284293
15060001250	429332
15090001250	290120
15120001250	355699
15150001250	446531
15180001250	551319
15210001250	427931
15240001250	920156
15270001250	382560
15300001250	463651
15330001250	333080
15360001250	380863
15390001250	467499
15420001250	480286
15450001250	299640
15480001250	510652
15510001250	425246
15540001250	260775
15570001250	654737
15600001250	552439
15630001250	481923
15660001250	509908
15690001250	393683
15720001250	487574
15750001250	441792
15780001250	391502
15810001250	280673
15840001250	373057
15870001250	519668
15900001250	443088
15930001250	529231
15960001250	494927
15990001250	535973
16020001250	402067
16050001250	232667
16080001250	531258
16110001250	488580
16140001250	558669
16170001250	568522
16200001250	284674
16230001250	426552
16260001250	370887
16290001250	305503
16320001250	307597
16350001250	538518
16380001250	488265
16410001250	329644
16440001250	302465
16470001250	607894
16500001250	341068
16530001250	442922
16560001250	507916
16590001250	374542
16620001250	310899
16650001250	546969
16680001250	344138
16710001250	421467
16740001250	505690
16770001250	354783
16800001250	506253
16830001250	462518
16860001250	531127
16890001250	404749
16920001250	345830
16950001250	323354
16980001250	318921
17010001250	425576
17040001250	3358636
17070001250	293649
17100001250	237414
17130001250	550040
17160001250	458427
17190001250	415242
17220001250	444113
17250001250	477322
17280001250	491738
17310001250	462223
17340001250	404512
17370001250	1691891
17400001250	584620
17430001250	383044
17460001250	303951
17490001250	371525
17520001250	396345
17550001250	380969
17580001250	400506
17610001250	541155
17640001250	558652
17670001250	205313
17700001250	1435938
17730001250	435485
17760001250	449613
17790001250	313243
17820001250	313303
17850001250	513761
17880001250	377176
17910001250	256988
17940001250	470531
17970001250	278028
18000001250	535690
18030001250	660007
18060001250	407591
18090001250	338078
18120001250	379143
18150001250	396802
18180001250	393514
18210001250	380041
18240001250	472363
18270001250	434751
18300001250	378041
18330001250	412445
18360001250	320524
18390001250	307639
18420001250	346252
18450001250	378345
18480001250	388004
18510001250	565569
18540001250	446092
18570001250	337044
18600001250	346597
18630001250	325310
18660001250	506118
18690001250	370414
18720001250	375285
18750001250	419909
18780001250	505033
18810001250	481008
18840001250	539835
18870001250	286653
18900001250	370875
18930001250	565716
18960001250	12409136
18990001250	440324
19020001250	521170
19050001250	469373
19080001250	296945
19110001250	421153
19140001250	458778
19170001250	1503411
19200001250	504372
19230001250	327021
19260001250	309853
19290001250	558697
19320001250	399034
19350001250	298552
19380001250	331909
19410001250	323836
19440001250	403056
19470001250	344403
19500001250	686119
19530001250	336414
19560001250	557756
19590001250	346700
19620001250	560865
19650001250	345674
19680001250	465681
19710001250	477160
19740001250	468401
19770001250	451437
19800001250	392303
19830001250	463390
19860001250	339949
19890001250	323387
19920001250	413554
19950001250	467010
19980001250	390205
20010001250	14437469
20040001250	8634361
20070001250	9479375
20100001250	7153337
20130001250	7900521
20160001250	7744358
20190001250	11948477
20220001250	10921953
20250001250	5414982
20280001250	9226517
20310001250	11907333
20340001250	12912064
20370001250	9993592
20400001250	6654435
20430001250	13089674
20460001250	11334879
20490001250	11650687
20520001250	11984278
20550001250	12569335
20580001250	14260647
20610001250	15622755
20640001250	7900363
20670001250	27872597
20700001250	26196671
20730001250	21275709
20760001250	13698046
20790001250	15345466
20820001250	14810632
20850001250	16558169
20880001250	14229018
20910001250	13837050
20940001250	11338452
20970001250	12508345
21000001250	15896949
21030001250	19576634
21060001250	19314709
21090001250	9907725
21120001250	12267266
21150001250	13632861
21180001250	18118899
21210001250	19060189
21240001250	10547923
21270001250	15301256
21300001250	18198857
21330001250	14631566
21360001250	23303828
21390001250	17521428
21420001250	22154578
21450001250	17173799
21480001250	13625117
21510001250	24213030
21540001250	20111853
21570001250	16035582
21600001250	24918672
21630001250	23375698
21660001250	25094184
21690001250	24918387
21720001250	24313860
21750001250	23389653
21780001250	22496668
21810001250	24328357
21840001250	25705263
21870001250	33823351
21900001250	34286793
21930001250	32639343
21960001250	33347775
21990001250	32930800
22020001250	33049972
22050001250	28690143
22080001250	48721718
22110001250	43830503
22140001250	36911905
22170001250	31583810
22200001250	22624737
22230001250	36443696
22260001250	28986203
22290001250	43211957
22320001250	33762048
22350001250	26521096
22380001250	38239216
22410001250	27278502
22440001250	38249567
22470001250	31554770
22500001250	21456687
22530001250	33847001
22560001250	26185349
22590001250	38262208
22620001250	29121899
22650001250	24297220
22680001250	40734318
22710001250	32542590
22740001250	27231768
22770001250	44394138
22800001250	37826085
22830001250	33811691
22860001250	27121886
22890001250	47610801
22920001250	44751197
22950001250	42605754
22980001250	42709868
23010001250	40119570
23040001250	40717733
23070001250	38644207
23100001250	39676289
23130001250	39970242
23160001250	43746961
23190001250	45056444
23220001250	49699189
23250001250	51552036
23280001250	54194327
23310001250	53654873
23340001250	50901135
23370001250	46030146
23400001250	39209169
23430001250	30509508
23460001250	21668361
23490001250	28085919
23520001250	29046150
23550001250	25385347
23580001250	17933246
23610001250	20989096
23640001250	10405856
23670001250	12627789
23700001250	10372014
23730001250	9332287
23760001250	11319220
23790001250	7633843
23820001250	5222657
23850001250	4658054
23880001250	6517039
23910001250	4002742
23940001250	9038249
23970001250	8486229
24000001250	5833555
24030001250	5945053
24060001250	4483563
24090001250	7864981
24120001250	5093486
24150001250	7872345
24180001250	5593990
24210001250	4180108
24240001250	5933240
24270001250	7662634
24300001250	7354191
24330001250	8067343
24360001250	6835729
24390001250	4146636
24420001250	7365728
24450001250	4963146
24480001250	4781033
24510001250	4278829
24540001250	7200524
24570001250	4772933
24600001250	6499520
24630001250	5323725
24660001250	5601619
24690001250	5037477
24720001250	8012094
24750001250	9116081
24780001250	6168005
24810001250	4910269
24840001250	6684627
24870001250	7746040
24900001250	5285327
24930001250	7834729
24960001250	6206836
24990001250	6377223
25020001250	5156313
25050001250	7002760
25080001250	7708172
25110001250	4503082
25140001250	7802878
25170001250	5866124
25200001250	5004390
25230001250	9012405
25260001250	7943136
25290001250	6589966
25320001250	6635777
25350001250	5655591
25380001250	4004755
25410001250	4784426
25440001250	5973270
25470001250	5340295
25500001250	7207878
25530001250	4577847
25560001250	6506021
25590001250	9369309
25620001250	7061619
25650001250	6474149
25680001250	4617951
25710001250	7576595
25740001250	5343483
25770001250	6662448
25800001250	5771672
25830001250	7463779
25860001250	4581545
25890001250	7533349
25920001250	8934307
25950001250	6399232
25980001250	6641555
26010001250	5869400
26040001250	4537890
26070001250	7104917
26100001250	8094912
26130001250	7299335
26160001250	5659407
26190001250	4094877
26220001250	9859443
26250001250	6945024
26280001250	5128635
26310001250	8084083
26340001250	7632144
26370001250	6971365
26400001250	7581940
26430001250	5208169
26460001250	9067793
26490001250	5352025
26520001250	4247674
26550001250	5874285
26580001250	7390599
26610001250	4396712
26640001250	7168898
26670001250	4901450
26700001250	7877809
26730001250	6458129
26760001250	6369318
26790001250	4561882
26820001250	6051557
26850001250	7152048
26880001250	9756683
26910001250	5605298
26940001250	6929668
26970001250	5915505
27000001250	7620045
27030001250	4743533
27060001250	7025730
27090001250	6956241
27120001250	5638985
27150001250	4260985
27180001250	6706689
27210001250	7467638
27240001250	8564943
27270001250	5830645
27300001250	5802826
27330001250	4259453
27360001250	5833702
27390001250	8664301
27420001250	4460441
27450001250	7627400
27480001250	6037542
27510001250	7594383
27540001250	7055838
27570001250	7195794
27600001250	8468381
27630001250	7284912
27660001250	4714205
27690001250	6709074
27720001250	5957365
27750001250	6530396
27780001250	13789590
27810001250	21761846
27840001250	19901132
27870001250	20974292
27900001250	19446941
27930001250	14746473
27960001250	17026211
27990001250	13888096
28020001250	15009973
28050001250	12716642
28080001250	5940864
28110001250	5789143
28140001250	7936102
28170001250	8445515
28200001250	7521621
28230001250	9185389
28260001250	6929408
28290001250	6746892
28320001250	5094779
28350001250	8753994
28380001250	6095126
28410001250	5437021
28440001250	6974116
28470001250	4260474
28500001250	4832696
28530001250	5303209
28560001250	4618457
28590001250	4894392
28620001250	6966457
28650001250	3890965
28680001250	6693789
28710001250	4411362
28740001250	4315904
28770001250	6738146
28800001250	4401241
28830001250	5659131
28860001250	8040774
28890001250	7753275
28920001250	4585261
28950001250	7829633
28980001250	5314789
29010001250	5244489
29040001250	6940426
29070001250	6327142
29100001250	4399406
29130001250	5759637
29160001250	6483578
29190001250	9925635
29220001250	8843840
29250001250	30957624
29280001250	18945642
29310001250	23978753
29340001250	27317102
29370001250	27219802
29400001250	23018111
29430001250	15660776
29460001250	14554197
29490001250	8529466
29520001250	12026350
29550001250	9299971
29580001250	7707674
29610001250	6942859
29640001250	8000270
29670001250	6279170
29700001250	5623294
29730001250	6690571
29760001250	5638572
29790001250	7598010
29820001250	6411483
29850001250	9871530
29880001250	7731297
29910001250	7703207
29940001250	6379501
29970001250	7720350
