1428	90903391
29989428	60915391
59977428	78708644
89965428	48720644
119953428	58248935
149941428	60236547
179929428	56079441
209917428	26091441
239905428	33275981
269893428	16009166
299881428	10762836
329869428	3226217
359857428	2358124
389845428	3270287
419833428	2365333
449821428	2967525
479809428	1956203
509797428	3102461
539785428	2484715
569773428	3487665
599761428	2230498
629749428	2595263
659737428	2931042
689725428	2142855
719713428	1574153
749701428	4886263
779689428	2812032
809677428	1588722
839665428	2044242
869653428	2861527
899641428	3457566
929629428	2827284
959617428	3030596
989605428	2004938
1019593428	2866043
1049581428	2332787
1079569428	1700869
1109557428	2240989
1139545428	3003244
1169533428	1707164
1199521428	2070108
1229509428	2496974
1259497428	1708289
1289485428	2302495
1319473428	3423581
1349461428	1731094
1379449428	2083131
1409437428	2158469
1439425428	2940665
1469413428	1859567
1499401428	5637693
1529389428	2498820
1559377428	2940475
1589365428	1876994
1619353428	2439590
1649341428	2869346
1679329428	1583451
1709317428	1785906
1739305428	2210766
1769293428	3015191
1799281428	1962228
1829269428	2835837
1859257428	1802773
1889245428	2614051
1919233428	2836262
1949221428	1561707
1979209428	2164102
2009197428	2715915
2039185428	1844383
2069173428	2919607
2099161428	1596470
2129149428	1812817
2159137428	2052236
2189125428	2099650
2219113428	2907961
2249101428	5958041
2279089428	2025301
2309077428	2211701
2339065428	2279189
2369053428	2646276
2399041428	2174008
2429029428	2093345
2459017428	2096973
2489005428	2223868
2518993428	2564784
2548981428	1752404
2578969428	2524119
2608957428	1646240
2638945428	2266079
2668933428	2402261
2698921428	2846710
2728909428	1698999
2758897428	2675884
2788885428	1721726
2818873428	2670183
2848861428	2332430
2878849428	2878165
2908837428	2183984
2938825428	2906685
2968813428	1762372
2998801428	4019105
3028789428	2336736
3058777428	2547110
3088765428	3023110
3118753428	1996089
3148741428	2601552
3178729428	1650483
3208717428	1923846
3238705428	2153916
3268693428	2564400
3298681428	2933736
3328669428	2041259
3358657428	2703370
3388645428	3472207
3418633428	2906045
3448621428	2543221
3478609428	1551309
3508597428	2034521
3538585428	2578969
3568573428	2161873
3598561428	1758656
3628549428	2158041
3658537428	2702618
3688525428	1697603
3718513428	2157641
3748501428	3601605
3778489428	2397690
3808477428	2632967
3838465428	2873423
3868453428	1999794
3898441428	3396474
3928429428	1945143
3958417428	2397034
3988405428	1882971
4018393428	2224448
4048381428	2813807
4078369428	2028244
4108357428	2533871
4138345428	2081991
4168333428	1754320
4198321428	2312521
4228309428	2744738
4258297428	1757317
4288285428	7799354
4318273428	9204775
4348261428	9525860
4378249428	4603148
4408237428	4689354
4438225428	3305297
4468213428	2204790
4498201428	4876073
4528189428	2732756
4558177428	1991064
4588165428	2041996
4618153428	2000835
4648141428	1749834
4678129428	2944185
4708117428	2185054
4738105428	2511019
4768093428	1512572
4798081428	2371007
4828069428	1783510
4858057428	2926538
4888045428	3005392
4918033428	2534913
4948021428	1547276
4978009428	2173972
5007997428	2834349
5037985428	2156324
5067973428	1834309
5097961428	2804095
5127949428	1535101
5157937428	4731212
5187925428	3731142
5217913428	3740189
5247901428	6105877
5277889428	1893513
5307877428	2767908
5337865428	2820507
5367853428	2229010
5397841428	3649309
5427829428	1700720
5457817428	2550433
5487805428	2265127
5517793428	1555437
5547781428	3044136
5577769428	2392941
5607757428	2890815
5637745428	2869851
5667733428	2366844
5697721428	3049808
5727709428	2145093
5757697428	2739390
5787685428	1936059
5817673428	1895861
5847661428	2972760
5877649428	1907743
5907637428	2348371
5937625428	1897191
5967613428	2513520
5997601428	3933271
6027589428	2005533
6057577428	2314669
6087565428	2675732
6117553428	1616063
6147541428	1966823
6177529428	3831666
6207517428	2786634
6237505428	1864904
6267493428	2164681
6297481428	2806163
6327469428	2404424
6357457428	2960533
6387445428	2599196
6417433428	1684910
6447421428	1991033
6477409428	2387515
6507397428	3044651
6537385428	2122124
6567373428	2039874
6597361428	2865000
6627349428	1792088
6657337428	2483182
6687325428	2767223
6717313428	1785943
6747301428	3052528
6777289428	2495772
6807277428	3011113
6837265428	2114421
6867253428	2951766
6897241428	2051629
6927229428	2747817
6957217428	2418114
6987205428	2779291
7017193428	3006508
7047181428	1955323
7077169428	2525701
7107157428	1615603
7137145428	2435420
7167133428	1728770
7197121428	2227228
7227109428	2845114
7257097428	1536302
7287085428	1745342
7317073428	3246147
7347061428	2529003
7377049428	1619525
7407037428	1825565
7437025428	2911703
7467013428	2197391
7497001428	4447219
7526989428	1934233
7556977428	2068634
7586965428	2492014
7616953428	1564982
7646941428	2087249
7676929428	2781441
7706917428	1919323
7736905428	2248651
7766893428	2823790
7796881428	1748727
7826869428	2727885
7856857428	2003388
7886845428	2049763
7916833428	1575469
7946821428	2257038
7976809428	2881324
8006797428	1909918
8036785428	2417649
8066773428	2771591
8096761428	2028971
8126749428	2500237
8156737428	1607122
8186725428	2296623
8216713428	1576429
8246701428	4350090
8276689428	2627358
8306677428	3025872
8336665428	1656643
8366653428	2205104
8396641428	1552345
8426629428	4313066
8456617428	2137254
8486605428	2353507
8516593428	2446738
8546581428	13965181
8576569428	10207025
8606557428	3044525
8636545428	2272750
8666533428	2064055
8696521428	2662014
8726509428	1861693
8756497428	2640742
8786485428	2016704
8816473428	2513496
8846461428	1796208
8876449428	2223639
8906437428	2905200
8936425428	2549128
8966413428	1592874
8996401428	2491892
9026389428	2858645
9056377428	1546258
9086365428	2210067
9116353428	2983014
9146341428	2254038
9176329428	4071757
9206317428	2291079
9236305428	2555451
9266293428	1770072
9296281428	2510900
9326269428	1661138
9356257428	2595018
9386245428	5086636
9416233428	3117682
9446221428	2852361
9476209428	2107885
9506197428	2710120
9536185428	2274644
9566173428	2473469
9596161428	1683062
9626149428	2025837
9656137428	2855281
9686125428	2103339
9716113428	2789860
9746101428	2381588
9776089428	2277411
9806077428	2796699
9836065428	1979379
9866053428	2179455
9896041428	3011796
9926029428	3203320
9956017428	2787198
9986005428	1699939
10015993428	4383214632
10045981428	4353226632
10075969428	4323238632
10105957428	4293250632
10135945428	4263262632
10165933428	4233274632
10195921428	4203286632
10225909428	4173298632
10255897428	4143310632
10285885428	4113322632
10315873428	4083334632
10345861428	4053346632
10375849428	4023358632
10405837428	3993370632
10435825428	3963382632
10465813428	3933394632
10495801428	3903406632
10525789428	3873418632
10555777428	3843430632
10585765428	3813442632
10615753428	3783454632
10645741428	3753466632
10675729428	3723478632
10705717428	3693490632
10735705428	3663502632
10765693428	3633514632
10795681428	3603526632
10825669428	3573538632
10855657428	3543550632
10885645428	3513562632
10915633428	3483574632
10945621428	3453586632
10975609428	3423598632
11005597428	3393610632
11035585428	3363622632
11065573428	3333634632
11095561428	3303646632
11125549428	3273658632
11155537428	3243670632
11185525428	3213682632
11215513428	3183694632
11245501428	3153706632
11275489428	3123718632
11305477428	3093730632
11335465428	3063742632
11365453428	3033754632
11395441428	3003766632
11425429428	2973778632
11455417428	2943790632
11485405428	2913802632
11515393428	2883814632
11545381428	2853826632
11575369428	2823838632
11605357428	2793850632
11635345428	2763862632
11665333428	2733874632
11695321428	2703886632
11725309428	2673898632
11755297428	2643910632
11785285428	2613922632
11815273428	2583934632
11845261428	2553946632
11875249428	2523958632
11905237428	2493970632
11935225428	2463982632
11965213428	2433994632
11995201428	2404006632
12025189428	2374018632
12055177428	2344030632
12085165428	2314042632
12115153428	2284054632
12145141428	2254066632
12175129428	2224078632
12205117428	2194090632
12235105428	2164102632
12265093428	2134114632
12295081428	2104126632
12325069428	2074138632
12355057428	2044150632
12385045428	2014162632
12415033428	1984174632
12445021428	1954186632
12475009428	1924198632
12504997428	1894210632
12534985428	1864222632
12564973428	1834234632
12594961428	1804246632
12624949428	1774258632
12654937428	1744270632
12684925428	1714282632
12714913428	1684294632
12744901428	1654306632
12774889428	1624318632
12804877428	1594330632
12834865428	1564342632
12864853428	1534354632
12894841428	1504366632
12924829428	1474378632
12954817428	1444390632
12984805428	1414402632
13014793428	1384414632
13044781428	2029925981
13074769428	1999937981
13104757428	1969949981
13134745428	1939961981
13164733428	1909973981
13194721428	1879985981
13224709428	1849997981
13254697428	1820009981
13284685428	1790021981
13314673428	1760033981
13344661428	1730045981
13374649428	1700057981
13404637428	1670069981
13434625428	1640081981
13464613428	1610093981
13494601428	1580105981
13524589428	1550117981
13554577428	1520129981
13584565428	1490141981
13614553428	1460153981
13644541428	1430165981
13674529428	1400177981
13704517428	1370189981
13734505428	1340201981
13764493428	1310213981
13794481428	1280225981
13824469428	1250237981
13854457428	1220249981
13884445428	1190261981
13914433428	1160273981
13944421428	1130285981
13974409428	1100297981
14004397428	1070309981
14034385428	1040321981
14064373428	1010333981
14094361428	980345981
14124349428	950357981
14154337428	920369981
14184325428	890381981
14214313428	860393981
14244301428	830405981
14274289428	800417981
14304277428	770429981
14334265428	740441981
14364253428	710453981
14394241428	680465981
14424229428	982122447
14454217428	952134447
14484205428	922146447
14514193428	892158447
14544181428	862170447
14574169428	832182447
14604157428	802194447
14634145428	772206447
14664133428	742218447
14694121428	712230447
14724109428	682242447
14754097428	652254447
14784085428	622266447
14814073428	592278447
14844061428	562290447
14874049428	532302447
14904037428	502314447
14934025428	472326447
14964013428	442338447
14994001428	412350447
15023989428	382362447
15053977428	352374447
15083965428	322386447
15113953428	458424612
15143941428	428436612
15173929428	398448612
15203917428	368460612
15233905428	338472612
15263893428	308484612
15293881428	278496612
15323869428	248508612
15353857428	218520612
15383845428	188532612
15413833428	241675362
15443821428	211687362
15473809428	181699362
15503797428	151711362
15533785428	121723362
15563773428	91735362
15593761428	103764824
15623749428	73776824
15653737428	43788824
15683725428	33974145
15713713428	14027955
15743701428	690588
15773689428	178083
15803677428	251430
15833665428	281644
15863653428	242240
15893641428	368678
15923629428	424559
15953617428	426109
15983605428	373665
16013593428	437665
16043581428	135506
16073569428	260151
16103557428	166132
16133545428	369845
16163533428	423698
16193521428	236220
16223509428	321394
16253497428	255591
16283485428	177346
16313473428	334243
16343461428	231690
16373449428	335339
16403437428	279395
16433425428	270127
16463413428	379732
16493401428	440699
16523389428	300595
16553377428	388666
16583365428	275158
16613353428	418621
16643341428	272517
16673329428	460114
16703317428	361882
16733305428	405381
16763293428	305565
16793281428	313186
16823269428	217574
16853257428	261354
16883245428	392669
16913233428	364158
16943221428	263870
16973209428	377975
17003197428	347130
17033185428	1386276
17063173428	275751
17093161428	280546
17123149428	303079
17153137428	269730
17183125428	360505
17213113428	412350
17243101428	438118
17273089428	334460
17303077428	291639
17333065428	219933
17363053428	302898
17393041428	287156
17423029428	319831
17453017428	418479
17483005428	302008
17512993428	402742
17542981428	361486
17572969428	484055
17602957428	310359
17632945428	364096
17662933428	336738
17692921428	268352
17722909428	216689
17752897428	156915
17782885428	1097824
17812873428	306258
17842861428	351533
17872849428	426303
17902837428	126954
17932825428	308618
17962813428	244587
17992801428	445812
18022789428	344437
18052777428	341546
18082765428	258399
18112753428	304684
18142741428	305459
18172729428	378787
18202717428	343934
18232705428	310606
18262693428	446807
18292681428	383913
18322669428	381204
18352657428	266501
18382645428	318187
18412633428	131930
18442621428	419080
18472609428	290440
18502597428	282905
18532585428	661785
18562573428	162471
18592561428	185314
18622549428	448787
18652537428	237400
18682525428	213853
18712513428	305287
18742501428	347102
18772489428	293941
18802477428	317100
18832465428	140596
18862453428	278811
18892441428	275853
18922429428	415460
18952417428	211154
18982405428	261737
19012393428	236844
19042381428	351010
19072369428	305655
19102357428	327511
19132345428	302489
19162333428	306800
19192321428	308352
19222309428	411263
19252297428	144587
19282285428	377306
19312273428	325823
19342261428	302620
19372249428	292482
19402237428	239265
19432225428	310152
19462213428	301352
19492201428	290593
19522189428	338277
19552177428	344120
19582165428	233088
19612153428	274600
19642141428	555136
19672129428	358894
19702117428	280353
19732105428	362062
19762093428	330699
19792081428	242776
19822069428	278018
19852057428	337993
19882045428	208871
19912033428	429041
19942021428	390015
19972009428	265255
20001997428	18933650
20031985428	12749429
20061973428	15937032
20091961428	10806370
20121949428	15920954
20151937428	14449124
20181925428	7231342
20211913428	13017055
20241901428	16595678
20271889428	12073643
20301877428	11744129
20331865428	16890984
20361853428	11167849
20391841428	18963327
20421829428	9033460
20451817428	19006301
20481805428	8104136
20511793428	17835112
20541781428	7191794
20571769428	16720742
20601757428	8581121
20631745428	18345992
20661733428	23787365
20691721428	16078542
20721709428	8567138
20751697428	15078635
20781685428	15329525
20811673428	8896717
20841661428	14708598
20871649428	15340416
20901637428	21602135
20931625428	21326355
20961613428	14953237
20991601428	11524324
21021589428	19876946
21051577428	22355616
21081565428	15848288
21111553428	11657604
21141541428	22549272
21171529428	19312975
21201517428	25462747
21231505428	20038365
21261493428	13660845
21291481428	22222829
21321469428	16178805
21351457428	23007423
21381445428	20242669
21411433428	17263341
21441421428	13415368
21471409428	24951126
21501397428	21432788
21531385428	19273817
21561373428	18264752
21591361428	27510409
21621349428	25662366
21651337428	24110691
21681325428	23161356
21711313428	21851279
21741301428	22911289
21771289428	23054700
21801277428	22246148
21831265428	20794083
21861253428	20581308
21891241428	21091085
21921229428	22264203
21951217428	21642458
21981205428	19894401
22011193428	20042915
22041181428	20836884
22071169428	21976198
22101157428	25957852
22131145428	30367790
22161133428	20484841
22191121428	23774360
22221109428	26113029
22251097428	27219450
22281085428	29971339
22311073428	13610923
22341061428	17924951
22371049428	22391239
22401037428	27330815
22431025428	33789366
22461013428	24665986
22491001428	34652080
22520989428	20469749
22550977428	27952106
22580965428	35084893
22610953428	26571151
22640941428	33407586
22670929428	20425149
22700917428	28310119
22730905428	36531054
22760893428	28818894
22790881428	37267205
22820869428	23501132
22850857428	35271246
22880845428	29558919
22910833428	41235940
22940821428	28723177
22970809428	38910316
23000797428	31820048
23030785428	19396963
23060773428	31550167
23090761428	25350996
23120749428	37476281
23150737428	25594853
23180725428	37555893
23210713428	32999413
23240701428	23862353
23270689428	38888682
23300677428	33987234
23330665428	22969601
23360653428	37557675
23390641428	33176954
23420629428	24231669
23450617428	40330814
23480605428	36302247
23510593428	26357119
23540581428	43182495
23570569428	39667448
23600557428	32965245
23630545428	20285019
23660533428	14565671
23690521428	5689504
23720509428	2372049
23750497428	2680226
23780485428	2712456
23810473428	2097761
23840461428	2283770
23870449428	2677293
23900437428	2258868
23930425428	1659072
23960413428	5171058
23990401428	2955560
24020389428	1686654
24050377428	1778639
24080365428	2296514
24110353428	2803264
24140341428	2866678
24170329428	2914758
24200317428	2924122
24230305428	1592975
24260293428	2126401
24290281428	2880243
24320269428	1508889
24350257428	2640130
24380245428	2245667
24410233428	2161973
24440221428	2503644
24470209428	2515266
24500197428	3034840
24530185428	2242637
24560173428	1749861
24590161428	2029328
24620149428	2822857
24650137428	1632830
24680125428	2015092
24710113428	5111381
24740101428	2250655
24770089428	2289279
24800077428	2230702
24830065428	2428860
24860053428	2581042
24890041428	1649680
24920029428	1702050
24950017428	1778397
24980005428	2046513
25009993428	2256642
25039981428	2538700
25069969428	2650876
25099957428	3048312
25129945428	2239891
25159933428	2212915
25189921428	2259968
25219909428	2439020
25249897428	2653327
25279885428	1931425
25309873428	3353530
25339861428	2882895
25369849428	1637257
25399837428	2596038
25429825428	2277660
25459813428	5841525
25489801428	2904506
25519789428	2929436
25549777428	1959100
25579765428	2467338
25609753428	2906091
25639741428	1651082
25669729428	1590047
25699717428	2240559
25729705428	2245268
25759693428	2377976
25789681428	2597587
25819669428	2695094
25849657428	2024518
25879645428	1556033
25909633428	3040083
25939621428	2231259
25969609428	2481570
25999597428	2789514
26029585428	2328952
26059573428	2885673
26089561428	1558262
26119549428	2041409
26149537428	2267601
26179525428	2549468
26209513428	3788475
26239501428	2968043
26269489428	1584296
26299477428	1856919
26329465428	2493912
26359453428	2747243
26389441428	1620290
26419429428	1676497
26449417428	2937239
26479405428	2872787
26509393428	2764462
26539381428	2806697
26569369428	2975790
26599357428	2455423
26629345428	1963004
26659333428	2085521
26689321428	2240063
26719309428	2393175
26749297428	2431962
26779285428	2242942
26809273428	1974040
26839261428	2097617
26869249428	2408814
26899237428	3334254
26929225428	1645572
26959213428	3509492
26989201428	1678826
27019189428	2771141
27049177428	2891572
27079165428	2950557
27109153428	1641007
27139141428	1671490
27169129428	1773835
27199117428	1721376
27229105428	1605205
27259093428	1604407
27289081428	1762119
27319069428	1839693
27349057428	2890888
27379045428	1654265
27409033428	2647606
27439021428	2865216
27469009428	1590095
27498997428	2145829
27528985428	1830444
27558973428	2569560
27588961428	2656072
27618949428	2763718
27648937428	2833241
27678925428	2121206
27708913428	4989981
27738901428	2097703
27768889428	1932129
27798877428	1961756
27828865428	2024040
27858853428	1760915
27888841428	1893235
27918829428	2040793
27948817428	2151947
27978805428	2029879
28008793428	4727863
28038781428	8609342
28068769428	5065402
28098757428	5939729
28128745428	4678891
28158733428	2735368
28188721428	1935962
28218709428	2877306
28248697428	2799202
28278685428	2992193
28308673428	2445225
28338661428	2582456
28368649428	2625608
28398637428	3180725
28428625428	2013592
28458613428	3442964
28488601428	1618561
28518589428	2216992
28548577428	2859374
28578565428	1723026
28608553428	2349058
28638541428	4306577
28668529428	2532537
28698517428	2447267
28728505428	2545331
28758493428	2673094
28788481428	2771004
28818469428	2749494
28848457428	2208866
28878445428	2417697
28908433428	2262231
28938421428	2451477
28968409428	2784060
28998397428	1728614
29028385428	3211933
29058373428	2214803
29088361428	1985187
29118349428	2263683
29148337428	2532699
29178325428	2714646
29208313428	4631345
29238301428	4308529
29268289428	3259705
29298277428	3961769
29328265428	3010126
29358253428	3429540
29388241428	4339615
29418229428	2343394
29448217428	3026513
29478205428	1595436
29508193428	1839568
29538181428	1797681
29568169428	2900380
29598157428	3228686
29628145428	2648617
29658133428	1538483
29688121428	2065519
29718109428	2578537
29748097428	1818194
29778085428	1710476
29808073428	2186568
29838061428	2274401
29868049428	2751129
29898037428	1934343
29928025428	1829777
29958013428	3614177
