1110	2721553
29971110	18468331
59941110	12835111
89911110	29478752
119881110	39552514
149851110	33502283
179821110	31007996
209791110	31074213
239761110	34141732
269731110	40684567
299701110	52091153
329671110	70135013
359641110	92385021
389611110	62415021
419581110	90678312
449551110	60708312
479521110	97032844
509491110	67062844
539461110	109702132
569431110	79732132
599401110	131530515
629371110	101560515
659341110	164476063
689311110	134506063
719281110	104536063
749251110	178690625
779221110	148720625
809191110	118750625
839161110	205380857
869131110	175410857
899101110	145440857
929071110	246445202
959041110	216475202
989011110	186505202
1018981110	156535202
1048951110	272452417
1078921110	242482417
1108891110	212512417
1138861110	182542417
1168831110	152572417
1198801110	288254092
1228771110	258284092
1258741110	228314092
1288711110	198344092
1318681110	168374092
1348651110	322963816
1378621110	292993816
1408591110	263023816
1438561110	233053816
1468531110	203083816
1498501110	380989120
1528471110	351019120
1558441110	321049120
1588411110	291079120
1618381110	261109120
1648351110	231139120
1678321110	434024439
1708291110	404054439
1738261110	374084439
1768231110	344114439
1798201110	314144439
1828171110	284174439
1858141110	254204439
1888111110	484519327
1918081110	454549327
1948051110	424579327
1978021110	394609327
2007991110	364639327
2037961110	334669327
2067931110	304699327
2097901110	274729327
2127871110	537266496
2157841110	507296496
2187811110	477326496
2217781110	447356496
2247751110	417386496
2277721110	387416496
2307691110	357446496
2337661110	327476496
2367631110	297506496
2397601110	595707484
2427571110	565737484
2457541110	535767484
2487511110	505797484
2517481110	475827484
2547451110	445857484
2577421110	415887484
2607391110	385917484
2637361110	355947484
2667331110	325977484
2697301110	663929236
2727271110	633959236
2757241110	603989236
2787211110	574019236
2817181110	544049236
2847151110	514079236
2877121110	484109236
2907091110	454139236
2937061110	424169236
2967031110	394199236
2997001110	776682646
3026971110	746712646
3056941110	716742646
3086911110	686772646
3116881110	656802646
3146851110	626832646
3176821110	596862646
3206791110	566892646
3236761110	536922646
3266731110	506952646
3296701110	476982646
3326671110	447012646
3356641110	417042646
3386611110	849896714
3416581110	819926714
3446551110	789956714
3476521110	759986714
3506491110	730016714
3536461110	700046714
3566431110	670076714
3596401110	640106714
3626371110	610136714
3656341110	580166714
3686311110	550196714
3716281110	520226714
3746251110	490256714
3776221110	460286714
3806191110	946043923
3836161110	916073923
3866131110	886103923
3896101110	856133923
3926071110	826163923
3956041110	796193923
3986011110	766223923
4015981110	736253923
4045951110	706283923
4075921110	676313923
4105891110	646343923
4135861110	616373923
4165831110	586403923
4195801110	556433923
4225771110	526463923
4255741110	1074092819
4285711110	1044122819
4315681110	1014152819
4345651110	984182819
4375621110	954212819
4405591110	924242819
4435561110	894272819
4465531110	864302819
4495501110	834332819
4525471110	804362819
4555441110	774392819
4585411110	744422819
4615381110	714452819
4645351110	684482819
4675321110	654512819
4705291110	624542819
4735261110	594572819
4765231110	1208968664
4795201110	1178998664
4825171110	1149028664
4855141110	1119058664
4885111110	1089088664
4915081110	1059118664
4945051110	1029148664
4975021110	999178664
5004991110	969208664
5034961110	939238664
5064931110	909268664
5094901110	879298664
5124871110	849328664
5154841110	819358664
5184811110	789388664
5214781110	759418664
5244751110	729448664
5274721110	699478664
5304691110	669508664
5334661110	1359621344
5364631110	1329651344
5394601110	1299681344
5424571110	1269711344
5454541110	1239741344
5484511110	1209771344
5514481110	1179801344
5544451110	1149831344
5574421110	1119861344
5604391110	1089891344
5634361110	1059921344
5664331110	1029951344
5694301110	999981344
5724271110	970011344
5754241110	940041344
5784211110	910071344
5814181110	880101344
5844151110	850131344
5874121110	820161344
5904091110	790191344
5934061110	760221344
5964031110	730251344
5994001110	1525016882
6023971110	1495046882
6053941110	1465076882
6083911110	1435106882
6113881110	1405136882
6143851110	1375166882
6173821110	1345196882
6203791110	1315226882
6233761110	1285256882
6263731110	1255286882
6293701110	1225316882
6323671110	1195346882
6353641110	1165376882
6383611110	1135406882
6413581110	1105436882
6443551110	1075466882
6473521110	1045496882
6503491110	1015526882
6533461110	985556882
6563431110	955586882
6593401110	925616882
6623371110	895646882
6653341110	865676882
6683311110	835706882
6713281110	1731936836
6743251110	1701966836
6773221110	1671996836
6803191110	1642026836
6833161110	1612056836
6863131110	1582086836
6893101110	1552116836
6923071110	1522146836
6953041110	1492176836
6983011110	1462206836
7012981110	1432236836
7042951110	1402266836
7072921110	1372296836
7102891110	1342326836
7132861110	1312356836
7162831110	1282386836
7192801110	1252416836
7222771110	1222446836
7252741110	1192476836
7282711110	1162506836
7312681110	1132536836
7342651110	1102566836
7372621110	1072596836
7402591110	1042626836
7432561110	1012656836
7462531110	982686836
7492501110	952716836
7522471110	922746836
7552441110	1939451141
7582411110	1909481141
7612381110	1879511141
7642351110	1849541141
7672321110	1819571141
7702291110	1789601141
7732261110	1759631141
7762231110	1729661141
7792201110	1699691141
7822171110	1669721141
7852141110	1639751141
7882111110	1609781141
7912081110	1579811141
7942051110	1549841141
7972021110	1519871141
8001991110	1489901141
8031961110	1459931141
8061931110	1429961141
8091901110	1399991141
8121871110	1370021141
8151841110	1340051141
8181811110	1310081141
8211781110	1280111141
8241751110	1250141141
8271721110	1220171141
8301691110	1190201141
8331661110	1160231141
8361631110	1130261141
8391601110	1100291141
8421571110	1070321141
8451541110	1040351141
8481511110	2184596331
8511481110	2154626331
8541451110	2124656331
8571421110	2094686331
8601391110	2064716331
8631361110	2034746331
8661331110	2004776331
8691301110	1974806331
8721271110	1944836331
8751241110	1914866331
8781211110	1884896331
8811181110	1854926331
8841151110	1824956331
8871121110	1794986331
8901091110	1765016331
8931061110	1735046331
8961031110	1705076331
8991001110	1675106331
9020971110	1645136331
9050941110	1615166331
9080911110	1585196331
9110881110	1555226331
9140851110	1525256331
9170821110	1495286331
9200791110	1465316331
9230761110	1435346331
9260731110	1405376331
9290701110	1375406331
9320671110	1345436331
9350641110	1315466331
9380611110	1285496331
9410581110	1255526331
9440551110	1225556331
9470521110	1195586331
9500491110	1165616331
9530461110	4882291013
9560431110	4852321013
9590401110	4822351013
9620371110	4792381013
9650341110	4762411013
9680311110	4732441013
9710281110	4702471013
9740251110	4672501013
9770221110	4642531013
9800191110	4612561013
9830161110	4582591013
9860131110	4552621013
9890101110	4522651013
9920071110	4492681013
9950041110	4462711013
9980011110	4432741013
10009981110	4402771013
10039951110	4372801013
10069921110	4342831013
10099891110	4312861013
10129861110	4282891013
10159831110	4252921013
10189801110	4222951013
10219771110	4192981013
10249741110	4163011013
10279711110	4133041013
10309681110	4103071013
10339651110	4073101013
10369621110	4043131013
10399591110	4013161013
10429561110	3983191013
10459531110	3953221013
10489501110	3923251013
10519471110	3893281013
10549441110	3863311013
10579411110	3833341013
10609381110	3803371013
10639351110	3773401013
10669321110	3743431013
10699291110	6173306873
10729261110	6143336873
10759231110	6113366873
10789201110	6083396873
10819171110	6053426873
10849141110	6023456873
10879111110	5993486873
10909081110	5963516873
10939051110	5933546873
10969021110	5903576873
10998991110	5873606873
11028961110	5843636873
11058931110	5813666873
11088901110	5783696873
11118871110	5753726873
11148841110	5723756873
11178811110	5693786873
11208781110	5663816873
11238751110	5633846873
11268721110	5603876873
11298691110	5573906873
11328661110	5543936873
11358631110	5513966873
11388601110	5483996873
11418571110	5454026873
11448541110	5424056873
11478511110	5394086873
11508481110	5364116873
11538451110	5334146873
11568421110	5304176873
11598391110	5274206873
11628361110	5244236873
11658331110	5214266873
11688301110	5184296873
11718271110	5154326873
11748241110	5124356873
11778211110	5094386873
11808181110	5064416873
11838151110	5034446873
11868121110	5004476873
11898091110	4974506873
11928061110	4944536873
11958031110	4914566873
11988001110	4884596873
12017971110	4854626873
12047941110	4824656873
12077911110	4794686873
12107881110	4764716873
12137851110	4734746873
12167821110	4704776873
12197791110	4674806873
12227761110	4644836873
12257731110	4614866873
12287701110	4584896873
12317671110	4554926873
12347641110	4524956873
12377611110	4494986873
12407581110	4465016873
12437551110	4435046873
12467521110	4405076873
12497491110	4375106873
12527461110	4345136873
12557431110	4315166873
12587401110	4285196873
12617371110	4255226873
12647341110	4225256873
12677311110	4195286873
12707281110	4165316873
12737251110	4135346873
12767221110	4105376873
12797191110	4075406873
12827161110	4045436873
12857131110	4015466873
12887101110	3985496873
12917071110	3955526873
12947041110	3925556873
12977011110	3895586873
13006981110	3865616873
13036951110	3835646873
13066921110	3805676873
13096891110	3775706873
13126861110	3745736873
13156831110	3715766873
13186801110	3685796873
13216771110	3655826873
13246741110	3625856873
13276711110	3595886873
13306681110	3565916873
13336651110	3535946873
13366621110	3505976873
13396591110	3476006873
13426561110	3446036873
13456531110	3416066873
13486501110	3386096873
13516471110	3356126873
13546441110	3326156873
13576411110	3296186873
13606381110	3266216873
13636351110	3236246873
13666321110	3206276873
13696291110	3176306873
13726261110	3146336873
13756231110	3116366873
13786201110	3086396873
13816171110	3056426873
13846141110	3026456873
13876111110	2996486873
13906081110	2966516873
13936051110	2936546873
13966021110	2906576873
13995991110	2876606873
14025961110	2846636873
14055931110	2816666873
14085901110	2786696873
14115871110	2756726873
14145841110	2726756873
14175811110	2696786873
14205781110	2666816873
14235751110	2636846873
14265721110	2606876873
14295691110	2576906873
14325661110	2546936873
14355631110	2516966873
14385601110	2486996873
14415571110	2457026873
14445541110	4115073336
14475511110	4085103336
14505481110	4055133336
14535451110	4025163336
14565421110	3995193336
14595391110	3965223336
14625361110	3935253336
14655331110	3905283336
14685301110	3875313336
14715271110	3845343336
14745241110	3815373336
14775211110	3785403336
14805181110	3755433336
14835151110	3725463336
14865121110	3695493336
14895091110	3665523336
14925061110	3635553336
14955031110	3605583336
14985001110	3575613336
15014971110	3545643336
15044941110	3515673336
15074911110	3485703336
15104881110	3455733336
15134851110	3425763336
15164821110	3395793336
15194791110	3365823336
15224761110	3335853336
15254731110	3305883336
15284701110	3275913336
15314671110	3245943336
15344641110	3215973336
15374611110	3186003336
15404581110	3156033336
15434551110	3126063336
15464521110	3096093336
15494491110	3066123336
15524461110	3036153336
15554431110	3006183336
15584401110	2976213336
15614371110	2946243336
15644341110	2916273336
15674311110	2886303336
15704281110	2856333336
15734251110	2826363336
15764221110	2796393336
15794191110	2766423336
15824161110	2736453336
15854131110	2706483336
15884101110	2676513336
15914071110	2646543336
15944041110	2616573336
15974011110	2586603336
16003981110	2556633336
16033951110	2526663336
16063921110	2496693336
16093891110	2466723336
16123861110	2436753336
16153831110	2406783336
16183801110	2376813336
16213771110	2346843336
16243741110	2316873336
16273711110	2286903336
16303681110	2256933336
16333651110	2226963336
16363621110	2196993336
16393591110	2167023336
16423561110	2137053336
16453531110	2107083336
16483501110	2077113336
16513471110	2047143336
16543441110	2017173336
16573411110	1987203336
16603381110	1957233336
16633351110	1927263336
16663321110	1897293336
16693291110	1867323336
16723261110	1837353336
16753231110	1807383336
16783201110	1777413336
16813171110	1747443336
16843141110	1717473336
16873111110	1687503336
16903081110	1657533336
16933051110	2784168436
16963021110	2754198436
16992991110	2724228436
17022961110	2694258436
17052931110	2664288436
17082901110	2634318436
17112871110	2604348436
17142841110	2574378436
17172811110	2544408436
17202781110	2514438436
17232751110	2484468436
17262721110	2454498436
17292691110	2424528436
17322661110	2394558436
17352631110	2364588436
17382601110	2334618436
17412571110	2304648436
17442541110	2274678436
17472511110	2244708436
17502481110	2214738436
17532451110	2184768436
17562421110	2154798436
17592391110	2124828436
17622361110	2094858436
17652331110	2064888436
17682301110	2034918436
17712271110	2004948436
17742241110	1974978436
17772211110	1945008436
17802181110	1915038436
17832151110	1885068436
17862121110	1855098436
17892091110	1825128436
17922061110	1795158436
17952031110	1765188436
17982001110	1735218436
18011971110	1705248436
18041941110	1675278436
18071911110	1645308436
18101881110	1615338436
18131851110	1585368436
18161821110	1555398436
18191791110	1525428436
18221761110	1495458436
18251731110	1465488436
18281701110	1435518436
18311671110	1405548436
18341641110	1375578436
18371611110	1345608436
18401581110	1315638436
18431551110	1285668436
18461521110	1255698436
18491491110	1225728436
18521461110	1195758436
18551431110	1165788436
18581401110	1135818436
18611371110	1900834806
18641341110	1870864806
18671311110	1840894806
18701281110	1810924806
18731251110	1780954806
18761221110	1750984806
18791191110	1721014806
18821161110	1691044806
18851131110	1661074806
18881101110	1631104806
18911071110	1601134806
18941041110	1571164806
18971011110	1541194806
19000981110	1511224806
19030951110	1481254806
19060921110	1451284806
19090891110	1421314806
19120861110	1391344806
19150831110	1361374806
19180801110	1331404806
19210771110	1301434806
19240741110	1271464806
19270711110	1241494806
19300681110	1211524806
19330651110	1181554806
19360621110	1151584806
19390591110	1121614806
19420561110	1091644806
19450531110	1061674806
19480501110	1031704806
19510471110	1001734806
19540441110	971764806
19570411110	941794806
19600381110	911824806
19630351110	881854806
19660321110	851884806
19690291110	821914806
19720261110	791944806
19750231110	1306111666
19780201110	1276141666
19810171110	1246171666
19840141110	1216201666
19870111110	1186231666
19900081110	1156261666
19930051110	1126291666
19960021110	1096321666
19989991110	1066351666
20019961110	1036381666
20049931110	1006411666
20079901110	976441666
20109871110	946471666
20139841110	916501666
20169811110	886531666
20199781110	856561666
20229751110	826591666
20259721110	796621666
20289691110	766651666
20319661110	736681666
20349631110	706711666
20379601110	676741666
20409571110	646771666
20439541110	616801666
20469511110	586831666
20499481110	556861666
20529451110	912936822
20559421110	882966822
20589391110	852996822
20619361110	823026822
20649331110	793056822
20679301110	763086822
20709271110	733116822
20739241110	703146822
20769211110	673176822
20799181110	643206822
20829151110	613236822
20859121110	583266822
20889091110	553296822
20919061110	523326822
20949031110	493356822
20979001110	463386822
21008971110	433416822
21038941110	403446822
21068911110	636809694
21098881110	606839694
21128851110	576869694
21158821110	546899694
21188791110	516929694
21218761110	486959694
21248731110	456989694
21278701110	427019694
21308671110	397049694
21338641110	367079694
21368611110	337109694
21398581110	307139694
21428551110	277169694
21458521110	440341766
21488491110	410371766
21518461110	380401766
21548431110	350431766
21578401110	320461766
21608371110	290491766
21638341110	260521766
21668311110	230551766
21698281110	200581766
21728251110	301783310
21758221110	271813310
21788191110	241843310
21818161110	211873310
21848131110	181903310
21878101110	151933310
21908071110	222100284
21938041110	192130284
21968011110	162160284
21997981110	132190284
22027951110	102220284
22057921110	138479444
22087891110	108509444
22117861110	78539444
22147831110	106596229
22177801110	76626229
22207771110	84245401
22237741110	54275401
22267711110	60024423
22297681110	54084633
22327651110	24114633
22357621110	36317814
22387591110	27476696
22417561110	33831866
22447531110	17584345
22477501110	19142262
22507471110	19103702
22537441110	17602405
22567411110	17757377
22597381110	17467969
22627351110	18196393
22657321110	18978201
22687291110	19129360
22717261110	21563945
22747231110	22293245
22777201110	23302895
22807171110	25074924
22837141110	27130393
22867111110	31548225
22897081110	21272497
22927051110	25476514
22957021110	31249846
22986991110	15992635
23016961110	24543661
23046931110	29642553
23076901110	35092866
23106871110	25672246
23136841110	31997049
23166811110	18042521
23196781110	26842862
23226751110	36082668
23256721110	27562041
23286691110	38155722
23316661110	25789368
23346631110	35918570
23376601110	28819521
23406571110	39118491
23436541110	27279824
23466511110	39223864
23496481110	33109033
23526451110	21259806
23556421110	33638146
23586391110	30959987
23616361110	20743228
23646331110	35506201
23676301110	31102636
23706271110	20734602
23736241110	38692540
23766211110	35392090
23796181110	26343143
23826151110	44172721
23856121110	42345842
23886091110	36222705
23916061110	35039106
23946031110	27908413
23976001110	48650769
24005971110	47160361
24035941110	40473118
24065911110	39200908
24095881110	32213345
24125851110	31489257
24155821110	24807693
24185791110	52168892
24215761110	53727929
24245731110	49358200
24275701110	50866084
24305671110	46837120
24335641110	49421285
24365611110	45695628
24395581110	47977681
24425551110	44604935
24455521110	50032148
24485491110	48686873
24515461110	53323531
24545431110	51777607
24575401110	57132953
24605371110	57878503
24635341110	64507553
24665311110	65265293
24695281110	35295293
24725251110	42240239
24755221110	44678240
24785191110	54996275
24815161110	58056984
24845131110	67276084
24875101110	70921822
24905071110	40951822
24935041110	52485945
24965011110	57532733
24994981110	68340299
25024951110	74334542
25054921110	44364542
25084891110	58362112
25114861110	65704676
25144831110	79507474
25174801110	49537474
25204771110	58976654
25234741110	74161158
25264711110	83410452
25294681110	53440452
25324651110	70249444
25354621110	82160199
25384591110	52190199
25414561110	70673898
25444531110	83686893
25474501110	53716893
25504471110	73838714
25534441110	87609658
25564411110	57639658
25594381110	77857319
25624351110	95098973
25654321110	65128973
25684291110	88134396
25714261110	58164396
25744231110	75322814
25774201110	100765228
25804171110	70795228
25834141110	89848627
25864111110	59878627
25894081110	87261955
25924051110	57291955
25954021110	80473897
25983991110	108944280
26013961110	78974280
26043931110	101992803
26073901110	72022803
26103871110	101897605
26133841110	71927605
26163811110	95447244
26193781110	65477244
26223751110	98794458
26253721110	68824458
26283691110	95405213
26313661110	65435213
26343631110	99408208
26373601110	69438208
26403571110	99045051
26433541110	69075051
26463511110	105102237
26493481110	75132237
26523451110	108546411
26553421110	78576411
26583391110	118329918
26613361110	88359918
26643331110	123997039
26673301110	94027039
26703271110	136168172
26733241110	106198172
26763211110	76228172
26793181110	114197406
26823151110	84227406
26853121110	130743012
26883091110	100773012
26913061110	142431979
26943031110	112461979
26973001110	82491979
27002971110	131692062
27032941110	101722062
27062911110	147053609
27092881110	117083609
27122851110	87113609
27152821110	140954669
27182791110	110984669
27212761110	161058254
27242731110	131088254
27272701110	101118254
27302671110	158911142
27332641110	128941142
27362611110	98971142
27392581110	155090327
27422551110	125120327
27452521110	95150327
27482491110	158475547
27512461110	128505547
27542431110	98535547
27572401110	158356298
27602371110	128386298
27632341110	98416298
27662311110	166897290
27692281110	136927290
27722251110	106957290
27752221110	172740487
27782191110	142770487
27812161110	112800487
27842131110	187432131
27872101110	157462131
27902071110	127492131
27932041110	198909444
27962011110	168939444
27991981110	138969444
28021951110	108999444
28051921110	191539519
28081891110	161569519
28111861110	131599519
28141831110	210619044
28171801110	180649044
28201771110	150679044
28231741110	120709044
28261711110	211261872
28291681110	181291872
28321651110	151321872
28351621110	121351872
28381591110	207441459
28411561110	177471459
28441531110	147501459
28471501110	117531459
28501471110	213957447
28531441110	183987447
28561411110	154017447
28591381110	247893263
28621351110	217923263
28651321110	187953263
28681291110	157983263
28711261110	128013263
28741231110	231384487
28771201110	201414487
28801171110	171444487
28831141110	141474487
28861111110	243415873
28891081110	213445873
28921051110	183475873
28951021110	153505873
28980991110	265345042
29010961110	235375042
29040931110	205405042
29070901110	175435042
29100871110	145465042
29130841110	257174370
29160811110	227204370
29190781110	197234370
29220751110	167264370
29250721110	289785894
29280691110	259815894
29310661110	229845894
29340631110	199875894
29370601110	169905894
29400571110	293503149
29430541110	263533149
29460511110	233563149
29490481110	203593149
29520451110	173623149
29550421110	307945214
29580391110	277975214
29610361110	248005214
29640331110	218035214
29670301110	188065214
29700271110	323498677
29730241110	293528677
29760211110	263558677
29790181110	233588677
29820151110	203618677
29850121110	173648677
29880091110	320219385
29910061110	290249385
29940031110	260279385
