1052	2959539
29983052	23673649
59965052	31707875
89947052	26347046
119929052	60979749
149911052	74978628
179893052	44996628
209875052	66922581
239857052	99228371
269839052	69246371
299821052	117316298
329803052	87334298
359785052	150285925
389767052	120303925
419749052	203768105
449731052	173786105
479713052	143804105
509695052	113822105
539677052	221118559
569659052	191136559
599641052	161154559
629623052	298535637
659605052	268553637
689587052	238571637
719569052	208589637
749551052	178607637
779533052	352085766
809515052	322103766
839497052	292121766
869479052	262139766
899461052	232157766
929443052	448450930
959425052	418468930
989407052	388486930
1019389052	358504930
1049371052	328522930
1079353052	298540930
1109335052	268558930
1139317052	537937944
1169299052	507955944
1199281052	477973944
1229263052	447991944
1259245052	418009944
1289227052	388027944
1319209052	358045944
1349191052	328063944
1379173052	298081944
1409155052	630323999
1439137052	600341999
1469119052	570359999
1499101052	540377999
1529083052	510395999
1559065052	480413999
1589047052	450431999
1619029052	420449999
1649011052	390467999
1678993052	360485999
1708975052	768332178
1738957052	738350178
1768939052	708368178
1798921052	678386178
1828903052	648404178
1858885052	618422178
1888867052	588440178
1918849052	558458178
1948831052	528476178
1978813052	498494178
2008795052	468512178
2038777052	438530178
2068759052	939478001
2098741052	909496001
2128723052	879514001
2158705052	849532001
2188687052	819550001
2218669052	789568001
2248651052	759586001
2278633052	729604001
2308615052	699622001
2338597052	669640001
2368579052	639658001
2398561052	609676001
2428543052	579694001
2458525052	549712001
2488507052	1160419092
2518489052	1130437092
2548471052	1100455092
2578453052	1070473092
2608435052	1040491092
2638417052	1010509092
2668399052	980527092
2698381052	950545092
2728363052	920563092
2758345052	890581092
2788327052	860599092
2818309052	830617092
2848291052	800635092
2878273052	770653092
2908255052	740671092
2938237052	710689092
2968219052	680707092
2998201052	650725092
3028183052	1394713322
3058165052	1364731322
3088147052	1334749322
3118129052	1304767322
3148111052	1274785322
3178093052	1244803322
3208075052	1214821322
3238057052	1184839322
3268039052	1154857322
3298021052	1124875322
3328003052	1094893322
3357985052	1064911322
3387967052	1034929322
3417949052	1004947322
3447931052	974965322
3477913052	944983322
3507895052	915001322
3537877052	885019322
3567859052	855037322
3597841052	825055322
3627823052	795073322
3657805052	1709146261
3687787052	1679164261
3717769052	1649182261
3747751052	1619200261
3777733052	1589218261
3807715052	1559236261
3837697052	1529254261
3867679052	1499272261
3897661052	1469290261
3927643052	1439308261
3957625052	1409326261
3987607052	1379344261
4017589052	1349362261
4047571052	1319380261
4077553052	1289398261
4107535052	1259416261
4137517052	1229434261
4167499052	1199452261
4197481052	1169470261
4227463052	1139488261
4257445052	1109506261
4287427052	1079524261
4317409052	1049542261
4347391052	1019560261
4377373052	989578261
4407355052	959596261
4437337052	2082354778
4467319052	2052372778
4497301052	2022390778
4527283052	1992408778
4557265052	1962426778
4587247052	1932444778
4617229052	1902462778
4647211052	1872480778
4677193052	1842498778
4707175052	1812516778
4737157052	1782534778
4767139052	1752552778
4797121052	1722570778
4827103052	1692588778
4857085052	1662606778
4887067052	1632624778
4917049052	1602642778
4947031052	1572660778
4977013052	1542678778
5006995052	1512696778
5036977052	1482714778
5066959052	1452732778
5096941052	1422750778
5126923052	1392768778
5156905052	1362786778
5186887052	1332804778
5216869052	1302822778
5246851052	1272840778
5276833052	1242858778
5306815052	1212876778
5336797052	1182894778
5366779052	1152912778
5396761052	2521206899
5426743052	2491224899
5456725052	2461242899
5486707052	2431260899
5516689052	2401278899
5546671052	2371296899
5576653052	2341314899
5606635052	2311332899
5636617052	2281350899
5666599052	2251368899
5696581052	2221386899
5726563052	2191404899
5756545052	2161422899
5786527052	2131440899
5816509052	2101458899
5846491052	2071476899
5876473052	2041494899
5906455052	2011512899
5936437052	1981530899
5966419052	1951548899
5996401052	1921566899
6026383052	1891584899
6056365052	1861602899
6086347052	1831620899
6116329052	1801638899
6146311052	1771656899
6176293052	1741674899
6206275052	1711692899
6236257052	1681710899
6266239052	1651728899
6296221052	1621746899
6326203052	1591764899
6356185052	1561782899
6386167052	1531800899
6416149052	1501818899
6446131052	1471836899
6476113052	1441854899
6506095052	1411872899
6536077052	3067972833
6566059052	3037990833
6596041052	3008008833
6626023052	2978026833
6656005052	2948044833
6685987052	2918062833
6715969052	2888080833
6745951052	2858098833
6775933052	2828116833
6805915052	2798134833
6835897052	2768152833
6865879052	2738170833
6895861052	2708188833
6925843052	2678206833
6955825052	2648224833
6985807052	2618242833
7015789052	2588260833
7045771052	2558278833
7075753052	2528296833
7105735052	2498314833
7135717052	2468332833
7165699052	2438350833
7195681052	2408368833
7225663052	2378386833
7255645052	2348404833
7285627052	2318422833
7315609052	2288440833
7345591052	2258458833
7375573052	2228476833
7405555052	2198494833
7435537052	2168512833
7465519052	2138530833
7495501052	2108548833
7525483052	2078566833
7555465052	2048584833
7585447052	2018602833
7615429052	1988620833
7645411052	1958638833
7675393052	1928656833
7705375052	1898674833
7735357052	1868692833
7765339052	1838710833
7795321052	1808728833
7825303052	1778746833
7855285052	1748764833
7885267052	1718782833
7915249052	1688800833
7945231052	3688740295
7975213052	3658758295
8005195052	3628776295
8035177052	3598794295
8065159052	3568812295
8095141052	3538830295
8125123052	3508848295
8155105052	3478866295
8185087052	3448884295
8215069052	3418902295
8245051052	3388920295
8275033052	3358938295
8305015052	3328956295
8334997052	3298974295
8364979052	3268992295
8394961052	3239010295
8424943052	3209028295
8454925052	3179046295
8484907052	3149064295
8514889052	3119082295
8544871052	3089100295
8574853052	3059118295
8604835052	3029136295
8634817052	2999154295
8664799052	2969172295
8694781052	2939190295
8724763052	2909208295
8754745052	2879226295
8784727052	2849244295
8814709052	2819262295
8844691052	2789280295
8874673052	2759298295
8904655052	2729316295
8934637052	2699334295
8964619052	2669352295
8994601052	2639370295
9024583052	2609388295
9054565052	2579406295
9084547052	2549424295
9114529052	2519442295
9144511052	2489460295
9174493052	2459478295
9204475052	2429496295
9234457052	2399514295
9264439052	2369532295
9294421052	2339550295
9324403052	2309568295
9354385052	2279586295
9384367052	2249604295
9414349052	2219622295
9444331052	2189640295
9474313052	2159658295
9504295052	2129676295
9534277052	2099694295
9564259052	2069712295
9594241052	2039730295
9624223052	6709565963
9654205052	6679583963
9684187052	6649601963
9714169052	6619619963
9744151052	6589637963
9774133052	6559655963
9804115052	6529673963
9834097052	6499691963
9864079052	6469709963
9894061052	6439727963
9924043052	6409745963
9954025052	6379763963
9984007052	6349781963
10013989052	6319799963
10043971052	6289817963
10073953052	6259835963
10103935052	6229853963
10133917052	6199871963
10163899052	6169889963
10193881052	6139907963
10223863052	6109925963
10253845052	6079943963
10283827052	6049961963
10313809052	6019979963
10343791052	5989997963
10373773052	5960015963
10403755052	5930033963
10433737052	5900051963
10463719052	5870069963
10493701052	5840087963
10523683052	5810105963
10553665052	5780123963
10583647052	5750141963
10613629052	5720159963
10643611052	5690177963
10673593052	5660195963
10703575052	5630213963
10733557052	5600231963
10763539052	5570249963
10793521052	5540267963
10823503052	5510285963
10853485052	5480303963
10883467052	5450321963
10913449052	5420339963
10943431052	5390357963
10973413052	5360375963
11003395052	5330393963
11033377052	5300411963
11063359052	5270429963
11093341052	5240447963
11123323052	5210465963
11153305052	5180483963
11183287052	5150501963
11213269052	5120519963
11243251052	5090537963
11273233052	5060555963
11303215052	5030573963
11333197052	5000591963
11363179052	4970609963
11393161052	4940627963
11423143052	4910645963
11453125052	4880663963
11483107052	4850681963
11513089052	4820699963
11543071052	4790717963
11573053052	4760735963
11603035052	4730753963
11633017052	4700771963
11662999052	8060903863
11692981052	8030921863
11722963052	8000939863
11752945052	7970957863
11782927052	7940975863
11812909052	7910993863
11842891052	7881011863
11872873052	7851029863
11902855052	7821047863
11932837052	7791065863
11962819052	7761083863
11992801052	7731101863
12022783052	7701119863
12052765052	7671137863
12082747052	7641155863
12112729052	7611173863
12142711052	7581191863
12172693052	7551209863
12202675052	7521227863
12232657052	7491245863
12262639052	7461263863
12292621052	7431281863
12322603052	7401299863
12352585052	7371317863
12382567052	7341335863
12412549052	7311353863
12442531052	7281371863
12472513052	7251389863
12502495052	7221407863
12532477052	7191425863
12562459052	7161443863
12592441052	7131461863
12622423052	7101479863
12652405052	7071497863
12682387052	7041515863
12712369052	7011533863
12742351052	6981551863
12772333052	6951569863
12802315052	6921587863
12832297052	6891605863
12862279052	6861623863
12892261052	6831641863
12922243052	6801659863
12952225052	6771677863
12982207052	6741695863
13012189052	6711713863
13042171052	6681731863
13072153052	6651749863
13102135052	6621767863
13132117052	6591785863
13162099052	6561803863
13192081052	6531821863
13222063052	6501839863
13252045052	6471857863
13282027052	6441875863
13312009052	6411893863
13341991052	6381911863
13371973052	6351929863
13401955052	6321947863
13431937052	6291965863
13461919052	6261983863
13491901052	6232001863
13521883052	6202019863
13551865052	6172037863
13581847052	6142055863
13611829052	6112073863
13641811052	6082091863
13671793052	6052109863
13701775052	6022127863
13731757052	5992145863
13761739052	5962163863
13791721052	5932181863
13821703052	5902199863
13851685052	5872217863
13881667052	5842235863
13911649052	5812253863
13941631052	5782271863
13971613052	5752289863
14001595052	5722307863
14031577052	5692325863
14061559052	5662343863
14091541052	5632361863
14121523052	5602379863
14151505052	5572397863
14181487052	5542415863
14211469052	5512433863
14241451052	5482451863
14271433052	5452469863
14301415052	5422487863
14331397052	5392505863
14361379052	5362523863
14391361052	5332541863
14421343052	5302559863
14451325052	5272577863
14481307052	5242595863
14511289052	5212613863
14541271052	5182631863
14571253052	5152649863
14601235052	5122667863
14631217052	5092685863
14661199052	5062703863
14691181052	5032721863
14721163052	5002739863
14751145052	4972757863
14781127052	4942775863
14811109052	4912793863
14841091052	4882811863
14871073052	4852829863
14901055052	4822847863
14931037052	4792865863
14961019052	4762883863
14991001052	4732901863
15020983052	4702919863
15050965052	4672937863
15080947052	4642955863
15110929052	4612973863
15140911052	4582991863
15170893052	4553009863
15200875052	4523027863
15230857052	4493045863
15260839052	4463063863
15290821052	4433081863
15320803052	4403099863
15350785052	4373117863
15380767052	4343135863
15410749052	4313153863
15440731052	4283171863
15470713052	4253189863
15500695052	4223207863
15530677052	4193225863
15560659052	4163243863
15590641052	4133261863
15620623052	4103279863
15650605052	4073297863
15680587052	4043315863
15710569052	4013333863
15740551052	3983351863
15770533052	3953369863
15800515052	3923387863
15830497052	3893405863
15860479052	3863423863
15890461052	3833441863
15920443052	3803459863
15950425052	3773477863
15980407052	3743495863
16010389052	3713513863
16040371052	3683531863
16070353052	3653549863
16100335052	3623567863
16130317052	3593585863
16160299052	3563603863
16190281052	3533621863
16220263052	3503639863
16250245052	3473657863
16280227052	3443675863
16310209052	3413693863
16340191052	3383711863
16370173052	5879345274
16400155052	5849363274
16430137052	5819381274
16460119052	5789399274
16490101052	5759417274
16520083052	5729435274
16550065052	5699453274
16580047052	5669471274
16610029052	5639489274
16640011052	5609507274
16669993052	5579525274
16699975052	5549543274
16729957052	5519561274
16759939052	5489579274
16789921052	5459597274
16819903052	5429615274
16849885052	5399633274
16879867052	5369651274
16909849052	5339669274
16939831052	5309687274
16969813052	5279705274
16999795052	5249723274
17029777052	5219741274
17059759052	5189759274
17089741052	5159777274
17119723052	5129795274
17149705052	5099813274
17179687052	5069831274
17209669052	5039849274
17239651052	5009867274
17269633052	4979885274
17299615052	4949903274
17329597052	4919921274
17359579052	4889939274
17389561052	4859957274
17419543052	4829975274
17449525052	4799993274
17479507052	4770011274
17509489052	4740029274
17539471052	4710047274
17569453052	4680065274
17599435052	4650083274
17629417052	4620101274
17659399052	4590119274
17689381052	4560137274
17719363052	4530155274
17749345052	4500173274
17779327052	4470191274
17809309052	4440209274
17839291052	4410227274
17869273052	4380245274
17899255052	4350263274
17929237052	4320281274
17959219052	4290299274
17989201052	4260317274
18019183052	4230335274
18049165052	4200353274
18079147052	4170371274
18109129052	4140389274
18139111052	4110407274
18169093052	4080425274
18199075052	4050443274
18229057052	4020461274
18259039052	3990479274
18289021052	3960497274
18319003052	3930515274
18348985052	3900533274
18378967052	3870551274
18408949052	3840569274
18438931052	3810587274
18468913052	3780605274
18498895052	3750623274
18528877052	3720641274
18558859052	3690659274
18588841052	3660677274
18618823052	3630695274
18648805052	3600713274
18678787052	3570731274
18708769052	3540749274
18738751052	3510767274
18768733052	3480785274
18798715052	3450803274
18828697052	3420821274
18858679052	3390839274
18888661052	3360857274
18918643052	3330875274
18948625052	3300893274
18978607052	3270911274
19008589052	3240929274
19038571052	3210947274
19068553052	3180965274
19098535052	3150983274
19128517052	3121001274
19158499052	3091019274
19188481052	3061037274
19218463052	3031055274
19248445052	3001073274
19278427052	2971091274
19308409052	2941109274
19338391052	2911127274
19368373052	2881145274
19398355052	2851163274
19428337052	2821181274
19458319052	2791199274
19488301052	2761217274
19518283052	2731235274
19548265052	2701253274
19578247052	2671271274
19608229052	2641289274
19638211052	2611307274
19668193052	2581325274
19698175052	2551343274
19728157052	2521361274
19758139052	2491379274
19788121052	4369238666
19818103052	4339256666
19848085052	4309274666
19878067052	4279292666
19908049052	4249310666
19938031052	4219328666
19968013052	4189346666
19997995052	4159364666
20027977052	4129382666
20057959052	4099400666
20087941052	4069418666
20117923052	4039436666
20147905052	4009454666
20177887052	3979472666
20207869052	3949490666
20237851052	3919508666
20267833052	3889526666
20297815052	3859544666
20327797052	3829562666
20357779052	3799580666
20387761052	3769598666
20417743052	3739616666
20447725052	3709634666
20477707052	3679652666
20507689052	3649670666
20537671052	3619688666
20567653052	3589706666
20597635052	3559724666
20627617052	3529742666
20657599052	3499760666
20687581052	3469778666
20717563052	3439796666
20747545052	3409814666
20777527052	3379832666
20807509052	3349850666
20837491052	3319868666
20867473052	3289886666
20897455052	3259904666
20927437052	3229922666
20957419052	3199940666
20987401052	3169958666
21017383052	3139976666
21047365052	3109994666
21077347052	3080012666
21107329052	3050030666
21137311052	3020048666
21167293052	2990066666
21197275052	2960084666
21227257052	2930102666
21257239052	2900120666
21287221052	2870138666
21317203052	2840156666
21347185052	2810174666
21377167052	2780192666
21407149052	2750210666
21437131052	2720228666
21467113052	2690246666
21497095052	2660264666
21527077052	2630282666
21557059052	2600300666
21587041052	2570318666
21617023052	2540336666
21647005052	2510354666
21676987052	2480372666
21706969052	2450390666
21736951052	2420408666
21766933052	2390426666
21796915052	2360444666
21826897052	2330462666
21856879052	2300480666
21886861052	2270498666
21916843052	2240516666
21946825052	2210534666
21976807052	2180552666
22006789052	2150570666
22036771052	2120588666
22066753052	2090606666
22096735052	2060624666
22126717052	2030642666
22156699052	2000660666
22186681052	1970678666
22216663052	1940696666
22246645052	1910714666
22276627052	1880732666
22306609052	3279105143
22336591052	3249123143
22366573052	3219141143
22396555052	3189159143
22426537052	3159177143
22456519052	3129195143
22486501052	3099213143
22516483052	3069231143
22546465052	3039249143
22576447052	3009267143
22606429052	2979285143
22636411052	2949303143
22666393052	2919321143
22696375052	2889339143
22726357052	2859357143
22756339052	2829375143
22786321052	2799393143
22816303052	2769411143
22846285052	2739429143
22876267052	2709447143
22906249052	2679465143
22936231052	2649483143
22966213052	2619501143
22996195052	2589519143
23026177052	2559537143
23056159052	2529555143
23086141052	2499573143
23116123052	2469591143
23146105052	2439609143
23176087052	2409627143
23206069052	2379645143
23236051052	2349663143
23266033052	2319681143
23296015052	2289699143
23325997052	2259717143
23355979052	2229735143
23385961052	2199753143
23415943052	2169771143
23445925052	2139789143
23475907052	2109807143
23505889052	2079825143
23535871052	2049843143
23565853052	2019861143
23595835052	1989879143
23625817052	1959897143
23655799052	1929915143
23685781052	1899933143
23715763052	1869951143
23745745052	1839969143
23775727052	1809987143
23805709052	1780005143
23835691052	1750023143
23865673052	1720041143
23895655052	1690059143
23925637052	1660077143
23955619052	1630095143
23985601052	1600113143
24015583052	1570131143
24045565052	1540149143
24075547052	1510167143
24105529052	1480185143
24135511052	1450203143
24165493052	1420221143
24195475052	2437512776
24225457052	2407530776
24255439052	2377548776
24285421052	2347566776
24315403052	2317584776
24345385052	2287602776
24375367052	2257620776
24405349052	2227638776
24435331052	2197656776
24465313052	2167674776
24495295052	2137692776
24525277052	2107710776
24555259052	2077728776
24585241052	2047746776
24615223052	2017764776
24645205052	1987782776
24675187052	1957800776
24705169052	1927818776
24735151052	1897836776
24765133052	1867854776
24795115052	1837872776
24825097052	1807890776
24855079052	1777908776
24885061052	1747926776
24915043052	1717944776
24945025052	1687962776
24975007052	1657980776
25004989052	1627998776
25034971052	1598016776
25064953052	1568034776
25094935052	1538052776
25124917052	1508070776
25154899052	1478088776
25184881052	1448106776
25214863052	1418124776
25244845052	1388142776
25274827052	1358160776
25304809052	1328178776
25334791052	1298196776
25364773052	1268214776
25394755052	1238232776
25424737052	1208250776
25454719052	1178268776
25484701052	1148286776
25514683052	1118304776
25544665052	1088322776
25574647052	1058340776
25604629052	1806305762
25634611052	1776323762
25664593052	1746341762
25694575052	1716359762
25724557052	1686377762
25754539052	1656395762
25784521052	1626413762
25814503052	1596431762
25844485052	1566449762
25874467052	1536467762
25904449052	1506485762
25934431052	1476503762
25964413052	1446521762
25994395052	1416539762
26024377052	1386557762
26054359052	1356575762
26084341052	1326593762
26114323052	1296611762
26144305052	1266629762
26174287052	1236647762
26204269052	1206665762
26234251052	1176683762
26264233052	1146701762
26294215052	1116719762
26324197052	1086737762
26354179052	1056755762
26384161052	1026773762
26414143052	996791762
26444125052	966809762
26474107052	936827762
26504089052	906845762
26534071052	876863762
26564053052	846881762
26594035052	816899762
26624017052	786917762
26653999052	1326749959
26683981052	1296767959
26713963052	1266785959
26743945052	1236803959
26773927052	1206821959
26803909052	1176839959
26833891052	1146857959
26863873052	1116875959
26893855052	1086893959
26923837052	1056911959
26953819052	1026929959
26983801052	996947959
27013783052	966965959
27043765052	936983959
27073747052	907001959
27103729052	877019959
27133711052	847037959
27163693052	817055959
27193675052	787073959
27223657052	757091959
27253639052	727109959
27283621052	697127959
27313603052	667145959
27343585052	637163959
27373567052	607181959
27403549052	577199959
27433531052	973289480
27463513052	943307480
27493495052	913325480
27523477052	883343480
27553459052	853361480
27583441052	823379480
27613423052	793397480
27643405052	763415480
27673387052	733433480
27703369052	703451480
27733351052	673469480
27763333052	643487480
27793315052	613505480
27823297052	583523480
27853279052	553541480
27883261052	523559480
27913243052	493577480
27943225052	463595480
27973207052	433613480
28003189052	713456346
28033171052	683474346
28063153052	653492346
28093135052	623510346
28123117052	593528346
28153099052	563546346
28183081052	533564346
28213063052	503582346
28243045052	473600346
28273027052	443618346
28303009052	413636346
28332991052	383654346
28362973052	353672346
28392955052	323690346
28422937052	530647389
28452919052	500665389
28482901052	470683389
28512883052	440701389
28542865052	410719389
28572847052	380737389
28602829052	350755389
28632811052	320773389
28662793052	290791389
28692775052	260809389
28722757052	403381600
28752739052	373399600
28782721052	343417600
28812703052	313435600
28842685052	283453600
28872667052	253471600
28902649052	223489600
28932631052	193507600
28962613052	299670180
28992595052	269688180
29022577052	239706180
29052559052	209724180
29082541052	179742180
29112523052	149760180
29142505052	218177963
29172487052	188195963
29202469052	158213963
29232451052	128231963
29262433052	98249963
29292415052	151962068
29322397052	121980068
29352379052	91998068
29382361052	121282841
29412343052	91300841
29442325052	61318841
29472307052	84894832
29502289052	54912832
29532271052	63436040
29562253052	72707194
29592235052	42725194
29622217052	40473521
29652199052	40865728
29682181052	33223997
29712163052	28772742
29742145052	39295091
29772127052	25420898
29802109052	36534459
29832091052	29145732
29862073052	37458260
29892055052	23687983
29922037052	33270737
29952019052	26368310
