1538	77358536
29992538	47367536
59983538	51567564
89974538	47163972
119965538	35730851
149956538	19129697
179947538	11212905
209938538	3413921
239929538	1831853
269920538	635386
299911538	777263
329902538	788616
359893538	717021
389884538	781124
419875538	1082337
449866538	703145
479857538	569800
509848538	673445
539839538	681172
569830538	586767
599821538	984947
629812538	560994
659803538	884627
689794538	824259
719785538	934855
749776538	737190
779767538	869713
809758538	3450168
839749538	887338
869740538	740857
899731538	662312
929722538	676347
959713538	785935
989704538	790320
1019695538	999657
1049686538	726210
1079677538	698088
1109668538	614635
1139659538	995218
1169650538	965869
1199641538	863328
1229632538	697036
1259623538	943788
1289614538	720636
1319605538	854151
1349596538	820457
1379587538	884217
1409578538	1174307
1439569538	649870
1469560538	610571
1499551538	671286
1529542538	989353
1559533538	962377
1589524538	904676
1619515538	2216864
1649506538	918145
1679497538	955446
1709488538	926409
1739479538	868999
1769470538	793655
1799461538	684411
1829452538	906707
1859443538	610805
1889434538	787822
1919425538	972469
1949416538	891688
1979407538	943527
2009398538	1000079
2039389538	633729
2069380538	939938
2099371538	805022
2129362538	898477
2159353538	809557
2189344538	907337
2219335538	2450749
2249326538	584273
2279317538	850648
2309308538	603696
2339299538	626294
2369290538	973856
2399281538	945230
2429272538	2087740
2459263538	837234
2489254538	614580
2519245538	693227
2549236538	703920
2579227538	871048
2609218538	759735
2639209538	873647
2669200538	655407
2699191538	914864
2729182538	750567
2759173538	638615
2789164538	913876
2819155538	796066
2849146538	737049
2879137538	842272
2909128538	893869
2939119538	671162
2969110538	612870
2999101538	924057
3029092538	1933098
3059083538	547552
3089074538	506659
3119065538	825402
3149056538	714941
3179047538	657182
3209038538	721487
3239029538	1293489
3269020538	882236
3299011538	651905
3329002538	513859
3358993538	870359
3388984538	831562
3418975538	639250
3448966538	945128
3478957538	608918
3508948538	568290
3538939538	514174
3568930538	552400
3598921538	702638
3628912538	3581775
3658903538	536695
3688894538	889630
3718885538	1001957
3748876538	544046
3778867538	929209
3808858538	949280
3838849538	1396763
3868840538	922042
3898831538	797394
3928822538	605644
3958813538	693385
3988804538	765538
4018795538	8559452
4048786538	11412985
4078777538	1654006
4108768538	1338627
4138759538	810204
4168750538	764521
4198741538	799775
4228732538	950771
4258723538	580788
4288714538	546593
4318705538	505036
4348696538	1010582
4378687538	653207
4408678538	911383
4438669538	3232630
4468660538	628174
4498651538	563712
4528642538	504220
4558633538	808341
4588624538	628371
4618615538	670838
4648606538	994778
4678597538	516690
4708588538	1002807
4738579538	638753
4768570538	935597
4798561538	531109
4828552538	937071
4858543538	810390
4888534538	545867
4918525538	907560
4948516538	751952
4978507538	795324
5008498538	538773
5038489538	971485
5068480538	943966
5098471538	571807
5128462538	650537
5158453538	1012954
5188444538	672755
5218435538	645172
5248426538	2502371
5278417538	600093
5308408538	889195
5338399538	2146421
5368390538	669868
5398381538	773270
5428372538	877521
5458363538	1000114
5488354538	924503
5518345538	690668
5548336538	599840
5578327538	1129506
5608318538	949519
5638309538	546502
5668300538	810701
5698291538	997591
5728282538	837919
5758273538	981544
5788264538	539403
5818255538	572333
5848246538	1728491
5878237538	583636
5908228538	1287653
5938219538	886314
5968210538	910837
5998201538	864424
6028192538	702638
6058183538	1668859
6088174538	703348
6118165538	954408
6148156538	558171
6178147538	651480
6208138538	669537
6238129538	790832
6268120538	889465
6298111538	637739
6328102538	1021786
6358093538	574280
6388084538	632492
6418075538	549712
6448066538	683610
6478057538	954427
6508048538	765509
6538039538	709005
6568030538	609148
6598021538	670107
6628012538	957478
6658003538	1721616
6687994538	989065
6717985538	533974
6747976538	729293
6777967538	716374
6807958538	673283
6837949538	761988
6867940538	1030525
6897931538	1006489
6927922538	930666
6957913538	894942
6987904538	766752
7017895538	605821
7047886538	515638
7077877538	572601
7107868538	888901
7137859538	796507
7167850538	715419
7197841538	649833
7227832538	867622
7257823538	4179411
7287814538	736091
7317805538	803733
7347796538	714433
7377787538	712576
7407778538	957349
7437769538	957938
7467760538	1227352
7497751538	597767
7527742538	840115
7557733538	875696
7587724538	797921
7617715538	732516
7647706538	775018
7677697538	686859
7707688538	561364
7737679538	1022441
7767670538	555228
7797661538	640056
7827652538	598887
7857643538	627219
7887634538	703832
7917625538	556424
7947616538	490678
7977607538	510290
8007598538	586074
8037589538	679665
8067580538	2860252
8097571538	506871
8127562538	927409
8157553538	790451
8187544538	639996
8217535538	536007
8247526538	941395
8277517538	1094142
8307508538	609463
8337499538	935238
8367490538	811453
8397481538	806961
8427472538	999442
8457463538	652615
8487454538	924453
8517445538	909942
8547436538	751804
8577427538	667858
8607418538	777926
8637409538	833498
8667400538	810904
8697391538	769429
8727382538	635555
8757373538	739112
8787364538	716995
8817355538	671531
8847346538	665022
8877337538	2369063
8907328538	982390
8937319538	636307
8967310538	579324
8997301538	647415
9027292538	506664
9057283538	993956
9087274538	678808
9117265538	702913
9147256538	854570
9177247538	635759
9207238538	923054
9237229538	909563
9267220538	760311
9297211538	953642
9327202538	633342
9357193538	580375
9387184538	846166
9417175538	543349
9447166538	571150
9477157538	2228583
9507148538	819168
9537139538	650228
9567130538	985965
9597121538	996070
9627112538	703264
9657103538	693078
9687094538	1311660
9717085538	985357
9747076538	766771
9777067538	962443
9807058538	930205
9837049538	951255
9867040538	883138
9897031538	783878
9927022538	612611
9957013538	726169
9987004538	576997
10016995538	4160077379
10046986538	4130086379
10076977538	4100095379
10106968538	4070104379
10136959538	4040113379
10166950538	4010122379
10196941538	3980131379
10226932538	3950140379
10256923538	3920149379
10286914538	3890158379
10316905538	3860167379
10346896538	3830176379
10376887538	3800185379
10406878538	3770194379
10436869538	3740203379
10466860538	3710212379
10496851538	3680221379
10526842538	3650230379
10556833538	3620239379
10586824538	3590248379
10616815538	3560257379
10646806538	3530266379
10676797538	3500275379
10706788538	3470284379
10736779538	3440293379
10766770538	3410302379
10796761538	3380311379
10826752538	3350320379
10856743538	3320329379
10886734538	3290338379
10916725538	3260347379
10946716538	3230356379
10976707538	3200365379
11006698538	3170374379
11036689538	3140383379
11066680538	3110392379
11096671538	3080401379
11126662538	3050410379
11156653538	3020419379
11186644538	2990428379
11216635538	2960437379
11246626538	2930446379
11276617538	2900455379
11306608538	2870464379
11336599538	2840473379
11366590538	2810482379
11396581538	2780491379
11426572538	2750500379
11456563538	2720509379
11486554538	2690518379
11516545538	2660527379
11546536538	2630536379
11576527538	2600545379
11606518538	2570554379
11636509538	2540563379
11666500538	2510572379
11696491538	2480581379
11726482538	2450590379
11756473538	2420599379
11786464538	2390608379
11816455538	2360617379
11846446538	2330626379
11876437538	2300635379
11906428538	2270644379
11936419538	2240653379
11966410538	2210662379
11996401538	2180671379
12026392538	2150680379
12056383538	2120689379
12086374538	2090698379
12116365538	2060707379
12146356538	2030716379
12176347538	2000725379
12206338538	1970734379
12236329538	1940743379
12266320538	1910752379
12296311538	1880761379
12326302538	1850770379
12356293538	1820779379
12386284538	1790788379
12416275538	1760797379
12446266538	1730806379
12476257538	1700815379
12506248538	1670824379
12536239538	1640833379
12566230538	1610842379
12596221538	1580851379
12626212538	1550860379
12656203538	1520869379
12686194538	1490878379
12716185538	1460887379
12746176538	1430896379
12776167538	1400905379
12806158538	1370914379
12836149538	1340923379
12866140538	1310932379
12896131538	1280941379
12926122538	1250950379
12956113538	1771706783
12986104538	1741715783
13016095538	1711724783
13046086538	1681733783
13076077538	1651742783
13106068538	1621751783
13136059538	1591760783
13166050538	1561769783
13196041538	1531778783
13226032538	1501787783
13256023538	1471796783
13286014538	1441805783
13316005538	1411814783
13345996538	1381823783
13375987538	1351832783
13405978538	1321841783
13435969538	1291850783
13465960538	1261859783
13495951538	1231868783
13525942538	1201877783
13555933538	1171886783
13585924538	1141895783
13615915538	1111904783
13645906538	1081913783
13675897538	1051922783
13705888538	1021931783
13735879538	991940783
13765870538	961949783
13795861538	931958783
13825852538	901967783
13855843538	871976783
13885834538	841985783
13915825538	811994783
13945816538	782003783
13975807538	752012783
14005798538	722021783
14035789538	692030783
14065780538	662039783
14095771538	632048783
14125762538	602057783
14155753538	572066783
14185744538	542075783
14215735538	758962160
14245726538	728971160
14275717538	698980160
14305708538	668989160
14335699538	638998160
14365690538	609007160
14395681538	579016160
14425672538	549025160
14455663538	519034160
14485654538	489043160
14515645538	459052160
14545636538	429061160
14575627538	399070160
14605618538	369079160
14635609538	339088160
14665600538	309097160
14695591538	279106160
14725582538	249115160
14755573538	330415779
14785564538	300424779
14815555538	270433779
14845546538	240442779
14875537538	210451779
14905528538	180460779
14935519538	150469779
14965510538	120478779
14995501538	143466676
15025492538	113475676
15055483538	83484676
15085474538	53493676
15115465538	47434889
15145456538	28694012
15175447538	6269746
15205438538	148281
15235429538	190838
15265420538	170216
15295411538	208606
15325402538	618925
15355393538	211274
15385384538	338427
15415375538	299382
15445366538	250685
15475357538	249464
15505348538	207034
15535339538	325962
15565330538	115709
15595321538	388760
15625312538	262664
15655303538	268199
15685294538	129486
15715285538	304364
15745276538	219967
15775267538	327760
15805258538	194680
15835249538	266129
15865240538	170304
15895231538	413340
15925222538	333591
15955213538	292472
15985204538	249707
16015195538	224851
16045186538	281905
16075177538	136573
16105168538	226580
16135159538	233228
16165150538	366449
16195141538	295794
16225132538	207489
16255123538	225648
16285114538	139948
16315105538	325405
16345096538	387002
16375087538	329886
16405078538	176904
16435069538	211751
16465060538	410847
16495051538	226325
16525042538	356580
16555033538	218127
16585024538	235506
16615015538	304103
16645006538	218226
16674997538	214836
16704988538	349125
16734979538	398923
16764970538	270415
16794961538	320722
16824952538	309565
16854943538	332523
16884934538	296667
16914925538	344869
16944916538	243003
16974907538	230356
17004898538	273499
17034889538	133386
17064880538	421404
17094871538	138204
17124862538	399354
17154853538	293287
17184844538	204831
17214835538	303879
17244826538	223745
17274817538	5229010
17304808538	381892
17334799538	126389
17364790538	348123
17394781538	269964
17424772538	267461
17454763538	358837
17484754538	217919
17514745538	307430
17544736538	256757
17574727538	226341
17604718538	281956
17634709538	152469
17664700538	307961
17694691538	301396
17724682538	207969
17754673538	321225
17784664538	455035
17814655538	167165
17844646538	336685
17874637538	374259
17904628538	426339
17934619538	208044
17964610538	143923
17994601538	236261
18024592538	265634
18054583538	338241
18084574538	329374
18114565538	226556
18144556538	2344085
18174547538	151709
18204538538	255355
18234529538	275862
18264520538	280416
18294511538	127784
18324502538	283626
18354493538	253949
18384484538	276457
18414475538	139742
18444466538	286509
18474457538	234139
18504448538	284769
18534439538	261686
18564430538	213584
18594421538	260720
18624412538	199570
18654403538	219959
18684394538	268862
18714385538	382392
18744376538	346504
18774367538	244657
18804358538	235673
18834349538	195686
18864340538	428762
18894331538	265193
18924322538	172056
18954313538	467179
18984304538	190965
19014295538	185690
19044286538	241693
19074277538	204077
19104268538	207451
19134259538	290897
19164250538	197540
19194241538	303599
19224232538	289589
19254223538	307998
19284214538	289930
19314205538	300028
19344196538	115563
19374187538	267376
19404178538	269947
19434169538	145942
19464160538	222477
19494151538	264127
19524142538	254595
19554133538	230523
19584124538	295975
19614115538	244401
19644106538	183473
19674097538	213563
19704088538	156527
19734079538	301434
19764070538	177504
19794061538	212589
19824052538	285532
19854043538	409754
19884034538	317635
19914025538	230079
19944016538	135953
19974007538	258900
20003998538	14700342
20033989538	18202965
20063980538	11856857
20093971538	14052901
20123962538	15303181
20153953538	11516987
20183944538	16108351
20213935538	7584759
20243926538	10908907
20273917538	14927217
20303908538	12054290
20333899538	14927110
20363890538	6824009
20393881538	11964284
20423872538	17228675
20453863538	17326791
20483854538	9976970
20513845538	15223491
20543836538	16586948
20573827538	14722799
20603818538	17614020
20633809538	12902097
20663800538	15105791
20693791538	11147400
20723782538	13691116
20753773538	10233829
20783764538	15272311
20813755538	10883965
20843746538	19123121
20873737538	10047139
20903728538	15602621
20933719538	14780797
20963710538	20789650
20993701538	25539281
21023692538	31291734
21053683538	13176067
21083674538	10069772
21113665538	18731417
21143656538	17561042
21173647538	8806319
21203638538	14227480
21233629538	13022575
21263620538	20418933
21293611538	20850571
21323602538	13206483
21353593538	20356704
21383584538	17307064
21413575538	22230773
21443566538	16442243
21473557538	10895116
21503548538	20405118
21533539538	22303792
21563530538	15567370
21593521538	11008636
21623512538	19920951
21653503538	24133712
21683494538	19006515
21713485538	12709019
21743476538	21049266
21773467538	16292966
21803458538	26962284
21833449538	24187764
21863440538	19676371
21893431538	16869959
21923422538	13421123
21953413538	11218634
21983404538	25944203
22013395538	23086755
22043386538	20488308
22073377538	18133135
22103368538	25952268
22133359538	25236186
22163350538	23848714
22193341538	26527711
22223332538	26692131
22253323538	25486773
22283314538	24553199
22313305538	23384955
22343296538	21190706
22373287538	19641047
22403278538	21420738
22433269538	20938214
22463260538	20616209
22493251538	20186579
22523242538	20023151
22553233538	22613472
22583224538	26934906
22613215538	32016155
22643206538	21460075
22673197538	24084285
22703188538	26295815
22733179538	28383623
22763170538	30407072
22793161538	13989628
22823152538	17673492
22853143538	21115040
22883134538	24740971
22913125538	28301080
22943116538	31973685
22973107538	21948402
23003098538	28808903
23033089538	24215938
23063080538	7649524
23093071538	1830722
23123062538	1574122
23153053538	670140
23183044538	2777793
23213035538	728263
23243026538	754141
23273017538	928397
23303008538	675806
23332999538	753084
23362990538	918542
23392981538	2192909
23422972538	747952
23452963538	798758
23482954538	926428
23512945538	531994
23542936538	737959
23572927538	671599
23602918538	902791
23632909538	683235
23662900538	904154
23692891538	584492
23722882538	607959
23752873538	945637
23782864538	633973
23812855538	996282
23842846538	608259
23872837538	512247
23902828538	809445
23932819538	662003
23962810538	545135
23992801538	1716384
24022792538	1006520
24052783538	726145
24082774538	561064
24112765538	776367
24142756538	999377
24172747538	544550
24202738538	1366124
24232729538	862268
24262720538	1001037
24292711538	809175
24322702538	975276
24352693538	685158
24382684538	915901
24412675538	933464
24442666538	812569
24472657538	907687
24502648538	549898
24532639538	604676
24562630538	769991
24592621538	695565
24622612538	785588
24652603538	883209
24682594538	595935
24712585538	909745
24742576538	541916
24772567538	740996
24802558538	1506704
24832549538	662372
24862540538	995318
24892531538	598272
24922522538	978582
24952513538	616059
24982504538	686893
25012495538	777234
25042486538	928991
25072477538	614939
25102468538	805504
25132459538	930555
25162450538	593262
25192441538	657158
25222432538	667432
25252423538	874731
25282414538	1004019
25312405538	994221
25342396538	675625
25372387538	714526
25402378538	3569425
25432369538	690649
25462360538	777585
25492351538	871153
25522342538	645388
25552333538	775075
25582324538	642518
25612315538	801745
25642306538	793908
25672297538	590778
25702288538	743848
25732279538	819727
25762270538	977309
25792261538	717162
25822252538	1018419
25852243538	1009759
25882234538	615220
25912225538	929762
25942216538	706295
25972207538	779474
26002198538	919743
26032189538	928192
26062180538	577059
26092171538	525104
26122162538	690464
26152153538	718982
26182144538	740758
26212135538	2881226
26242126538	541969
26272117538	756817
26302108538	846485
26332099538	866587
26362090538	540855
26392081538	574567
26422072538	1070460
26452063538	671260
26482054538	707721
26512045538	954484
26542036538	930080
26572027538	962065
26602018538	879456
26632009538	812560
26662000538	884001
26691991538	960370
26721982538	630255
26751973538	628905
26781964538	742256
26811955538	1816411
26841946538	755406
26871937538	804739
26901928538	871341
26931919538	618829
26961910538	910036
26991901538	581571
27021892538	1348076
27051883538	701641
27081874538	796394
27111865538	936119
27141856538	617453
27171847538	620211
27201838538	875424
27231829538	735917
27261820538	723770
27291811538	774686
27321802538	1002155
27351793538	694447
27381784538	906785
27411775538	920606
27441766538	534702
27471757538	1013409
27501748538	648958
27531739538	719790
27561730538	724036
27591721538	505187
27621712538	2006821
27651703538	512802
27681694538	847337
27711685538	997339
27741676538	621422
27771667538	871666
27801658538	911086
27831649538	902902
27861640538	754846
27891631538	542889
27921622538	1017426
27951613538	747275
27981604538	848717
28011595538	650010
28041586538	609963
28071577538	856453
28101568538	582937
28131559538	761965
28161550538	935482
28191541538	652315
28221532538	694235
28251523538	763940
28281514538	635349
28311505538	715685
28341496538	932994
28371487538	960419
28401478538	547494
28431469538	1317173
28461460538	764522
28491451538	751525
28521442538	981118
28551433538	537449
28581424538	819903
28611415538	646990
28641406538	1037594
28671397538	866925
28701388538	572769
28731379538	708658
28761370538	902864
28791361538	525862
28821352538	544050
28851343538	528592
28881334538	611760
28911325538	652123
28941316538	652697
28971307538	763934
29001298538	893220
29031289538	2680882
29061280538	819255
29091271538	741114
29121262538	844638
29151253538	515635
29181244538	988429
29211235538	572411
29241226538	873043
29271217538	761675
29301208538	837570
29331199538	534006
29361190538	522654
29391181538	694172
29421172538	668880
29451163538	856191
29481154538	565722
29511145538	705689
29541136538	746548
29571127538	662045
29601118538	737437
29631109538	965713
29661100538	610297
29691091538	946710
29721082538	577025
29751073538	815579
29781064538	531615
29811055538	671722
29841046538	3010169
29871037538	798058
29901028538	970660
29931019538	832457
29961010538	963679
