1332	2470779
29971332	6522413
59941332	3979457
89911332	4322746
119881332	3495456
149851332	2945555
179821332	4652259
209791332	5362245
239761332	2777028
269731332	2834729
299701332	4957543
329671332	5223062
359641332	4880980
389611332	5805861
419581332	3765673
449551332	2892218
479521332	3271318
509491332	2988228
539461332	3318126
569431332	4834920
599401332	4851475
629371332	3884790
659341332	4442019
689311332	3393292
719281332	3528161
749251332	3477050
779221332	3347300
809191332	4923531
839161332	4448219
869131332	4063828
899101332	3465702
929071332	3262541
959041332	4501401
989011332	2703149
1018981332	4563204
1048951332	6621160
1078921332	3643203
1108891332	4274290
1138861332	3490412
1168831332	4449306
1198801332	3335535
1228771332	4819665
1258741332	3985628
1288711332	3029184
1318681332	4086922
1348651332	3474679
1378621332	2740530
1408591332	6448851
1438561332	5010136
1468531332	5462204
1498501332	2991552
1528471332	4497475
1558441332	3161557
1588411332	3062595
1618381332	3822721
1648351332	2610600
1678321332	2740917
1708291332	4403194
1738261332	4134087
1768231332	5471657
1798201332	4980121
1828171332	4256110
1858141332	3435120
1888111332	4467539
1918081332	3340108
1948051332	2863928
1978021332	3101044
2007991332	2543876
2037961332	3525365
2067931332	4494240
2097901332	7436095
2127871332	5541739
2157841332	3383667
2187811332	2841092
2217781332	4287026
2247751332	3308930
2277721332	5021690
2307691332	4936608
2337661332	4473783
2367631332	3374887
2397601332	4432462
2427571332	3682002
2457541332	4075186
2487511332	4068481
2517481332	4068489
2547451332	2886969
2577421332	4001239
2607391332	2899537
2637361332	3737102
2667331332	4123465
2697301332	2707029
2727271332	3781359
2757241332	2674177
2787211332	3715907
2817181332	5230552
2847151332	4453062
2877121332	3726409
2907091332	3204489
2937061332	5158146
2967031332	4481633
2997001332	3674530
3026971332	3421516
3056941332	4497986
3086911332	4104693
3116881332	3036313
3146851332	6148045
3176821332	4878304
3206791332	4282354
3236761332	2374681
3266731332	2699190
3296701332	4199788
3326671332	3685921
3356641332	4715720
3386611332	2717669
3416581332	2733547
3446551332	2879936
3476521332	4315282
3506491332	5438421
3536461332	2841859
3566431332	5114004
3596401332	4003603
3626371332	4977733
3656341332	3388028
3686311332	3987192
3716281332	4346572
3746251332	3151900
3776221332	3035160
3806191332	4061044
3836161332	2887088
3866131332	3739522
3896101332	2795176
3926071332	4018845
3956041332	2429664
3986011332	2727353
4015981332	4375172
4045951332	2458888
4075921332	3461298
4105891332	3795232
4135861332	3763535
4165831332	4130251
4195801332	6646927
4225771332	5515074
4255741332	5037119
4285711332	3727348
4315681332	5095914
4345651332	3523830
4375621332	5688916
4405591332	3321656
4435561332	4420932
4465531332	3353530
4495501332	4434980
4525471332	3318387
4555441332	4813101
4585411332	4741250
4615381332	3460534
4645351332	3744402
4675321332	3725438
4705291332	3893632
4735261332	5512117
4765231332	4933407
4795201332	3856200
4825171332	2938799
4855141332	4652664
4885111332	3419809
4915081332	3579888
4945051332	4633937
4975021332	4892421
5004991332	4729260
5034961332	3266044
5064931332	6523615
5094901332	5101017
5124871332	2784804
5154841332	4506397
5184811332	3095226
5214781332	4154185
5244751332	5159605
5274721332	3248814
5304691332	2468042
5334661332	2722218
5364631332	3351151
5394601332	3928347
5424571332	3059151
5454541332	3443094
5484511332	3436742
5514481332	4579134
5544451332	2848598
5574421332	3944426
5604391332	3629270
5634361332	2983326
5664331332	4719175
5694301332	2935523
5724271332	4141649
5754241332	2446419
5784211332	2864161
5814181332	3995446
5844151332	4088501
5874121332	3263969
5904091332	4134651
5934061332	4265598
5964031332	4169867
5994001332	3095434
6023971332	4502357
6053941332	2830619
6083911332	4382291
6113881332	4170719
6143851332	4432701
6173821332	3615872
6203791332	4514479
6233761332	4208287
6263731332	3607020
6293701332	5224705
6323671332	5080355
6353641332	4573918
6383611332	2988337
6413581332	3591281
6443551332	4087348
6473521332	5085681
6503491332	3101344
6533461332	3776499
6563431332	3498798
6593401332	4070052
6623371332	2388112
6653341332	3919606
6683311332	5168898
6713281332	4179720
6743251332	2974369
6773221332	4646898
6803191332	3835892
6833161332	5630799
6863131332	3077600
6893101332	4603955
6923071332	3553709
6953041332	3530044
6983011332	5647774
7012981332	4522218
7042951332	3314861
7072921332	2434100
7102891332	3373845
7132861332	5389870
7162831332	11665860
7192801332	16118554
7222771332	18796821
7252741332	17081263
7282711332	10289744
7312681332	9895468
7342651332	11090664
7372621332	6969335
7402591332	5684411
7432561332	4698639
7462531332	4670982
7492501332	3307078
7522471332	3756400
7552441332	5228415
7582411332	4525624
7612381332	3687934
7642351332	2955767
7672321332	4593606
7702291332	4131681
7732261332	4170353
7762231332	4024375
7792201332	2640849
7822171332	3825988
7852141332	4973534
7882111332	3492113
7912081332	2605965
7942051332	2525466
7972021332	3791701
8001991332	2377359
8031961332	3935973
8061931332	3716437
8091901332	2499731
8121871332	2912169
8151841332	2852930
8181811332	2556410
8211781332	5011021
8241751332	3654159
8271721332	3257838
8301691332	2643851
8331661332	2617350
8361631332	4150270
8391601332	6101327
8421571332	3321174
8451541332	4752195
8481511332	4378069
8511481332	3214973
8541451332	4130427
8571421332	5339989
8601391332	3658621
8631361332	4152614
8661331332	4545894
8691301332	2666928
8721271332	2822289
8751241332	5639231
8781211332	3757767
8811181332	4718113
8841151332	3160369
8871121332	4751717
8901091332	3881694
8931061332	4949830
8961031332	4080438
8991001332	3212490
9020971332	4010409
9050941332	4249379
9080911332	8200660
9110881332	3518762
9140851332	2898085
9170821332	8286533
9200791332	9653327
9230761332	7275688
9260731332	6325165
9290701332	6053221
9320671332	3758849
9350641332	3207463
9380611332	3684054
9410581332	3860907
9440551332	4504910
9470521332	4850195
9500491332	2788304
9530461332	4483409
9560431332	3765839
9590401332	2571892
9620371332	5526938
9650341332	5081752
9680311332	3550511
9710281332	2427164
9740251332	3072762
9770221332	3596277
9800191332	3340072
9830161332	3922182
9860131332	2390069
9890101332	2646475
9920071332	2920638
9950041332	2875159
9980011332	5137355
10009981332	3821755191
10039951332	3791785191
10069921332	3761815191
10099891332	3731845191
10129861332	3701875191
10159831332	3671905191
10189801332	3641935191
10219771332	3611965191
10249741332	3581995191
10279711332	3552025191
10309681332	3522055191
10339651332	3492085191
10369621332	3462115191
10399591332	3432145191
10429561332	3402175191
10459531332	3372205191
10489501332	3342235191
10519471332	3312265191
10549441332	3282295191
10579411332	3252325191
10609381332	3222355191
10639351332	3192385191
10669321332	3162415191
10699291332	3132445191
10729261332	3102475191
10759231332	3072505191
10789201332	3042535191
10819171332	3012565191
10849141332	2982595191
10879111332	2952625191
10909081332	2922655191
10939051332	2892685191
10969021332	2862715191
10998991332	2832745191
11028961332	2802775191
11058931332	2772805191
11088901332	2742835191
11118871332	2712865191
11148841332	2682895191
11178811332	2652925191
11208781332	2622955191
11238751332	2592985191
11268721332	2563015191
11298691332	2533045191
11328661332	2503075191
11358631332	2473105191
11388601332	2443135191
11418571332	2413165191
11448541332	2383195191
11478511332	2353225191
11508481332	2323255191
11538451332	2293285191
11568421332	2263315191
11598391332	2233345191
11628361332	2203375191
11658331332	2173405191
11688301332	2143435191
11718271332	2113465191
11748241332	2083495191
11778211332	2053525191
11808181332	2023555191
11838151332	1993585191
11868121332	1963615191
11898091332	1933645191
11928061332	1903675191
11958031332	1873705191
11988001332	1843735191
12017971332	1813765191
12047941332	1783795191
12077911332	1753825191
12107881332	1723855191
12137851332	1693885191
12167821332	1663915191
12197791332	1633945191
12227761332	1603975191
12257731332	1574005191
12287701332	1544035191
12317671332	1514065191
12347641332	1484095191
12377611332	1454125191
12407581332	1424155191
12437551332	1394185191
12467521332	1364215191
12497491332	1334245191
12527461332	1304275191
12557431332	1976298173
12587401332	1946328173
12617371332	1916358173
12647341332	1886388173
12677311332	1856418173
12707281332	1826448173
12737251332	1796478173
12767221332	1766508173
12797191332	1736538173
12827161332	1706568173
12857131332	1676598173
12887101332	1646628173
12917071332	1616658173
12947041332	1586688173
12977011332	1556718173
13006981332	1526748173
13036951332	1496778173
13066921332	1466808173
13096891332	1436838173
13126861332	1406868173
13156831332	1376898173
13186801332	1346928173
13216771332	1316958173
13246741332	1286988173
13276711332	1257018173
13306681332	1227048173
13336651332	1197078173
13366621332	1167108173
13396591332	1137138173
13426561332	1107168173
13456531332	1077198173
13486501332	1047228173
13516471332	1017258173
13546441332	987288173
13576411332	957318173
13606381332	927348173
13636351332	897378173
13666321332	867408173
13696291332	837438173
13726261332	807468173
13756231332	777498173
13786201332	747528173
13816171332	717558173
13846141332	687588173
13876111332	1034922365
13906081332	1004952365
13936051332	974982365
13966021332	945012365
13995991332	915042365
14025961332	885072365
14055931332	855102365
14085901332	825132365
14115871332	795162365
14145841332	765192365
14175811332	735222365
14205781332	705252365
14235751332	675282365
14265721332	645312365
14295691332	615342365
14325661332	585372365
14355631332	555402365
14385601332	525432365
14415571332	495462365
14445541332	465492365
14475511332	435522365
14505481332	405552365
14535451332	375582365
14565421332	553646647
14595391332	523676647
14625361332	493706647
14655331332	463736647
14685301332	433766647
14715271332	403796647
14745241332	373826647
14775211332	343856647
14805181332	313886647
14835151332	283916647
14865121332	253946647
14895091332	223976647
14925061332	314104318
14955031332	284134318
14985001332	254164318
15014971332	224194318
15044941332	194224318
15074911332	164254318
15104881332	134284318
15134851332	172258517
15164821332	142288517
15194791332	112318517
15224761332	82348517
15254731332	90064493
15284701332	60094493
15314671332	50040953
15344641332	20070953
15374611332	9242037
15404581332	360925
15434551332	487230
15464521332	243881
15494491332	363104
15524461332	321454
15554431332	344540
15584401332	373723
15614371332	388036
15644341332	427008
15674311332	314766
15704281332	443172
15734251332	348463
15764221332	283606
15794191332	416547
15824161332	257578
15854131332	428521
15884101332	399623
15914071332	405442
15944041332	316447
15974011332	267453
16003981332	485992
16033951332	285142
16063921332	1943227
16093891332	341017
16123861332	267670
16153831332	359277
16183801332	395269
16213771332	430023
16243741332	387636
16273711332	512263
16303681332	317993
16333651332	377218
16363621332	508371
16393591332	432036
16423561332	369867
16453531332	428261
16483501332	494723
16513471332	352503
16543441332	321295
16573411332	280683
16603381332	262637
16633351332	306635
16663321332	396528
16693291332	437548
16723261332	344222
16753231332	353986
16783201332	266137
16813171332	321096
16843141332	296138
16873111332	471961
16903081332	455127
16933051332	344691
16963021332	347726
16992991332	349102
17022961332	389236
17052931332	329843
17082901332	330540
17112871332	1519405
17142841332	478475
17172811332	498088
17202781332	368902
17232751332	252556
17262721332	400514
17292691332	375129
17322661332	490560
17352631332	287352
17382601332	397914
17412571332	316601
17442541332	357423
17472511332	327741
17502481332	277784
17532451332	395717
17562421332	353072
17592391332	448020
17622361332	371820
17652331332	467186
17682301332	288596
17712271332	435134
17742241332	451313
17772211332	367153
17802181332	490485
17832151332	251235
17862121332	393230
17892091332	253196
17922061332	446931
17952031332	335474
17982001332	374220
18011971332	473455
18041941332	413251
18071911332	253565
18101881332	245843
18131851332	398424
18161821332	1171385
18191791332	247085
18221761332	369035
18251731332	304620
18281701332	470658
18311671332	336352
18341641332	321985
18371611332	368826
18401581332	414122
18431551332	422085
18461521332	348063
18491491332	413180
18521461332	517241
18551431332	443465
18581401332	286383
18611371332	487942
18641341332	450059
18671311332	397876
18701281332	319893
18731251332	476208
18761221332	469091
18791191332	270646
18821161332	462214
18851131332	378867
18881101332	506856
18911071332	405467
18941041332	383807
18971011332	457433
19000981332	508441
19030951332	1326793
19060921332	423448
19090891332	348915
19120861332	480583
19150831332	261490
19180801332	430115
19210771332	639887
19240741332	434656
19270711332	314401
19300681332	397455
19330651332	421697
19360621332	242250
19390591332	272246
19420561332	448247
19450531332	348333
19480501332	485541
19510471332	462775
19540441332	425084
19570411332	376148
19600381332	288061
19630351332	341122
19660321332	301218
19690291332	294598
19720261332	469362
19750231332	486084
19780201332	428785
19810171332	278504
19840141332	476297
19870111332	406533
19900081332	379444
19930051332	379139
19960021332	357853
19989991332	384486
20019961332	18146014
20049931332	17025624
20079901332	8245078
20109871332	12659723
20139841332	8088794
20169811332	15732454
20199781332	16976965
20229751332	12314989
20259721332	17547050
20289691332	16704780
20319661332	8140996
20349631332	19127773
20379601332	9061201
20409571332	19159945
20439541332	10908044
20469511332	16931243
20499481332	17747733
20529451332	10385974
20559421332	17330246
20589391332	16783450
20619361332	11101612
20649331332	20674591
20679301332	21568910
20709271332	15351419
20739241332	8788706
20769211332	16986427
20799181332	21821286
20829151332	15381862
20859121332	10492394
20889091332	20559129
20919061332	25575099
20949031332	22027394
20979001332	20555687
21008971332	17081439
21038941332	12575277
21068911332	24519337
21098881332	21760016
21128851332	19320494
21158821332	18410641
21188791332	27636484
21218761332	26641576
21248731332	25161082
21278701332	23046495
21308671332	25336280
21338641332	27066337
21368611332	26782418
21398581332	25828332
21428551332	25278680
21458521332	24543460
21488491332	25922214
21518461332	27243324
21548431332	29259378
21578401332	30627349
21608371332	19299168
21638341332	20399792
21668311332	24518019
21698281332	27844527
21728251332	31059931
21758221332	14514643
21788191332	18324755
21818161332	22733850
21848131332	29099223
21878101332	34567075
21908071332	25113041
21938041332	29462023
21968011332	34458272
21997981332	19145497
22027951332	30004379
22057921332	22148526
22087891332	30269208
22117861332	16255131
22147831332	24453040
22177801332	33431235
22207771332	26852514
22237741332	36078462
22267711332	22631163
22297681332	30650662
22327651332	23208530
22357621332	35365837
22387591332	23694458
22417561332	35365805
22447531332	29440114
22477501332	41677683
22507471332	29799810
22537441332	44434295
22567411332	40224403
22597381332	29500392
22627351332	43503505
22657321332	38235706
22687291332	27264949
22717261332	45054789
22747231332	41693902
22777201332	32110678
22807171332	28219306
22837141332	44588868
22867111332	35395040
22897081332	33237760
22927051332	24487903
22957021332	43487585
22986991332	41136688
23016961332	32599570
23046931332	29971627
23076901332	24360699
23106871332	46457214
23136841332	45794301
23166811332	39064903
23196781332	38733948
23226751332	33020757
23256721332	34016860
23286691332	28458080
23316661332	53018790
23346631332	53325991
23376601332	47580298
23406571332	50495769
23436541332	46734030
23466511332	48890124
23496481332	44950336
23526451332	47209288
23556421332	43416481
23586391332	47436847
23616361332	44750540
23646331332	48235407
23676301332	45512699
23706271332	49269038
23736241332	46980333
23766211332	53700053
23796181332	53103041
23826151332	58625033
23856121332	58073395
23886091332	63803455
23916061332	64068938
23946031332	34098938
23976001332	41370386
24005971332	42018571
24035941332	49375381
24065911332	50576387
24095881332	59335613
24125851332	63377802
24155821332	33407802
24185791332	42654606
24215761332	45780808
24245731332	55200353
24275701332	58946529
24305671332	70083416
24335641332	74576782
24365611332	44606782
24395581332	55167447
24425551332	59889416
24455521332	74395437
24485491332	44425437
24515461332	51636228
24545431332	65196087
24575401332	72456172
24605371332	42486172
24635341332	56441720
24665311332	64920340
24695281332	67714704
24725251332	37744704
24755221332	36084910
24785191332	30544626
24815161332	24556542
24845131332	31386368
24875101332	16024160
24905071332	18992754
24935041332	11247914
24965011332	6234346
24994981332	4807705
25024951332	3160402
25054921332	4690773
25084891332	3239627
25114861332	3826575
25144831332	7375591
25174801332	4951994
25204771332	4757136
25234741332	2752482
25264711332	2698466
25294681332	3112452
25324651332	4809637
25354621332	4866071
25384591332	4694158
25414561332	3667753
25444531332	4423680
25474501332	3515251
25504471332	4987520
25534441332	5116136
25564411332	3956090
25594381332	4705624
25624351332	2790808
25654321332	2969669
25684291332	4142777
25714261332	4463278
25744231332	3429351
25774201332	4476481
25804171332	3688281
25834141332	4538538
25864111332	3603560
25894081332	3377556
25924051332	3397977
25954021332	2626566
25983991332	2886330
26013961332	6087671
26043931332	4522000
26073901332	3784717
26103871332	4248043
26133841332	2719650
26163811332	4008905
26193781332	6934537
26223751332	3431460
26253721332	3093139
26283691332	4176159
26313661332	2643537
26343631332	3274137
26373601332	5388362
26403571332	3008126
26433541332	3304139
26463511332	3477239
26493481332	3654784
26523451332	2880800
26553421332	3828350
26583391332	4335716
26613361332	2955829
26643331332	3814450
26673301332	4714992
26703271332	4724629
26733241332	2627614
26763211332	3937001
26793181332	4017947
26823151332	2437648
26853121332	2837831
26883091332	2528876
26913061332	3417792
26943031332	3851737
26973001332	3405612
27002971332	4350176
27032941332	4161571
27062911332	3594728
27092881332	4203789
27122851332	2973701
27152821332	3866253
27182791332	3400600
27212761332	4882976
27242731332	6694900
27272701332	4138440
27302671332	3306417
27332641332	3215500
27362611332	3154597
27392581332	3359245
27422551332	4590385
27452521332	3994160
27482491332	2405735
27512461332	2717693
27542431332	2615891
27572401332	2253315
27602371332	5962330
27632341332	3043689
27662311332	3809579
27692281332	4043708
27722251332	3854307
27752221332	2489486
27782191332	3233240
27812161332	4027196
27842131332	3989884
27872101332	4630800
27902071332	4837543
27932041332	3884066
27962011332	5669897
27991981332	3809088
28021951332	4868717
28051921332	3338709
28081891332	3745989
28111861332	5427539
28141831332	3581077
28171801332	3450163
28201771332	2470046
28231741332	3821065
28261711332	2542183
28291681332	7376465
28321651332	4690608
28351621332	2756332
28381591332	2486598
28411561332	3800201
28441531332	4676221
28471501332	6401161
28501471332	3903719
28531441332	2752183
28561411332	3329812
28591381332	4007087
28621351332	2690753
28651321332	4468297
28681291332	4078493
28711261332	4640354
28741231332	4502323
28771201332	4708868
28801171332	3764479
28831141332	2997587
28861111332	2435550
28891081332	3446404
28921051332	4374514
28951021332	3096479
28980991332	2848583
29010961332	3150873
29040931332	2926168
29070901332	3617036
29100871332	2881195
29130841332	4148309
29160811332	4797825
29190781332	4275159
29220751332	3075578
29250721332	4120051
29280691332	4385696
29310661332	4323170
29340631332	5878606
29370601332	4967100
29400571332	2622372
29430541332	4269452
29460511332	4437204
29490481332	3470861
29520451332	3826673
29550421332	3661449
29580391332	3845286
29610361332	3981063
29640331332	2776731
29670301332	2793042
29700271332	4838481
29730241332	4882035
29760211332	3225959
29790181332	4728280
29820151332	3144332
29850121332	3404893
29880091332	4936192
29910061332	3637265
29940031332	4292895
