1250	2635842
30001250	13443192
60001250	19571869
90001250	11411722
120001250	10932498
150001250	14803091
180001250	9565254
210001250	9042855
240001250	10798383
270001250	8883495
300001250	5326959
330001250	7390556
360001250	11166447
390001250	10278689
420001250	6839488
450001250	6960279
480001250	5958786
510001250	8252172
540001250	9662369
570001250	9160296
600001250	7692433
630001250	5731928
660001250	11978638
690001250	6461156
720001250	8755213
750001250	8402726
780001250	6458400
810001250	4710107
840001250	6062923
870001250	6218545
900001250	4822442
930001250	6880033
960001250	4657232
990001250	12028776
1020001250	6436824
1050001250	9556189
1080001250	5273677
1110001250	9392672
1140001250	7352672
1170001250	9432256
1200001250	9504313
1230001250	8161443
1260001250	5402469
1290001250	6602410
1320001250	7971945
1350001250	8074371
1380001250	9834639
1410001250	9399812
1440001250	7413345
1470001250	4815029
1500001250	6462077
1530001250	6089793
1560001250	8987373
1590001250	6459187
1620001250	8112440
1650001250	10372318
1680001250	9141750
1710001250	5076424
1740001250	9054654
1770001250	6920920
1800001250	9140782
1830001250	7048519
1860001250	7337070
1890001250	5673182
1920001250	7538278
1950001250	8650234
1980001250	12003795
2010001250	10453768
2040001250	6379096
2070001250	5713305
2100001250	8190590
2130001250	5156553
2160001250	7386844
2190001250	6618646
2220001250	8830306
2250001250	6015229
2280001250	7303035
2310001250	12264748
2340001250	5607173
2370001250	6851733
2400001250	5881709
2430001250	8189966
2460001250	6256011
2490001250	9139598
2520001250	9208454
2550001250	7354934
2580001250	4993550
2610001250	6847894
2640001250	11128269
2670001250	9337744
2700001250	9887937
2730001250	9049862
2760001250	7246537
2790001250	6369738
2820001250	9634808
2850001250	4996667
2880001250	8531742
2910001250	7233395
2940001250	5258478
2970001250	10596688
3000001250	8754308
3030001250	9214605
3060001250	7882925
3090001250	5348422
3120001250	8775865
3150001250	9227651
3180001250	7463715
3210001250	4607496
3240001250	5934836
3270001250	6768235
3300001250	7527997
3330001250	6739363
3360001250	8538305
3390001250	7688904
3420001250	5662657
3450001250	20725231
3480001250	25305985
3510001250	33935436
3540001250	23655757
3570001250	32208380
3600001250	20673106
3630001250	29675279
3660001250	35269242
3690001250	21801132
3720001250	22272944
3750001250	19423128
3780001250	15210807
3810001250	20708413
3840001250	11415722
3870001250	8752444
3900001250	10031004
3930001250	7375953
3960001250	8893717
3990001250	12556973
4020001250	6067786
4050001250	7807350
4080001250	7154496
4110001250	7942240
4140001250	8238098
4170001250	14115427
4200001250	13198496
4230001250	13845027
4260001250	14154883
4290001250	20546651
4320001250	12624231
4350001250	12748323
4380001250	9813323
4410001250	11514578
4440001250	12062936
4470001250	9863666
4500001250	10186759
4530001250	7666018
4560001250	8320522
4590001250	10192190
4620001250	11797033
4650001250	10395351
4680001250	6590662
4710001250	5964518
4740001250	8984728
4770001250	10368525
4800001250	5591065
4830001250	4791280
4860001250	7275147
4890001250	5885089
4920001250	12511267
4950001250	7206246
4980001250	10130683
5010001250	5737219
5040001250	5132558
5070001250	8128361
5100001250	9504339
5130001250	9382014
5160001250	7751433
5190001250	5162637
5220001250	6422968
5250001250	12385814
5280001250	6310037
5310001250	9919131
5340001250	5677617
5370001250	4741635
5400001250	7370203
5430001250	9396687
5460001250	9146488
5490001250	7637365
5520001250	4984827
5550001250	6339879
5580001250	6727990
5610001250	27845101
5640001250	29675228
5670001250	28454222
5700001250	23929754
5730001250	16427504
5760001250	18930680
5790001250	16715135
5820001250	11367460
5850001250	9798458
5880001250	10485815
5910001250	13574646
5940001250	9595507
5970001250	8385634
6000001250	9779779
6030001250	9057919
6060001250	7107684
6090001250	9134888
6120001250	8076002
6150001250	6150299
6180001250	8099970
6210001250	4948538
6240001250	7078061
6270001250	10537688
6300001250	6498436
6330001250	12126026
6360001250	14645138
6390001250	14239107
6420001250	13537297
6450001250	8819742
6480001250	6871473
6510001250	7318976
6540001250	5956195
6570001250	10184520
6600001250	9305590
6630001250	5568578
6660001250	4862743
6690001250	7767053
6720001250	6079512
6750001250	7893765
6780001250	7072929
6810001250	5924150
6840001250	8501535
6870001250	5826331
6900001250	10111278
6930001250	8213183
6960001250	9264794
6990001250	8678171
7020001250	7291554
7050001250	6471503
7080001250	7877163
7110001250	7042012
7140001250	4988543
7170001250	6792106
7200001250	8349981
7230001250	7957887
7260001250	5544008
7290001250	5483538
7320001250	5396891
7350001250	8670005
7380001250	10627400
7410001250	7472808
7440001250	7362087
7470001250	5682363
7500001250	7767983
7530001250	8756211
7560001250	9296449
7590001250	6413557
7620001250	6058524
7650001250	8721909
7680001250	6393497
7710001250	5503365
7740001250	6065866
7770001250	9104574
7800001250	7101202
7830001250	5165660
7860001250	7163625
7890001250	8354686
7920001250	5847924
7950001250	5833398
7980001250	8742124
8010001250	5844702
8040001250	9902477
8070001250	5128320
8100001250	8401124
8130001250	6171501
8160001250	8297432
8190001250	5370276
8220001250	6160231
8250001250	8457753
8280001250	8104568
8310001250	7375157
8340001250	5509444
8370001250	5517607
8400001250	5934932
8430001250	4748857
8460001250	7326865
8490001250	5012038
8520001250	7790282
8550001250	8800471
8580001250	5884964
8610001250	6017282
8640001250	9256189
8670001250	7078452
8700001250	8287883
8730001250	8695332
8760001250	7214533
8790001250	4900880
8820001250	8462669
8850001250	7378697
8880001250	8965723
8910001250	6121353
8940001250	6665502
8970001250	5393496
9000001250	7586900
9030001250	8371083
9060001250	7828187
9090001250	5855931
9120001250	7500296
9150001250	8730428
9180001250	8160616
9210001250	8103642
9240001250	10153914
9270001250	4972682
9300001250	9244547
9330001250	8266844
9360001250	5412666
9390001250	6280250
9420001250	5225665
9450001250	7461137
9480001250	4752845
9510001250	11456924
9540001250	10631625
9570001250	7058756
9600001250	6872758
9630001250	5205775
9660001250	7107636
9690001250	8665183
9720001250	8039460
9750001250	6023923
9780001250	7403950
9810001250	5824220
9840001250	7058568
9870001250	6326739
9900001250	7533913
9930001250	6767437
9960001250	4654261
9990001250	6568649
10020001250	4283478584
10050001250	4253478584
10080001250	4223478584
10110001250	4193478584
10140001250	4163478584
10170001250	4133478584
10200001250	4103478584
10230001250	4073478584
10260001250	4043478584
10290001250	4013478584
10320001250	3983478584
10350001250	3953478584
10380001250	3923478584
10410001250	3893478584
10440001250	3863478584
10470001250	3833478584
10500001250	3803478584
10530001250	3773478584
10560001250	3743478584
10590001250	3713478584
10620001250	3683478584
10650001250	3653478584
10680001250	3623478584
10710001250	3593478584
10740001250	3563478584
10770001250	3533478584
10800001250	3503478584
10830001250	3473478584
10860001250	3443478584
10890001250	3413478584
10920001250	3383478584
10950001250	3353478584
10980001250	3323478584
11010001250	3293478584
11040001250	3263478584
11070001250	3233478584
11100001250	3203478584
11130001250	3173478584
11160001250	3143478584
11190001250	3113478584
11220001250	3083478584
11250001250	3053478584
11280001250	3023478584
11310001250	2993478584
11340001250	2963478584
11370001250	2933478584
11400001250	2903478584
11430001250	2873478584
11460001250	2843478584
11490001250	2813478584
11520001250	2783478584
11550001250	2753478584
11580001250	2723478584
11610001250	2693478584
11640001250	2663478584
11670001250	2633478584
11700001250	2603478584
11730001250	2573478584
11760001250	2543478584
11790001250	2513478584
11820001250	2483478584
11850001250	2453478584
11880001250	2423478584
11910001250	2393478584
11940001250	2363478584
11970001250	2333478584
12000001250	2303478584
12030001250	2273478584
12060001250	2243478584
12090001250	2213478584
12120001250	2183478584
12150001250	2153478584
12180001250	2123478584
12210001250	2093478584
12240001250	2063478584
12270001250	2033478584
12300001250	2003478584
12330001250	1973478584
12360001250	1943478584
12390001250	1913478584
12420001250	1883478584
12450001250	1853478584
12480001250	1823478584
12510001250	1793478584
12540001250	1763478584
12570001250	1733478584
12600001250	1703478584
12630001250	1673478584
12660001250	1643478584
12690001250	1613478584
12720001250	1583478584
12750001250	1553478584
12780001250	1523478584
12810001250	2389654647
12840001250	2359654647
12870001250	2329654647
12900001250	2299654647
12930001250	2269654647
12960001250	2239654647
12990001250	2209654647
13020001250	2179654647
13050001250	2149654647
13080001250	2119654647
13110001250	2089654647
13140001250	2059654647
13170001250	2029654647
13200001250	1999654647
13230001250	1969654647
13260001250	1939654647
13290001250	1909654647
13320001250	1879654647
13350001250	1849654647
13380001250	1819654647
13410001250	1789654647
13440001250	1759654647
13470001250	1729654647
13500001250	1699654647
13530001250	1669654647
13560001250	1639654647
13590001250	1609654647
13620001250	1579654647
13650001250	1549654647
13680001250	1519654647
13710001250	1489654647
13740001250	1459654647
13770001250	1429654647
13800001250	1399654647
13830001250	1369654647
13860001250	1339654647
13890001250	1309654647
13920001250	1279654647
13950001250	1249654647
13980001250	1219654647
14010001250	1189654647
14040001250	1159654647
14070001250	1129654647
14100001250	1099654647
14130001250	1069654647
14160001250	1039654647
14190001250	1009654647
14220001250	979654647
14250001250	949654647
14280001250	919654647
14310001250	889654647
14340001250	1396147737
14370001250	1366147737
14400001250	1336147737
14430001250	1306147737
14460001250	1276147737
14490001250	1246147737
14520001250	1216147737
14550001250	1186147737
14580001250	1156147737
14610001250	1126147737
14640001250	1096147737
14670001250	1066147737
14700001250	1036147737
14730001250	1006147737
14760001250	976147737
14790001250	946147737
14820001250	916147737
14850001250	886147737
14880001250	856147737
14910001250	826147737
14940001250	796147737
14970001250	766147737
15000001250	736147737
15030001250	706147737
15060001250	676147737
15090001250	646147737
15120001250	616147737
15150001250	586147737
15180001250	556147737
15210001250	526147737
15240001250	815327169
15270001250	785327169
15300001250	755327169
15330001250	725327169
15360001250	695327169
15390001250	665327169
15420001250	635327169
15450001250	605327169
15480001250	575327169
15510001250	545327169
15540001250	515327169
15570001250	485327169
15600001250	455327169
15630001250	425327169
15660001250	395327169
15690001250	365327169
15720001250	335327169
15750001250	494715181
15780001250	464715181
15810001250	434715181
15840001250	404715181
15870001250	374715181
15900001250	344715181
15930001250	314715181
15960001250	284715181
15990001250	254715181
16020001250	224715181
16050001250	194715181
16080001250	276605813
16110001250	246605813
16140001250	216605813
16170001250	186605813
16200001250	156605813
16230001250	126605813
16260001250	162854745
16290001250	132854745
16320001250	102854745
16350001250	72854745
16380001250	81999453
16410001250	51999453
16440001250	46527665
16470001250	30084153
16500001250	7929781
16530001250	532026
16560001250	310261
16590001250	531418
16620001250	344715
16650001250	534854
16680001250	558305
16710001250	388067
16740001250	543866
16770001250	387835
16800001250	368205
16830001250	598850
16860001250	468671
16890001250	488777
16920001250	408846
16950001250	510706
16980001250	544419
17010001250	611791
17040001250	3537985
17070001250	475001
17100001250	455235
17130001250	620887
17160001250	464705
17190001250	621456
17220001250	432165
17250001250	451323
17280001250	443183
17310001250	376534
17340001250	511498
17370001250	2307767
17400001250	589071
17430001250	500356
17460001250	522999
17490001250	409865
17520001250	407468
17550001250	318693
17580001250	474465
17610001250	543327
17640001250	432803
17670001250	357412
17700001250	1517989
17730001250	341332
17760001250	469804
17790001250	555699
17820001250	565441
17850001250	543438
17880001250	432441
17910001250	485105
17940001250	523758
17970001250	497286
18000001250	609586
18030001250	477907
18060001250	545885
18090001250	517790
18120001250	377528
18150001250	430600
18180001250	427776
18210001250	333534
18240001250	521362
18270001250	380673
18300001250	386090
18330001250	486852
18360001250	338002
18390001250	504779
18420001250	404751
18450001250	622374
18480001250	453419
18510001250	536902
18540001250	382852
18570001250	356426
18600001250	603738
18630001250	660667
18660001250	454051
18690001250	481243
18720001250	413140
18750001250	457969
18780001250	539262
18810001250	450545
18840001250	437596
18870001250	431765
18900001250	508923
18930001250	635167
18960001250	437726
18990001250	315119
19020001250	456596
19050001250	504010
19080001250	494254
19110001250	491481
19140001250	390312
19170001250	1246249
19200001250	376321
19230001250	403017
19260001250	374756
19290001250	618392
19320001250	479867
19350001250	582977
19380001250	587191
19410001250	440600
19440001250	410545
19470001250	624658
19500001250	825007
19530001250	421739
19560001250	506111
19590001250	323691
19620001250	513979
19650001250	531709
19680001250	546390
19710001250	352051
19740001250	313348
19770001250	424247
19800001250	506238
19830001250	502952
19860001250	367894
19890001250	422930
19920001250	436929
19950001250	490083
19980001250	413067
20010001250	10733936
20040001250	21844510
20070001250	15558876
20100001250	17202926
20130001250	8455439
20160001250	22600611
20190001250	14380829
20220001250	19996750
20250001250	20370442
20280001250	13396864
20310001250	21443272
20340001250	17528929
20370001250	19999766
20400001250	12613567
20430001250	20175005
20460001250	22104750
20490001250	16654732
20520001250	10678356
20550001250	21485618
20580001250	16775256
20610001250	21562263
20640001250	16666233
20670001250	15299247
20700001250	11815138
20730001250	25622637
20760001250	22173622
20790001250	19692851
20820001250	19224247
20850001250	17564386
20880001250	26877619
20910001250	25216850
20940001250	23402242
20970001250	23588418
21000001250	25963299
21030001250	26451821
21060001250	27326177
21090001250	27573446
21120001250	26901238
21150001250	28449130
21180001250	28597179
21210001250	29433522
21240001250	31234614
21270001250	19895248
21300001250	22539298
21330001250	29527263
21360001250	33766170
21390001250	17462880
21420001250	21699558
21450001250	25321700
21480001250	30545271
21510001250	21610693
21540001250	28031329
21570001250	34662277
21600001250	19959944
21630001250	27651947
21660001250	38162930
21690001250	30268068
21720001250	16358662
21750001250	32994993
21780001250	32849476
21810001250	27639308
21840001250	52858240
21870001250	51820084
21900001250	44014840
21930001250	41368674
21960001250	32886860
21990001250	31588154
22020001250	22698169
22050001250	39312789
22080001250	34772804
22110001250	24027528
22140001250	40024378
22170001250	35516672
22200001250	24987537
22230001250	39863881
22260001250	35564805
22290001250	26434669
22320001250	46056463
22350001250	43246178
22380001250	34186033
22410001250	30596243
22440001250	20912584
22470001250	39806727
22500001250	37419281
22530001250	29006797
22560001250	47035391
22590001250	44082747
22620001250	36437709
22650001250	36634090
22680001250	29857099
22710001250	28868700
22740001250	50459007
22770001250	44137252
22800001250	44410277
22830001250	38404097
22860001250	41850089
22890001250	40838470
22920001250	46682454
22950001250	47686223
22980001250	56088157
23010001250	57178247
23040001250	64474898
23070001250	65015268
23100001250	35015268
23130001250	42759049
23160001250	43319160
23190001250	49516206
23220001250	49138940
23250001250	55106954
23280001250	57608740
23310001250	65497955
23340001250	66614048
23370001250	36614048
23400001250	43263607
23430001250	43633024
23460001250	51369606
23490001250	52396038
23520001250	59865987
23550001250	61205657
23580001250	31205657
23610001250	40159117
23640001250	44497555
23670001250	54074880
23700001250	57286352
23730001250	66838912
23760001250	72102021
23790001250	42102021
23820001250	53388333
23850001250	58002445
23880001250	68765623
23910001250	74580061
23940001250	44580061
23970001250	59571583
24000001250	67159485
24030001250	80849028
24060001250	50849028
24090001250	58890850
24120001250	74024395
24150001250	82653194
24180001250	52653194
24210001250	67270304
24240001250	77243735
24270001250	47243735
24300001250	64854267
24330001250	75327617
24360001250	45327617
24390001250	62116092
24420001250	73365623
24450001250	43365623
24480001250	62468141
24510001250	74976767
24540001250	44976767
24570001250	63616970
24600001250	79088041
24630001250	49088041
24660001250	69303515
24690001250	83546834
24720001250	53546834
24750001250	74786441
24780001250	90794733
24810001250	60794733
24840001250	82922163
24870001250	52922163
24900001250	69160321
24930001250	94764787
24960001250	64764787
24990001250	83390746
25020001250	53390746
25050001250	83897509
25080001250	118448797
25110001250	88448797
25140001250	128125362
25170001250	98125362
25200001250	132262937
25230001250	102262937
25260001250	72262937
25290001250	113769842
25320001250	83769842
25350001250	117799205
25380001250	87799205
25410001250	129256100
25440001250	99256100
25470001250	133868122
25500001250	103868122
25530001250	73868122
25560001250	116338781
25590001250	86338781
25620001250	124326391
25650001250	94326391
25680001250	137752696
25710001250	107752696
25740001250	77752696
25770001250	117005402
25800001250	87005402
25830001250	132382705
25860001250	102382705
25890001250	145046719
25920001250	115046719
25950001250	85046719
25980001250	132344005
26010001250	102344005
26040001250	144824574
26070001250	114824574
26100001250	84824574
26130001250	137647729
26160001250	107647729
26190001250	158071011
26220001250	128071011
26250001250	98071011
26280001250	156914868
26310001250	126914868
26340001250	96914868
26370001250	149979377
26400001250	119979377
26430001250	89979377
26460001250	150512582
26490001250	120512582
26520001250	90512582
26550001250	146419432
26580001250	116419432
26610001250	86419432
26640001250	150947335
26670001250	120947335
26700001250	180188368
26730001250	150188368
26760001250	120188368
26790001250	90188368
26820001250	156597862
26850001250	126597862
26880001250	96597862
26910001250	160658893
26940001250	130658893
26970001250	100658893
27000001250	171616481
27030001250	141616481
27060001250	111616481
27090001250	178778165
27120001250	148778165
27150001250	118778165
27180001250	192963051
27210001250	162963051
27240001250	132963051
27270001250	202553943
27300001250	172553943
27330001250	142553943
27360001250	112553943
27390001250	177817518
27420001250	147817518
27450001250	117817518
27480001250	177859483
27510001250	147859483
27540001250	117859483
27570001250	176579205
27600001250	146579205
27630001250	116579205
27660001250	171223326
27690001250	141223326
27720001250	111223326
27750001250	162478589
27780001250	132478589
27810001250	102478589
27840001250	150701195
27870001250	120701195
27900001250	90701195
27930001250	136515057
27960001250	106515057
27990001250	76515057
28020001250	118634595
28050001250	88634595
28080001250	127951245
28110001250	97951245
28140001250	133178585
28170001250	103178585
28200001250	73178585
28230001250	108386906
28260001250	78386906
28290001250	109621672
28320001250	79621672
28350001250	108321902
28380001250	78321902
28410001250	104546830
28440001250	74546830
28470001250	97174248
28500001250	67174248
28530001250	89998527
28560001250	59998527
28590001250	79075349
28620001250	49075349
28650001250	65419677
28680001250	79775242
28710001250	49775242
28740001250	62719581
28770001250	73051754
28800001250	43051754
28830001250	51049526
28860001250	60030401
28890001250	66127365
28920001250	36127365
28950001250	40192311
28980001250	42180162
29010001250	42648374
29040001250	42120245
29070001250	39295543
29100001250	34820234
29130001250	28578245
29160001250	42358201
29190001250	34164542
29220001250	23801674
29250001250	29182611
29280001250	30306098
29310001250	14495835
29340001250	23805139
29370001250	16751232
29400001250	16585789
29430001250	12184326
29460001250	11390667
29490001250	6913589
29520001250	7243051
29550001250	9680410
29580001250	8184370
29610001250	9066519
29640001250	8205857
29670001250	10387522
29700001250	6648125
29730001250	6179027
29760001250	8996612
29790001250	6086330
29820001250	12096387
29850001250	6845743
29880001250	9428980
29910001250	9117928
29940001250	7484906
29970001250	5145417
