1250	1442636
30001250	15964141
60001250	17954824
90001250	24410690
120001250	19626564
150001250	14532049
180001250	23190949
210001250	18454790
240001250	13113889
270001250	18910235
300001250	12045447
330001250	16155682
360001250	24514343
390001250	20651220
420001250	16568119
450001250	23653370
480001250	17261545
510001250	23952985
540001250	17243731
570001250	20814022
600001250	12233020
630001250	13118957
660001250	13464361
690001250	17407517
720001250	19257705
750001250	19917172
780001250	9801286
810001250	18257121
840001250	18714281
870001250	18117740
900001250	16965968
930001250	15748264
960001250	13768383
990001250	11631447
1020001250	13752712
1050001250	14097342
1080001250	13559417
1110001250	12082307
1140001250	9691349
1170001250	18791195
1200001250	17466014
1230001250	15374365
1260001250	12520525
1290001250	8932153
1320001250	16330545
1350001250	15876170
1380001250	14635157
1410001250	13130344
1440001250	11420230
1470001250	17861465
1500001250	17758324
1530001250	16148793
1560001250	13628051
1590001250	10504531
1620001250	15510247
1650001250	14055322
1680001250	13639337
1710001250	12170201
1740001250	9946750
1770001250	16070885
1800001250	12659085
1830001250	12010489
1860001250	10039100
1890001250	17054439
1920001250	15075778
1950001250	12334573
1980001250	11668057
2010001250	11885426
2040001250	10976175
2070001250	9401971
2100001250	15921678
2130001250	12810833
2160001250	12972406
2190001250	11935837
2220001250	10453233
2250001250	17911036
2280001250	15492054
2310001250	16712405
2340001250	17682184
2370001250	17995074
2400001250	17995902
2430001250	17400007
2460001250	15633267
2490001250	15444865
2520001250	13260489
2550001250	9601606
2580001250	13341896
2610001250	16316894
2640001250	15000452
2670001250	12449040
2700001250	8619949
2730001250	12058627
2760001250	14894381
2790001250	9389143
2820001250	13867077
2850001250	8026979
2880001250	9206377
2910001250	9504630
2940001250	9816847
2970001250	14143392
3000001250	9139139
3030001250	11092751
3060001250	11761674
3090001250	11369637
3120001250	11642579
3150001250	13398248
3180001250	13946874
3210001250	13330189
3240001250	33654414
3270001250	33425337
3300001250	38320961
3330001250	47820173
3360001250	58118446
3390001250	68715897
3420001250	79023329
3450001250	49023329
3480001250	60371938
3510001250	70569031
3540001250	40569031
3570001250	49961602
3600001250	58695262
3630001250	69277375
3660001250	78258556
3690001250	48258556
3720001250	56396294
3750001250	63963163
3780001250	72274855
3810001250	42274855
3840001250	49374738
3870001250	55923077
3900001250	61703582
3930001250	67285389
3960001250	37285389
3990001250	44051973
4020001250	49421561
4050001250	54157995
4080001250	58083450
4110001250	63004667
4140001250	66665039
4170001250	36665039
4200001250	39600122
4230001250	41772693
4260001250	43185093
4290001250	46589131
4320001250	48428604
4350001250	49553379
4380001250	50383497
4410001250	50485228
4440001250	51572294
4470001250	51409027
4500001250	50639507
4530001250	49199923
4560001250	47163596
4590001250	45210581
4620001250	44573619
4650001250	42544886
4680001250	39849069
4710001250	36555507
4740001250	32479216
4770001250	28380904
4800001250	49573197
4830001250	43960627
4860001250	37570416
4890001250	30739283
4920001250	23379698
4950001250	40926073
4980001250	33214147
5010001250	24808380
5040001250	36160991
5070001250	25908939
5100001250	35708050
5130001250	24830875
5160001250	31239004
5190001250	18569733
5220001250	25399399
5250001250	56469677
5280001250	63371610
5310001250	71553844
5340001250	41553844
5370001250	50385367
5400001250	59365421
5430001250	69509863
5460001250	39509863
5490001250	48663149
5520001250	57322899
5550001250	65241540
5580001250	75099826
5610001250	45099826
5640001250	53385447
5670001250	60818150
5700001250	67272206
5730001250	37272206
5760001250	43450051
5790001250	49822537
5820001250	55075145
5850001250	59534360
5880001250	63681820
5910001250	69647331
5940001250	39647331
5970001250	43982120
6000001250	47476039
6030001250	50389771
6060001250	53166772
6090001250	56157503
6120001250	57887218
6150001250	58932005
6180001250	59457616
6210001250	59778088
6240001250	62894745
6270001250	32894745
6300001250	35451480
6330001250	38227656
6360001250	41322384
6390001250	44574464
6420001250	48640613
6450001250	51416962
6480001250	53294874
6510001250	54568617
6540001250	55136568
6570001250	57768071
6600001250	58940957
6630001250	59353658
6660001250	59028381
6690001250	58021198
6720001250	58031812
6750001250	56785178
6780001250	54847580
6810001250	52222119
6840001250	48886868
6870001250	45011213
6900001250	43258989
6930001250	39916064
6960001250	35779712
6990001250	30956947
7020001250	25597508
7050001250	44387111
7080001250	38032990
7110001250	31142190
7140001250	23622065
7170001250	36505142
7200001250	26929366
7230001250	44670871
7260001250	40871045
7290001250	37546146
7320001250	34271908
7350001250	30761954
7380001250	26817550
7410001250	51107200
7440001250	47132881
7470001250	42492762
7500001250	37221105
7530001250	31255059
7560001250	27235392
7590001250	45531405
7620001250	38599514
7650001250	30994441
7680001250	22831824
7710001250	35990553
7740001250	26794528
7770001250	36395132
7800001250	25205335
7830001250	31072522
7860001250	18134052
7890001250	23610026
7920001250	28101642
7950001250	30364221
7980001250	15711377
8010001250	14986277
8040001250	27900207
8070001250	25693591
8100001250	22234376
8130001250	17301484
8160001250	22137917
8190001250	14052284
8220001250	20849467
8250001250	13369281
8280001250	15000935
8310001250	14682452
8340001250	12772955
8370001250	11389706
8400001250	9458263
8430001250	16068303
8460001250	11894475
8490001250	15249696
8520001250	9383838
8550001250	16974157
8580001250	13239307
8610001250	8097451
8640001250	9498634
8670001250	9686506
8700001250	11289623
8730001250	13395530
8760001250	14130508
8790001250	13664866
8820001250	12223277
8850001250	10565565
8880001250	14084322
8910001250	16165776
8940001250	9911602
8970001250	10379359
9000001250	9832144
9030001250	11349627
9060001250	12304157
9090001250	12170892
9120001250	11034979
9150001250	9216902
9180001250	7844891
9210001250	11657173
9240001250	12991432
9270001250	12948926
9300001250	11724248
9330001250	9503770
9360001250	9904700
9390001250	9648679
9420001250	9206303
9450001250	8352513
9480001250	13929028
9510001250	14421920
9540001250	8847118
9570001250	10066465
9600001250	10250340
9630001250	9410465
9660001250	7873783
9690001250	9107714
9720001250	9406869
9750001250	8551164
9780001250	13982885
9810001250	11510359
9840001250	11337377
9870001250	13209023
9900001250	13955694
9930001250	14514583
9960001250	14002705
9990001250	12632234
10020001250	16487329770
10050001250	16457329770
10080001250	16427329770
10110001250	16397329770
10140001250	16367329770
10170001250	16337329770
10200001250	16307329770
10230001250	16277329770
10260001250	16247329770
10290001250	16217329770
10320001250	16187329770
10350001250	16157329770
10380001250	16127329770
10410001250	16097329770
10440001250	16067329770
10470001250	16037329770
10500001250	16007329770
10530001250	15977329770
10560001250	15947329770
10590001250	15917329770
10620001250	15887329770
10650001250	15857329770
10680001250	15827329770
10710001250	15797329770
10740001250	15767329770
10770001250	15737329770
10800001250	15707329770
10830001250	15677329770
10860001250	15647329770
10890001250	15617329770
10920001250	15587329770
10950001250	15557329770
10980001250	15527329770
11010001250	15497329770
11040001250	15467329770
11070001250	15437329770
11100001250	15407329770
11130001250	15377329770
11160001250	15347329770
11190001250	15317329770
11220001250	15287329770
11250001250	15257329770
11280001250	15227329770
11310001250	15197329770
11340001250	15167329770
11370001250	15137329770
11400001250	15107329770
11430001250	15077329770
11460001250	15047329770
11490001250	15017329770
11520001250	14987329770
11550001250	14957329770
11580001250	14927329770
11610001250	14897329770
11640001250	14867329770
11670001250	14837329770
11700001250	14807329770
11730001250	14777329770
11760001250	14747329770
11790001250	14717329770
11820001250	14687329770
11850001250	14657329770
11880001250	14627329770
11910001250	14597329770
11940001250	14567329770
11970001250	14537329770
12000001250	14507329770
12030001250	14477329770
12060001250	14447329770
12090001250	14417329770
12120001250	14387329770
12150001250	14357329770
12180001250	14327329770
12210001250	14297329770
12240001250	14267329770
12270001250	14237329770
12300001250	14207329770
12330001250	14177329770
12360001250	14147329770
12390001250	14117329770
12420001250	14087329770
12450001250	14057329770
12480001250	14027329770
12510001250	13997329770
12540001250	13967329770
12570001250	13937329770
12600001250	13907329770
12630001250	13877329770
12660001250	13847329770
12690001250	13817329770
12720001250	13787329770
12750001250	13757329770
12780001250	13727329770
12810001250	13697329770
12840001250	13667329770
12870001250	13637329770
12900001250	13607329770
12930001250	13577329770
12960001250	13547329770
12990001250	13517329770
13020001250	13487329770
13050001250	13457329770
13080001250	13427329770
13110001250	13397329770
13140001250	13367329770
13170001250	13337329770
13200001250	13307329770
13230001250	13277329770
13260001250	13247329770
13290001250	13217329770
13320001250	13187329770
13350001250	13157329770
13380001250	13127329770
13410001250	13097329770
13440001250	13067329770
13470001250	13037329770
13500001250	13007329770
13530001250	12977329770
13560001250	12947329770
13590001250	12917329770
13620001250	12887329770
13650001250	12857329770
13680001250	12827329770
13710001250	12797329770
13740001250	12767329770
13770001250	12737329770
13800001250	12707329770
13830001250	12677329770
13860001250	12647329770
13890001250	12617329770
13920001250	12587329770
13950001250	12557329770
13980001250	12527329770
14010001250	12497329770
14040001250	12467329770
14070001250	12437329770
14100001250	12407329770
14130001250	12377329770
14160001250	12347329770
14190001250	12317329770
14220001250	12287329770
14250001250	12257329770
14280001250	12227329770
14310001250	12197329770
14340001250	12167329770
14370001250	12137329770
14400001250	12107329770
14430001250	12077329770
14460001250	12047329770
14490001250	12017329770
14520001250	11987329770
14550001250	11957329770
14580001250	11927329770
14610001250	11897329770
14640001250	11867329770
14670001250	11837329770
14700001250	11807329770
14730001250	11777329770
14760001250	11747329770
14790001250	11717329770
14820001250	11687329770
14850001250	11657329770
14880001250	11627329770
14910001250	11597329770
14940001250	11567329770
14970001250	11537329770
15000001250	11507329770
15030001250	11477329770
15060001250	11447329770
15090001250	11417329770
15120001250	11387329770
15150001250	11357329770
15180001250	11327329770
15210001250	11297329770
15240001250	11267329770
15270001250	11237329770
15300001250	11207329770
15330001250	11177329770
15360001250	11147329770
15390001250	11117329770
15420001250	11087329770
15450001250	11057329770
15480001250	11027329770
15510001250	10997329770
15540001250	10967329770
15570001250	10937329770
15600001250	10907329770
15630001250	10877329770
15660001250	10847329770
15690001250	10817329770
15720001250	10787329770
15750001250	10757329770
15780001250	10727329770
15810001250	10697329770
15840001250	10667329770
15870001250	10637329770
15900001250	10607329770
15930001250	10577329770
15960001250	10547329770
15990001250	10517329770
16020001250	10487329770
16050001250	10457329770
16080001250	10427329770
16110001250	10397329770
16140001250	10367329770
16170001250	10337329770
16200001250	10307329770
16230001250	10277329770
16260001250	10247329770
16290001250	10217329770
16320001250	10187329770
16350001250	10157329770
16380001250	10127329770
16410001250	10097329770
16440001250	10067329770
16470001250	10037329770
16500001250	10007329770
16530001250	9977329770
16560001250	9947329770
16590001250	9917329770
16620001250	9887329770
16650001250	9857329770
16680001250	9827329770
16710001250	9797329770
16740001250	9767329770
16770001250	9737329770
16800001250	9707329770
16830001250	9677329770
16860001250	9647329770
16890001250	9617329770
16920001250	9587329770
16950001250	9557329770
16980001250	9527329770
17010001250	9497329770
17040001250	9467329770
17070001250	9437329770
17100001250	9407329770
17130001250	9377329770
17160001250	9347329770
17190001250	9317329770
17220001250	9287329770
17250001250	9257329770
17280001250	9227329770
17310001250	9197329770
17340001250	9167329770
17370001250	9137329770
17400001250	9107329770
17430001250	9077329770
17460001250	9047329770
17490001250	9017329770
17520001250	8987329770
17550001250	8957329770
17580001250	8927329770
17610001250	8897329770
17640001250	8867329770
17670001250	8837329770
17700001250	8807329770
17730001250	8777329770
17760001250	8747329770
17790001250	8717329770
17820001250	8687329770
17850001250	8657329770
17880001250	8627329770
17910001250	8597329770
17940001250	8567329770
17970001250	8537329770
18000001250	8507329770
18030001250	8477329770
18060001250	8447329770
18090001250	8417329770
18120001250	8387329770
18150001250	8357329770
18180001250	8327329770
18210001250	8297329770
18240001250	8267329770
18270001250	8237329770
18300001250	8207329770
18330001250	8177329770
18360001250	8147329770
18390001250	8117329770
18420001250	8087329770
18450001250	8057329770
18480001250	8027329770
18510001250	7997329770
18540001250	7967329770
18570001250	7937329770
18600001250	7907329770
18630001250	7877329770
18660001250	7847329770
18690001250	7817329770
18720001250	7787329770
18750001250	7757329770
18780001250	7727329770
18810001250	7697329770
18840001250	7667329770
18870001250	7637329770
18900001250	7607329770
18930001250	7577329770
18960001250	7547329770
18990001250	7517329770
19020001250	7487329770
19050001250	7457329770
19080001250	7427329770
19110001250	7397329770
19140001250	7367329770
19170001250	7337329770
19200001250	7307329770
19230001250	7277329770
19260001250	7247329770
19290001250	7217329770
19320001250	7187329770
19350001250	7157329770
19380001250	7127329770
19410001250	7097329770
19440001250	7067329770
19470001250	7037329770
19500001250	7007329770
19530001250	6977329770
19560001250	6947329770
19590001250	6917329770
19620001250	6887329770
19650001250	6857329770
19680001250	6827329770
19710001250	6797329770
19740001250	6767329770
19770001250	6737329770
19800001250	6707329770
19830001250	6677329770
19860001250	6647329770
19890001250	6617329770
19920001250	6587329770
19950001250	6557329770
19980001250	6527329770
20010001250	6497329770
20040001250	6467329770
20070001250	6437329770
20100001250	6407329770
20130001250	6377329770
20160001250	6347329770
20190001250	6317329770
20220001250	6287329770
20250001250	6257329770
20280001250	6227329770
20310001250	6197329770
20340001250	6167329770
20370001250	6137329770
20400001250	6107329770
20430001250	6077329770
20460001250	6047329770
20490001250	9795568811
20520001250	9765568811
20550001250	9735568811
20580001250	9705568811
20610001250	9675568811
20640001250	9645568811
20670001250	9615568811
20700001250	9585568811
20730001250	9555568811
20760001250	9525568811
20790001250	9495568811
20820001250	9465568811
20850001250	9435568811
20880001250	9405568811
20910001250	9375568811
20940001250	9345568811
20970001250	9315568811
21000001250	9285568811
21030001250	9255568811
21060001250	9225568811
21090001250	9195568811
21120001250	9165568811
21150001250	9135568811
21180001250	9105568811
21210001250	9075568811
21240001250	9045568811
21270001250	9015568811
21300001250	8985568811
21330001250	8955568811
21360001250	8925568811
21390001250	8895568811
21420001250	8865568811
21450001250	8835568811
21480001250	8805568811
21510001250	8775568811
21540001250	8745568811
21570001250	8715568811
21600001250	8685568811
21630001250	8655568811
21660001250	8625568811
21690001250	8595568811
21720001250	8565568811
21750001250	8535568811
21780001250	8505568811
21810001250	8475568811
21840001250	8445568811
21870001250	8415568811
21900001250	8385568811
21930001250	8355568811
21960001250	8325568811
21990001250	8295568811
22020001250	8265568811
22050001250	8235568811
22080001250	8205568811
22110001250	8175568811
22140001250	8145568811
22170001250	8115568811
22200001250	8085568811
22230001250	8055568811
22260001250	8025568811
22290001250	7995568811
22320001250	7965568811
22350001250	7935568811
22380001250	7905568811
22410001250	7875568811
22440001250	7845568811
22470001250	7815568811
22500001250	7785568811
22530001250	7755568811
22560001250	7725568811
22590001250	7695568811
22620001250	7665568811
22650001250	7635568811
22680001250	7605568811
22710001250	7575568811
22740001250	7545568811
22770001250	7515568811
22800001250	7485568811
22830001250	7455568811
22860001250	7425568811
22890001250	7395568811
22920001250	7365568811
22950001250	7335568811
22980001250	7305568811
23010001250	7275568811
23040001250	7245568811
23070001250	7215568811
23100001250	7185568811
23130001250	7155568811
23160001250	7125568811
23190001250	7095568811
23220001250	7065568811
23250001250	7035568811
23280001250	7005568811
23310001250	6975568811
23340001250	6945568811
23370001250	6915568811
23400001250	6885568811
23430001250	6855568811
23460001250	6825568811
23490001250	6795568811
23520001250	6765568811
23550001250	6735568811
23580001250	6705568811
23610001250	6675568811
23640001250	6645568811
23670001250	6615568811
23700001250	6585568811
23730001250	6555568811
23760001250	6525568811
23790001250	6495568811
23820001250	6465568811
23850001250	6435568811
23880001250	6405568811
23910001250	6375568811
23940001250	6345568811
23970001250	6315568811
24000001250	6285568811
24030001250	6255568811
24060001250	6225568811
24090001250	6195568811
24120001250	6165568811
24150001250	6135568811
24180001250	6105568811
24210001250	6075568811
24240001250	6045568811
24270001250	6015568811
24300001250	5985568811
24330001250	5955568811
24360001250	5925568811
24390001250	5895568811
24420001250	5865568811
24450001250	5835568811
24480001250	5805568811
24510001250	5775568811
24540001250	5745568811
24570001250	5715568811
24600001250	5685568811
24630001250	5655568811
24660001250	5625568811
24690001250	5595568811
24720001250	5565568811
24750001250	5535568811
24780001250	5505568811
24810001250	5475568811
24840001250	5445568811
24870001250	5415568811
24900001250	5385568811
24930001250	5355568811
24960001250	5325568811
24990001250	5295568811
25020001250	5265568811
25050001250	5235568811
25080001250	5205568811
25110001250	5175568811
25140001250	5145568811
25170001250	5115568811
25200001250	5085568811
25230001250	5055568811
25260001250	5025568811
25290001250	4995568811
25320001250	4965568811
25350001250	4935568811
25380001250	4905568811
25410001250	4875568811
25440001250	4845568811
25470001250	4815568811
25500001250	4785568811
25530001250	4755568811
25560001250	4725568811
25590001250	4695568811
25620001250	4665568811
25650001250	4635568811
25680001250	4605568811
25710001250	4575568811
25740001250	4545568811
25770001250	4515568811
25800001250	4485568811
25830001250	4455568811
25860001250	4425568811
25890001250	4395568811
25920001250	4365568811
25950001250	4335568811
25980001250	4305568811
26010001250	4275568811
26040001250	4245568811
26070001250	4215568811
26100001250	4185568811
26130001250	4155568811
26160001250	4125568811
26190001250	4095568811
26220001250	4065568811
26250001250	4035568811
26280001250	4005568811
26310001250	3975568811
26340001250	3945568811
26370001250	3915568811
26400001250	3885568811
26430001250	3855568811
26460001250	3825568811
26490001250	3795568811
26520001250	3765568811
26550001250	3735568811
26580001250	3705568811
26610001250	5984757978
26640001250	5954757978
26670001250	5924757978
26700001250	5894757978
26730001250	5864757978
26760001250	5834757978
26790001250	5804757978
26820001250	5774757978
26850001250	5744757978
26880001250	5714757978
26910001250	5684757978
26940001250	5654757978
26970001250	5624757978
27000001250	5594757978
27030001250	5564757978
27060001250	5534757978
27090001250	5504757978
27120001250	5474757978
27150001250	5444757978
27180001250	5414757978
27210001250	5384757978
27240001250	5354757978
27270001250	5324757978
27300001250	5294757978
27330001250	5264757978
27360001250	5234757978
27390001250	5204757978
27420001250	5174757978
27450001250	5144757978
27480001250	5114757978
27510001250	5084757978
27540001250	5054757978
27570001250	5024757978
27600001250	4994757978
27630001250	4964757978
27660001250	4934757978
27690001250	4904757978
27720001250	4874757978
27750001250	4844757978
27780001250	4814757978
27810001250	4784757978
27840001250	4754757978
27870001250	4724757978
27900001250	4694757978
27930001250	4664757978
27960001250	4634757978
27990001250	4604757978
28020001250	4574757978
28050001250	4544757978
28080001250	4514757978
28110001250	4484757978
28140001250	4454757978
28170001250	4424757978
28200001250	4394757978
28230001250	4364757978
28260001250	4334757978
28290001250	4304757978
28320001250	4274757978
28350001250	4244757978
28380001250	4214757978
28410001250	4184757978
28440001250	4154757978
28470001250	4124757978
28500001250	4094757978
28530001250	4064757978
28560001250	4034757978
28590001250	4004757978
28620001250	3974757978
28650001250	3944757978
28680001250	3914757978
28710001250	3884757978
28740001250	3854757978
28770001250	3824757978
28800001250	3794757978
28830001250	3764757978
28860001250	3734757978
28890001250	3704757978
28920001250	3674757978
28950001250	3644757978
28980001250	3614757978
29010001250	3584757978
29040001250	3554757978
29070001250	3524757978
29100001250	3494757978
29130001250	3464757978
29160001250	3434757978
29190001250	3404757978
29220001250	3374757978
29250001250	3344757978
29280001250	3314757978
29310001250	3284757978
29340001250	3254757978
29370001250	3224757978
29400001250	3194757978
29430001250	3164757978
29460001250	3134757978
29490001250	3104757978
29520001250	3074757978
29550001250	3044757978
29580001250	3014757978
29610001250	2984757978
29640001250	2954757978
29670001250	2924757978
29700001250	2894757978
29730001250	2864757978
29760001250	2834757978
29790001250	2804757978
29820001250	2774757978
29850001250	2744757978
29880001250	2714757978
29910001250	2684757978
29940001250	2654757978
29970001250	2624757978
