1052	2211400
29983052	19523740
59965052	44503501
89947052	54078249
119929052	75461110
149911052	112424413
179893052	82442413
209875052	135868065
239857052	105886065
269839052	181673275
299821052	151691275
329803052	121709275
359785052	226518246
389767052	196536246
419749052	166554246
449731052	136572246
479713052	277320626
509695052	247338626
539677052	217356626
569659052	187374626
599641052	374751485
629623052	344769485
659605052	314787485
689587052	284805485
719569052	254823485
749551052	224841485
779533052	468858194
809515052	438876194
839497052	408894194
869479052	378912194
899461052	348930194
929443052	318948194
959425052	288966194
989407052	605417332
1019389052	575435332
1049371052	545453332
1079353052	515471332
1109335052	485489332
1139317052	455507332
1169299052	425525332
1199281052	395543332
1229263052	365561332
1259245052	771644087
1289227052	741662087
1319209052	711680087
1349191052	681698087
1379173052	651716087
1409155052	621734087
1439137052	591752087
1469119052	561770087
1499101052	531788087
1529083052	501806087
1559065052	471824087
1589047052	441842087
1619029052	959537050
1649011052	929555050
1678993052	899573050
1708975052	869591050
1738957052	839609050
1768939052	809627050
1798921052	779645050
1828903052	749663050
1858885052	719681050
1888867052	689699050
1918849052	659717050
1948831052	629735050
1978813052	599753050
2008795052	569771050
2038777052	1228353358
2068759052	1198371358
2098741052	1168389358
2128723052	1138407358
2158705052	1108425358
2188687052	1078443358
2218669052	1048461358
2248651052	1018479358
2278633052	988497358
2308615052	958515358
2338597052	928533358
2368579052	898551358
2398561052	868569358
2428543052	838587358
2458525052	808605358
2488507052	778623358
2518489052	748641358
2548471052	718659358
2578453052	688677358
2608435052	1570097600
2638417052	1540115600
2668399052	1510133600
2698381052	1480151600
2728363052	1450169600
2758345052	1420187600
2788327052	1390205600
2818309052	1360223600
2848291052	1330241600
2878273052	1300259600
2908255052	1270277600
2938237052	1240295600
2968219052	1210313600
2998201052	1180331600
3028183052	1150349600
3058165052	1120367600
3088147052	1090385600
3118129052	1060403600
3148111052	1030421600
3178093052	1000439600
3208075052	970457600
3238057052	940475600
3268039052	910493600
3298021052	2015817659
3328003052	1985835659
3357985052	1955853659
3387967052	1925871659
3417949052	1895889659
3447931052	1865907659
3477913052	1835925659
3507895052	1805943659
3537877052	1775961659
3567859052	1745979659
3597841052	1715997659
3627823052	1686015659
3657805052	1656033659
3687787052	1626051659
3717769052	1596069659
3747751052	1566087659
3777733052	1536105659
3807715052	1506123659
3837697052	1476141659
3867679052	1446159659
3897661052	1416177659
3927643052	1386195659
3957625052	1356213659
3987607052	1326231659
4017589052	1296249659
4047571052	1266267659
4077553052	1236285659
4107535052	1206303659
4137517052	1176321659
4167499052	1146339659
4197481052	2584546050
4227463052	2554564050
4257445052	2524582050
4287427052	2494600050
4317409052	2464618050
4347391052	2434636050
4377373052	2404654050
4407355052	2374672050
4437337052	2344690050
4467319052	2314708050
4497301052	2284726050
4527283052	2254744050
4557265052	2224762050
4587247052	2194780050
4617229052	2164798050
4647211052	2134816050
4677193052	2104834050
4707175052	2074852050
4737157052	2044870050
4767139052	2014888050
4797121052	1984906050
4827103052	1954924050
4857085052	1924942050
4887067052	1894960050
4917049052	1864978050
4947031052	1834996050
4977013052	1805014050
5006995052	1775032050
5036977052	1745050050
5066959052	1715068050
5096941052	1685086050
5126923052	1655104050
5156905052	1625122050
5186887052	1595140050
5216869052	1565158050
5246851052	1535176050
5276833052	1505194050
5306815052	1475212050
5336797052	3294165294
5366779052	3264183294
5396761052	3234201294
5426743052	3204219294
5456725052	3174237294
5486707052	3144255294
5516689052	3114273294
5546671052	3084291294
5576653052	3054309294
5606635052	3024327294
5636617052	2994345294
5666599052	2964363294
5696581052	2934381294
5726563052	2904399294
5756545052	2874417294
5786527052	2844435294
5816509052	2814453294
5846491052	2784471294
5876473052	2754489294
5906455052	2724507294
5936437052	2694525294
5966419052	2664543294
5996401052	2634561294
6026383052	2604579294
6056365052	2574597294
6086347052	2544615294
6116329052	2514633294
6146311052	2484651294
6176293052	2454669294
6206275052	2424687294
6236257052	2394705294
6266239052	2364723294
6296221052	2334741294
6326203052	2304759294
6356185052	2274777294
6386167052	2244795294
6416149052	2214813294
6446131052	2184831294
6476113052	2154849294
6506095052	2124867294
6536077052	2094885294
6566059052	2064903294
6596041052	2034921294
6626023052	2004939294
6656005052	1974957294
6685987052	1944975294
6715969052	1914993294
6745951052	1885011294
6775933052	1855029294
6805915052	4140645474
6835897052	4110663474
6865879052	4080681474
6895861052	4050699474
6925843052	4020717474
6955825052	3990735474
6985807052	3960753474
7015789052	3930771474
7045771052	3900789474
7075753052	3870807474
7105735052	3840825474
7135717052	3810843474
7165699052	3780861474
7195681052	3750879474
7225663052	3720897474
7255645052	3690915474
7285627052	3660933474
7315609052	3630951474
7345591052	3600969474
7375573052	3570987474
7405555052	3541005474
7435537052	3511023474
7465519052	3481041474
7495501052	3451059474
7525483052	3421077474
7555465052	3391095474
7585447052	3361113474
7615429052	3331131474
7645411052	3301149474
7675393052	3271167474
7705375052	3241185474
7735357052	3211203474
7765339052	3181221474
7795321052	3151239474
7825303052	3121257474
7855285052	3091275474
7885267052	3061293474
7915249052	3031311474
7945231052	3001329474
7975213052	2971347474
8005195052	2941365474
8035177052	2911383474
8065159052	2881401474
8095141052	2851419474
8125123052	2821437474
8155105052	2791455474
8185087052	2761473474
8215069052	2731491474
8245051052	2701509474
8275033052	2671527474
8305015052	2641545474
8334997052	2611563474
8364979052	2581581474
8394961052	2551599474
8424943052	2521617474
8454925052	2491635474
8484907052	2461653474
8514889052	2431671474
8544871052	2401689474
8574853052	2371707474
8604835052	2341725474
8634817052	2311743474
8664799052	17939604486
8694781052	17909622486
8724763052	17879640486
8754745052	17849658486
8784727052	17819676486
8814709052	17789694486
8844691052	17759712486
8874673052	17729730486
8904655052	17699748486
8934637052	17669766486
8964619052	17639784486
8994601052	17609802486
9024583052	17579820486
9054565052	17549838486
9084547052	17519856486
9114529052	17489874486
9144511052	17459892486
9174493052	17429910486
9204475052	17399928486
9234457052	17369946486
9264439052	17339964486
9294421052	17309982486
9324403052	17280000486
9354385052	17250018486
9384367052	17220036486
9414349052	17190054486
9444331052	17160072486
9474313052	17130090486
9504295052	17100108486
9534277052	17070126486
9564259052	17040144486
9594241052	17010162486
9624223052	16980180486
9654205052	16950198486
9684187052	16920216486
9714169052	16890234486
9744151052	16860252486
9774133052	16830270486
9804115052	16800288486
9834097052	16770306486
9864079052	16740324486
9894061052	16710342486
9924043052	16680360486
9954025052	16650378486
9984007052	16620396486
10013989052	16590414486
10043971052	16560432486
10073953052	16530450486
10103935052	16500468486
10133917052	16470486486
10163899052	16440504486
10193881052	16410522486
10223863052	16380540486
10253845052	16350558486
10283827052	16320576486
10313809052	16290594486
10343791052	16260612486
10373773052	16230630486
10403755052	16200648486
10433737052	16170666486
10463719052	16140684486
10493701052	16110702486
10523683052	16080720486
10553665052	16050738486
10583647052	16020756486
10613629052	15990774486
10643611052	15960792486
10673593052	15930810486
10703575052	15900828486
10733557052	15870846486
10763539052	15840864486
10793521052	15810882486
10823503052	15780900486
10853485052	15750918486
10883467052	15720936486
10913449052	15690954486
10943431052	15660972486
10973413052	27117840462
11003395052	27087858462
11033377052	27057876462
11063359052	27027894462
11093341052	26997912462
11123323052	26967930462
11153305052	26937948462
11183287052	26907966462
11213269052	26877984462
11243251052	26848002462
11273233052	26818020462
11303215052	26788038462
11333197052	26758056462
11363179052	26728074462
11393161052	26698092462
11423143052	26668110462
11453125052	26638128462
11483107052	26608146462
11513089052	26578164462
11543071052	26548182462
11573053052	26518200462
11603035052	26488218462
11633017052	26458236462
11662999052	26428254462
11692981052	26398272462
11722963052	26368290462
11752945052	26338308462
11782927052	26308326462
11812909052	26278344462
11842891052	26248362462
11872873052	26218380462
11902855052	26188398462
11932837052	26158416462
11962819052	26128434462
11992801052	26098452462
12022783052	26068470462
12052765052	26038488462
12082747052	26008506462
12112729052	25978524462
12142711052	25948542462
12172693052	25918560462
12202675052	25888578462
12232657052	25858596462
12262639052	25828614462
12292621052	25798632462
12322603052	25768650462
12352585052	25738668462
12382567052	25708686462
12412549052	25678704462
12442531052	25648722462
12472513052	25618740462
12502495052	25588758462
12532477052	25558776462
12562459052	25528794462
12592441052	25498812462
12622423052	25468830462
12652405052	25438848462
12682387052	25408866462
12712369052	25378884462
12742351052	25348902462
12772333052	25318920462
12802315052	25288938462
12832297052	25258956462
12862279052	25228974462
12892261052	25198992462
12922243052	25169010462
12952225052	25139028462
12982207052	25109046462
13012189052	25079064462
13042171052	25049082462
13072153052	25019100462
13102135052	24989118462
13132117052	24959136462
13162099052	24929154462
13192081052	24899172462
13222063052	24869190462
13252045052	24839208462
13282027052	24809226462
13312009052	24779244462
13341991052	24749262462
13371973052	24719280462
13401955052	24689298462
13431937052	24659316462
13461919052	24629334462
13491901052	24599352462
13521883052	24569370462
13551865052	24539388462
13581847052	24509406462
13611829052	24479424462
13641811052	24449442462
13671793052	24419460462
13701775052	24389478462
13731757052	24359496462
13761739052	24329514462
13791721052	24299532462
13821703052	24269550462
13851685052	24239568462
13881667052	24209586462
13911649052	24179604462
13941631052	24149622462
13971613052	24119640462
14001595052	24089658462
14031577052	24059676462
14061559052	24029694462
14091541052	23999712462
14121523052	23969730462
14151505052	23939748462
14181487052	23909766462
14211469052	23879784462
14241451052	23849802462
14271433052	23819820462
14301415052	23789838462
14331397052	23759856462
14361379052	23729874462
14391361052	23699892462
14421343052	23669910462
14451325052	23639928462
14481307052	23609946462
14511289052	23579964462
14541271052	23549982462
14571253052	23520000462
14601235052	23490018462
14631217052	23460036462
14661199052	23430054462
14691181052	23400072462
14721163052	23370090462
14751145052	23340108462
14781127052	23310126462
14811109052	23280144462
14841091052	23250162462
14871073052	23220180462
14901055052	23190198462
14931037052	23160216462
14961019052	23130234462
14991001052	23100252462
15020983052	23070270462
15050965052	23040288462
15080947052	23010306462
15110929052	22980324462
15140911052	22950342462
15170893052	22920360462
15200875052	22890378462
15230857052	22860396462
15260839052	22830414462
15290821052	22800432462
15320803052	22770450462
15350785052	22740468462
15380767052	22710486462
15410749052	22680504462
15440731052	22650522462
15470713052	22620540462
15500695052	22590558462
15530677052	22560576462
15560659052	22530594462
15590641052	22500612462
15620623052	22470630462
15650605052	22440648462
15680587052	22410666462
15710569052	22380684462
15740551052	22350702462
15770533052	22320720462
15800515052	22290738462
15830497052	22260756462
15860479052	22230774462
15890461052	22200792462
15920443052	22170810462
15950425052	22140828462
15980407052	22110846462
16010389052	22080864462
16040371052	22050882462
16070353052	22020900462
16100335052	21990918462
16130317052	21960936462
16160299052	21930954462
16190281052	21900972462
16220263052	21870990462
16250245052	21841008462
16280227052	21811026462
16310209052	21781044462
16340191052	21751062462
16370173052	21721080462
16400155052	21691098462
16430137052	21661116462
16460119052	21631134462
16490101052	21601152462
16520083052	21571170462
16550065052	21541188462
16580047052	21511206462
16610029052	21481224462
16640011052	21451242462
16669993052	21421260462
16699975052	21391278462
16729957052	21361296462
16759939052	21331314462
16789921052	21301332462
16819903052	21271350462
16849885052	21241368462
16879867052	21211386462
16909849052	21181404462
16939831052	21151422462
16969813052	21121440462
16999795052	21091458462
17029777052	21061476462
17059759052	21031494462
17089741052	21001512462
17119723052	20971530462
17149705052	20941548462
17179687052	20911566462
17209669052	20881584462
17239651052	20851602462
17269633052	20821620462
17299615052	20791638462
17329597052	20761656462
17359579052	20731674462
17389561052	20701692462
17419543052	20671710462
17449525052	20641728462
17479507052	20611746462
17509489052	20581764462
17539471052	20551782462
17569453052	20521800462
17599435052	20491818462
17629417052	20461836462
17659399052	20431854462
17689381052	20401872462
17719363052	20371890462
17749345052	20341908462
17779327052	20311926462
17809309052	20281944462
17839291052	20251962462
17869273052	20221980462
17899255052	20191998462
17929237052	20162016462
17959219052	20132034462
17989201052	20102052462
18019183052	20072070462
18049165052	20042088462
18079147052	20012106462
18109129052	19982124462
18139111052	19952142462
18169093052	19922160462
18199075052	19892178462
18229057052	19862196462
18259039052	19832214462
18289021052	19802232462
18319003052	19772250462
18348985052	19742268462
18378967052	19712286462
18408949052	19682304462
18438931052	19652322462
18468913052	19622340462
18498895052	19592358462
18528877052	19562376462
18558859052	19532394462
18588841052	19502412462
18618823052	19472430462
18648805052	19442448462
18678787052	19412466462
18708769052	19382484462
18738751052	19352502462
18768733052	19322520462
18798715052	19292538462
18828697052	19262556462
18858679052	19232574462
18888661052	19202592462
18918643052	19172610462
18948625052	19142628462
18978607052	19112646462
19008589052	19082664462
19038571052	19052682462
19068553052	19022700462
19098535052	18992718462
19128517052	18962736462
19158499052	18932754462
19188481052	18902772462
19218463052	18872790462
19248445052	18842808462
19278427052	18812826462
19308409052	18782844462
19338391052	18752862462
19368373052	18722880462
19398355052	18692898462
19428337052	18662916462
19458319052	18632934462
19488301052	18602952462
19518283052	18572970462
19548265052	18542988462
19578247052	18513006462
19608229052	18483024462
19638211052	18453042462
19668193052	18423060462
19698175052	18393078462
19728157052	18363096462
19758139052	18333114462
19788121052	18303132462
19818103052	18273150462
19848085052	18243168462
19878067052	18213186462
19908049052	18183204462
19938031052	18153222462
19968013052	18123240462
19997995052	18093258462
20027977052	18063276462
20057959052	18033294462
20087941052	18003312462
20117923052	17973330462
20147905052	17943348462
20177887052	17913366462
20207869052	17883384462
20237851052	17853402462
20267833052	17823420462
20297815052	17793438462
20327797052	17763456462
20357779052	17733474462
20387761052	17703492462
20417743052	17673510462
20447725052	17643528462
20477707052	17613546462
20507689052	17583564462
20537671052	17553582462
20567653052	17523600462
20597635052	17493618462
20627617052	17463636462
20657599052	17433654462
20687581052	17403672462
20717563052	17373690462
20747545052	17343708462
20777527052	17313726462
20807509052	17283744462
20837491052	17253762462
20867473052	17223780462
20897455052	17193798462
20927437052	17163816462
20957419052	17133834462
20987401052	17103852462
21017383052	17073870462
21047365052	17043888462
21077347052	17013906462
21107329052	16983924462
21137311052	16953942462
21167293052	16923960462
21197275052	16893978462
21227257052	16863996462
21257239052	16834014462
21287221052	16804032462
21317203052	16774050462
21347185052	16744068462
21377167052	16714086462
21407149052	16684104462
21437131052	16654122462
21467113052	16624140462
21497095052	16594158462
21527077052	16564176462
21557059052	16534194462
21587041052	16504212462
21617023052	16474230462
21647005052	16444248462
21676987052	16414266462
21706969052	16384284462
21736951052	16354302462
21766933052	16324320462
21796915052	16294338462
21826897052	16264356462
21856879052	16234374462
21886861052	16204392462
21916843052	16174410462
21946825052	16144428462
21976807052	16114446462
22006789052	16084464462
22036771052	16054482462
22066753052	16024500462
22096735052	15994518462
22126717052	15964536462
22156699052	15934554462
22186681052	15904572462
22216663052	15874590462
22246645052	15844608462
22276627052	15814626462
22306609052	15784644462
22336591052	15754662462
22366573052	15724680462
22396555052	15694698462
22426537052	15664716462
22456519052	15634734462
22486501052	15604752462
22516483052	15574770462
22546465052	15544788462
22576447052	15514806462
22606429052	15484824462
22636411052	15454842462
22666393052	15424860462
22696375052	15394878462
22726357052	15364896462
22756339052	15334914462
22786321052	15304932462
22816303052	15274950462
22846285052	15244968462
22876267052	15214986462
22906249052	15185004462
22936231052	15155022462
22966213052	15125040462
22996195052	15095058462
23026177052	15065076462
23056159052	15035094462
23086141052	15005112462
23116123052	14975130462
23146105052	14945148462
23176087052	14915166462
23206069052	14885184462
23236051052	14855202462
23266033052	14825220462
23296015052	14795238462
23325997052	14765256462
23355979052	14735274462
23385961052	14705292462
23415943052	14675310462
23445925052	14645328462
23475907052	14615346462
23505889052	14585364462
23535871052	14555382462
23565853052	14525400462
23595835052	14495418462
23625817052	14465436462
23655799052	14435454462
23685781052	14405472462
23715763052	14375490462
23745745052	14345508462
23775727052	14315526462
23805709052	14285544462
23835691052	14255562462
23865673052	14225580462
23895655052	14195598462
23925637052	14165616462
23955619052	14135634462
23985601052	14105652462
24015583052	14075670462
24045565052	14045688462
24075547052	14015706462
24105529052	13985724462
24135511052	13955742462
24165493052	13925760462
24195475052	13895778462
24225457052	13865796462
24255439052	13835814462
24285421052	13805832462
24315403052	13775850462
24345385052	13745868462
24375367052	13715886462
24405349052	13685904462
24435331052	13655922462
24465313052	13625940462
24495295052	13595958462
24525277052	13565976462
24555259052	13535994462
24585241052	13506012462
24615223052	13476030462
24645205052	13446048462
24675187052	13416066462
24705169052	13386084462
24735151052	13356102462
24765133052	13326120462
24795115052	13296138462
24825097052	13266156462
24855079052	13236174462
24885061052	13206192462
24915043052	13176210462
24945025052	13146228462
24975007052	13116246462
25004989052	13086264462
25034971052	13056282462
25064953052	13026300462
25094935052	12996318462
25124917052	12966336462
25154899052	12936354462
25184881052	12906372462
25214863052	12876390462
25244845052	12846408462
25274827052	12816426462
25304809052	12786444462
25334791052	12756462462
25364773052	12726480462
25394755052	12696498462
25424737052	12666516462
25454719052	12636534462
25484701052	12606552462
25514683052	12576570462
25544665052	12546588462
25574647052	12516606462
25604629052	12486624462
25634611052	12456642462
25664593052	12426660462
25694575052	12396678462
25724557052	12366696462
25754539052	12336714462
25784521052	12306732462
25814503052	12276750462
25844485052	12246768462
25874467052	12216786462
25904449052	12186804462
25934431052	12156822462
25964413052	12126840462
25994395052	12096858462
26024377052	12066876462
26054359052	12036894462
26084341052	12006912462
26114323052	11976930462
26144305052	11946948462
26174287052	11916966462
26204269052	11886984462
26234251052	11857002462
26264233052	11827020462
26294215052	11797038462
26324197052	11767056462
26354179052	11737074462
26384161052	11707092462
26414143052	11677110462
26444125052	11647128462
26474107052	11617146462
26504089052	11587164462
26534071052	11557182462
26564053052	11527200462
26594035052	11497218462
26624017052	11467236462
26653999052	16722451517
26683981052	16692469517
26713963052	16662487517
26743945052	16632505517
26773927052	16602523517
26803909052	16572541517
26833891052	16542559517
26863873052	16512577517
26893855052	16482595517
26923837052	16452613517
26953819052	16422631517
26983801052	16392649517
27013783052	16362667517
27043765052	16332685517
27073747052	16302703517
27103729052	16272721517
27133711052	16242739517
27163693052	16212757517
27193675052	16182775517
27223657052	16152793517
27253639052	16122811517
27283621052	16092829517
27313603052	16062847517
27343585052	16032865517
27373567052	16002883517
27403549052	15972901517
27433531052	15942919517
27463513052	15912937517
27493495052	15882955517
27523477052	15852973517
27553459052	15822991517
27583441052	15793009517
27613423052	15763027517
27643405052	15733045517
27673387052	15703063517
27703369052	15673081517
27733351052	15643099517
27763333052	15613117517
27793315052	15583135517
27823297052	15553153517
27853279052	15523171517
27883261052	15493189517
27913243052	15463207517
27943225052	15433225517
27973207052	15403243517
28003189052	15373261517
28033171052	15343279517
28063153052	15313297517
28093135052	15283315517
28123117052	15253333517
28153099052	15223351517
28183081052	15193369517
28213063052	15163387517
28243045052	15133405517
28273027052	15103423517
28303009052	15073441517
28332991052	15043459517
28362973052	15013477517
28392955052	14983495517
28422937052	14953513517
28452919052	14923531517
28482901052	14893549517
28512883052	14863567517
28542865052	14833585517
28572847052	14803603517
28602829052	14773621517
28632811052	14743639517
28662793052	14713657517
28692775052	14683675517
28722757052	14653693517
28752739052	14623711517
28782721052	14593729517
28812703052	14563747517
28842685052	14533765517
28872667052	14503783517
28902649052	14473801517
28932631052	14443819517
28962613052	14413837517
28992595052	14383855517
29022577052	14353873517
29052559052	14323891517
29082541052	14293909517
29112523052	14263927517
29142505052	14233945517
29172487052	14203963517
29202469052	14173981517
29232451052	14143999517
29262433052	14114017517
29292415052	14084035517
29322397052	14054053517
29352379052	14024071517
29382361052	13994089517
29412343052	13964107517
29442325052	13934125517
29472307052	13904143517
29502289052	13874161517
29532271052	13844179517
29562253052	13814197517
29592235052	13784215517
29622217052	13754233517
29652199052	13724251517
29682181052	13694269517
29712163052	13664287517
29742145052	13634305517
29772127052	13604323517
29802109052	13574341517
29832091052	13544359517
29862073052	13514377517
29892055052	13484395517
29922037052	13454413517
29952019052	13424431517
