20000	3580781
40020000	886107
80020000	771453
120020000	967067
160020000	1165958
200020000	788249
240020000	1082481
280020000	1295395
320020000	707636
360020000	1009360
400020000	885641
440020000	665897
480020000	743805
520020000	861724
560020000	977565
600020000	863515
640020000	1352108
680020000	671850
720020000	811493
760020000	1120804
800020000	800106
840020000	777244
880020000	786940
920020000	742989
960020000	858284
1000020000	658189
1040020000	1155230
1080020000	969540
1120020000	763750
1160020000	1175176
1200020000	755390
1240020000	1244664
1280020000	907885
1320020000	815106
1360020000	1101572
1400020000	620480
1440020000	1299316
1480020000	748542
1520020000	1152734
1560020000	811729
1600020000	1066192
1640020000	970311
1680020000	1122280
1720020000	819423
1760020000	987934
1800020000	979993
1840020000	1025771
1880020000	674106
1920020000	1114929
1960020000	716652
2000020000	975069
2040020000	767639
2080020000	891186
2120020000	771518
2160020000	640241
2200020000	1139407
2240020000	1201517
2280020000	1053882
2320020000	872561
2360020000	983299
2400020000	655507
2440020000	718760
2480020000	664330
2520020000	1016498
2560020000	993853
2600020000	838043
2640020000	1229429
2680020000	896055
2720020000	1092925
2760020000	878572
2800020000	725150
2840020000	639154
2880020000	1144180
2920020000	1061306
2960020000	1116574
3000020000	900527
3040020000	1092645
3080020000	880420
3120020000	845096
3160020000	1333707
3200020000	1119202
3240020000	944814
3280020000	986962
3320020000	812517
3360020000	763365
3400020000	1025086
3440020000	1259237
3480020000	844953
3520020000	876716
3560020000	722344
3600020000	1156780
3640020000	1177860
3680020000	634732
3720020000	984018
3760020000	1014548
3800020000	955711
3840020000	869847
3880020000	831558
3920020000	730318
3960020000	737676
4000020000	821535
4040020000	1038614
4080020000	847979
4120020000	1230988
4160020000	1043770
4200020000	1196413
4240020000	870250
4280020000	1051292
4320020000	661877
4360020000	820745
4400020000	1271963
4440020000	914637
4480020000	809991
4520020000	841856
4560020000	1018604
4600020000	584237
4640020000	1105041
4680020000	937567
4720020000	1154948
4760020000	796588
4800020000	667930
4840020000	838710
4880020000	779726
4920020000	689262
4960020000	1045401
5000020000	951324
5040020000	712027
5080020000	1127260
5120020000	753043
5160020000	666750
5200020000	1155583
5240020000	1197287
5280020000	1006416
5320020000	754340
5360020000	690102
5400020000	935132
5440020000	669926
5480020000	967336
5520020000	964097
5560020000	830089
5600020000	836631
5640020000	1880704
5680020000	700333
5720020000	1251044
5760020000	934992
5800020000	1187642
5840020000	940817
5880020000	1026418
5920020000	653038
5960020000	1159216
6000020000	1024279
6040020000	1070099
6080020000	1277273
6120020000	913466
6160020000	1153237
6200020000	681885
6240020000	692629
6280020000	1062251
6320020000	786530
6360020000	1309939
6400020000	1070372
6440020000	894408
6480020000	901324
6520020000	956545
6560020000	1131671
6600020000	723464
6640020000	1248620
6680020000	1002117
6720020000	861371
6760020000	844187
6800020000	796554
6840020000	1030294
6880020000	1025881
6920020000	1221037
6960020000	1153505
7000020000	737330
7040020000	1223058
7080020000	1231872
7120020000	750272
7160020000	1054773
7200020000	907487
7240020000	1259912
7280020000	1262427
7320020000	1043878
7360020000	746657
7400020000	1150580
7440020000	1281024
7480020000	770809
7520020000	1169628
7560020000	978532
7600020000	689290
7640020000	1128274
7680020000	930068
7720020000	1173595
7760020000	1197272
7800020000	1119684
7840020000	929842
7880020000	1169311
7920020000	668325
7960020000	949652
8000020000	1197906
8040020000	697889
8080020000	982963
8120020000	1183917
8160020000	1169447
8200020000	960443
8240020000	733944
8280020000	938419
8320020000	1385251
8360020000	1099735
8400020000	765283
8440020000	760098
8480020000	780946
8520020000	1189829
8560020000	1124347
8600020000	866213
8640020000	1148066
8680020000	1160948
8720020000	975107
8760020000	947005
8800020000	881151
8840020000	936846
8880020000	870858
8920020000	1076572
8960020000	1076603
9000020000	1255289
9040020000	625187
9080020000	1075676
9120020000	830369
9160020000	636143
9200020000	1318421
9240020000	1176095
9280020000	955830
9320020000	749837
9360020000	2139331
9400020000	800521
9440020000	1099199
9480020000	830459
9520020000	906969
9560020000	1203954
9600020000	968665
9640020000	706008
9680020000	922833
9720020000	1088166
9760020000	844050
9800020000	691464
9840020000	1004056
9880020000	1085849
9920020000	767704
9960020000	629129
10000020000	607054546
10040020000	590762277
10080020000	550762277
10120020000	510762277
10160020000	470762277
10200020000	430762277
10240020000	390762277
10280020000	350762277
10320020000	310762277
10360020000	270762277
10400020000	230762277
10440020000	190762277
10480020000	150762277
10520020000	110762277
10560020000	70762277
10600020000	30762277
10640020000	884071
10680020000	866476
10720020000	1004549
10760020000	1008116
10800020000	1087975
10840020000	757196
10880020000	738085
10920020000	725239
10960020000	1055801
11000020000	686571
11040020000	1152068
11080020000	1376929
11120020000	814817
11160020000	888166
11200020000	1162682
11240020000	1217076
11280020000	721946
11320020000	926783
11360020000	829247
11400020000	920371
11440020000	1154159
11480020000	1024613
11520020000	942598
11560020000	1048769
11600020000	756616
11640020000	1361044
11680020000	1141288
11720020000	668967
11760020000	1319245
11800020000	1410227
11840020000	1328990
11880020000	1167417
11920020000	900395
11960020000	1376789
12000020000	1392296
12040020000	1246379
12080020000	881655
12120020000	1190789
12160020000	772574
12200020000	1453055
12240020000	1078635
12280020000	960062
12320020000	818977
12360020000	723781
12400020000	742248
12440020000	1352227
12480020000	1334056
12520020000	645514
12560020000	1372162
12600020000	777637
12640020000	917077
12680020000	1195165
12720020000	1292639
12760020000	972932
12800020000	1388557
12840020000	759314
12880020000	830879
12920020000	1323385
12960020000	815796
13000020000	1274364
13040020000	919004
13080020000	1324886
13120020000	1096169
13160020000	1055389
13200020000	835822
13240020000	1328167
13280020000	1069140
13320020000	1364320
13360020000	747067
13400020000	713916
13440020000	816985
13480020000	1376067
13520020000	1436565
13560020000	1372732
13600020000	1101034
13640020000	752405
13680020000	1122752
13720020000	1040111
13760020000	778179
13800020000	1192937
13840020000	766928
13880020000	1015572
13920020000	1038084
13960020000	878714
14000020000	1317652
14040020000	1336641
14080020000	1394258
14120020000	782757
14160020000	973453
14200020000	1009435
14240020000	1363744
14280020000	1397868
14320020000	903247
14360020000	1153054
14400020000	796859
14440020000	942786
14480020000	1307889
14520020000	1349708
14560020000	1056668
14600020000	1358408
14640020000	759040
14680020000	804204
14720020000	927772
14760020000	1292017
14800020000	894306
14840020000	1398688
14880020000	1040319
14920020000	1326080
14960020000	1028642
15000020000	954844
15040020000	1286299
15080020000	1180582
15120020000	1206072
15160020000	895486
15200020000	1297187
15240020000	962461
15280020000	1167542
15320020000	817689
15360020000	794774
15400020000	1418810
15440020000	758745
15480020000	1305700
15520020000	1170793
15560020000	1458639
15600020000	903170
15640020000	964414
15680020000	1104643
15720020000	1031221
15760020000	963861
15800020000	1129102
15840020000	699688
15880020000	1221900
15920020000	756637
15960020000	936718
16000020000	800603
16040020000	1256004
16080020000	1209994
16120020000	1187339
16160020000	1347172
16200020000	1070429
16240020000	1055875
16280020000	1368337
16320020000	1310551
16360020000	1223184
16400020000	949939
16440020000	1092122
16480020000	963750
16520020000	1126281
16560020000	1094501
16600020000	856539
16640020000	1205547
16680020000	947292
16720020000	1153372
16760020000	1030207
16800020000	1173012
16840020000	1131105
16880020000	955023
16920020000	917592
16960020000	914682
17000020000	1146440
17040020000	905964
17080020000	896649
17120020000	1192911
17160020000	1108315
17200020000	1156998
17240020000	753977
17280020000	1127395
17320020000	748351
17360020000	1292872
17400020000	834291
17440020000	1129091
17480020000	751991
17520020000	1192278
17560020000	1066902
17600020000	1179661
17640020000	1455315
17680020000	1408217
17720020000	790043
17760020000	1239982
17800020000	1084075
17840020000	820984
17880020000	702331
17920020000	876079
17960020000	812863
18000020000	1126318
18040020000	894635
18080020000	1116619
18120020000	1261389
18160020000	1273269
18200020000	1181672
18240020000	1231008
18280020000	861142
18320020000	966463
18360020000	1159640
18400020000	778531
18440020000	756317
18480020000	983561
18520020000	775185
18560020000	1147664
18600020000	927854
18640020000	800874
18680020000	1394363
18720020000	790024
18760020000	1189832
18800020000	1104968
18840020000	887619
18880020000	1974899
18920020000	1264348
18960020000	1369455
19000020000	1284944
19040020000	1086432
19080020000	944636
19120020000	978548
19160020000	788259
19200020000	671046
19240020000	1175208
19280020000	1013311
19320020000	1027948
19360020000	681181
19400020000	1167748
19440020000	1195614
19480020000	1159448
19520020000	924198
19560020000	1117452
19600020000	1225734
19640020000	1194526
19680020000	926943
19720020000	1295902
19760020000	1205350
19800020000	1214886
19840020000	955467
19880020000	829208
19920020000	1128521
19960020000	860926
20000020000	1280453
20040020000	7698557
20080020000	13537788
20120020000	7024222
20160020000	1409151
20200020000	3728606
20240020000	7376409
20280020000	11791985
20320020000	4822662
20360020000	19021309
20400020000	1551356
20440020000	4967153
20480020000	8990543
20520020000	2119214
20560020000	17424560
20600020000	1359582
20640020000	4403891
20680020000	8741610
20720020000	1890475
20760020000	16295018
20800020000	19121322
20840020000	2003893
20880020000	5609330
20920020000	9699656
20960020000	14152127
21000020000	2780006
21040020000	6381210
21080020000	10844429
21120020000	3290094
21160020000	17801557
21200020000	1271147
21240020000	3716099
21280020000	8249634
21320020000	1547829
21360020000	16317999
21400020000	20183085
21440020000	2436412
21480020000	6921810
21520020000	1188318
21560020000	13684804
21600020000	17971005
21640020000	1439203
21680020000	4095944
21720020000	8414285
21760020000	11324708
21800020000	16740384
21840020000	9434966
21880020000	2069071
21920020000	5999591
21960020000	8459402
22000020000	13234950
22040020000	8634298
22080020000	1887521
22120020000	6247556
22160020000	933030
22200020000	1103693
22240020000	970039
22280020000	1232852
22320020000	1160499
22360020000	1164356
22400020000	778277
22440020000	1052077
22480020000	720408
22520020000	685382
22560020000	771696
22600020000	1116672
22640020000	682554
22680020000	726857
22720020000	1120069
22760020000	1308589
22800020000	758738
22840020000	1207869
22880020000	926085
22920020000	879733
22960020000	742884
23000020000	1201621
23040020000	788611
23080020000	1076743
23120020000	980438
23160020000	728822
23200020000	813044
23240020000	1024505
23280020000	1233816
23320020000	723626
23360020000	1083103
23400020000	1135093
23440020000	1297522
23480020000	960114
23520020000	776434
23560020000	1312313
23600020000	745754
23640020000	1202801
23680020000	1319339
23720020000	973363
23760020000	775945
23800020000	995201
23840020000	1242099
23880020000	1231001
23920020000	1217536
23960020000	844864
24000020000	883208
24040020000	953287
24080020000	936090
24120020000	1114534
24160020000	1131895
24200020000	1256650
24240020000	898990
24280020000	954643
24320020000	983795
24360020000	964634
24400020000	1110540
24440020000	610579
24480020000	1325949
24520020000	1171206
24560020000	1282729
24600020000	772738
24640020000	788757
24680020000	1200572
24720020000	1125874
24760020000	1039023
24800020000	1110512
24840020000	833956
24880020000	711592
24920020000	728800
24960020000	1102621
25000020000	962652
25040020000	1158568
25080020000	804710
25120020000	830912
25160020000	1134646
25200020000	756652
25240020000	954429
25280020000	716608
25320020000	751116
25360020000	1144119
25400020000	749717
25440020000	1127391
25480020000	1085695
25520020000	1195113
25560020000	1135697
25600020000	1083002
25640020000	1128162
25680020000	938165
25720020000	947559
25760020000	830872
25800020000	1201211
25840020000	857310
25880020000	967529
25920020000	1146013
25960020000	1254563
26000020000	1274384
26040020000	701415
26080020000	789820
26120020000	1054614
26160020000	1140174
26200020000	713907
26240020000	746402
26280020000	637530
26320020000	698129
26360020000	1029454
26400020000	1219525
26440020000	1081113
26480020000	1052020
26520020000	671698
26560020000	1322352
26600020000	1266569
26640020000	690557
26680020000	785664
26720020000	1080822
26760020000	967300
26800020000	913618
26840020000	922915
26880020000	733796
26920020000	1217583
26960020000	712414
27000020000	1363992
27040020000	803536
27080020000	1061262
27120020000	806268
27160020000	1353319
27200020000	1286755
27240020000	1175604
27280020000	1007927
27320020000	1051795
27360020000	711811
27400020000	1253779
27440020000	1108763
27480020000	1046361
27520020000	1216568
27560020000	760067
27600020000	862469
27640020000	683546
27680020000	949314
27720020000	1377738
27760020000	999337
27800020000	950760
27840020000	993996
27880020000	843895
27920020000	985591
27960020000	721230
28000020000	1028975
28040020000	993826
28080020000	1100223
28120020000	755632
28160020000	909343
28200020000	1205983
28240020000	1025003
28280020000	1156304
28320020000	802401
28360020000	764718
28400020000	871312
28440020000	818677
28480020000	1132392
28520020000	1077551
28560020000	679842
28600020000	925905
28640020000	808793
28680020000	1223397
28720020000	932556
28760020000	704042
28800020000	838508
28840020000	1671779
28880020000	943257
28920020000	831838
28960020000	936734
29000020000	1220131
29040020000	688736
29080020000	1038971
29120020000	794528
29160020000	1228806
29200020000	1060224
29240020000	1099188
29280020000	1238679
29320020000	1210972
29360020000	1201116
29400020000	869904
29440020000	1159774
29480020000	1234466
29520020000	689465
29560020000	702786
29600020000	855509
29640020000	698538
29680020000	1323321
29720020000	928978
29760020000	1023541
29800020000	1151519
29840020000	1258319
29880020000	1122978
29920020000	1041351
29960020000	1206425
30000020000	72783826
30040020000	35905275
30080020000	17050476
30120020000	18363819
30160020000	19425649
30200020000	20649099
30240020000	794503
30280020000	1197975
30320020000	1003645
30360020000	1041416
30400020000	1077522
30440020000	1213184
30480020000	1077600
30520020000	648497
30560020000	953870
30600020000	905316
30640020000	715256
30680020000	890456
30720020000	760523
30760020000	945942
30800020000	707390
30840020000	985232
30880020000	1061617
30920020000	770754
30960020000	1354719
31000020000	1031848
31040020000	1103886
31080020000	1322999
31120020000	1315209
31160020000	669662
31200020000	893169
31240020000	1271753
31280020000	1019284
31320020000	924662
31360020000	1069510
31400020000	954711
31440020000	789437
31480020000	1159130
31520020000	1168996
31560020000	932809
31600020000	858582
31640020000	762543
31680020000	664591
31720020000	782170
31760020000	969998
31800020000	1101897
31840020000	1169011
31880020000	1231138
31920020000	727014
31960020000	756795
32000020000	977515
32040020000	1378317
32080020000	751813
32120020000	858802
32160020000	1189428
32200020000	703360
32240020000	1202303
32280020000	999020
32320020000	705379
32360020000	984610
32400020000	1177173
32440020000	1169445
32480020000	882239
32520020000	1277038
32560020000	1226443
32600020000	962191
32640020000	1123475
32680020000	886660
32720020000	766953
32760020000	1150976
32800020000	1108025
32840020000	1226793
32880020000	1214734
32920020000	1350469
32960020000	1027600
33000020000	836666
33040020000	949365
33080020000	1216164
33120020000	960267
33160020000	1315423
33200020000	1100725
33240020000	1033004
33280020000	1246486
33320020000	1216038
33360020000	1256704
33400020000	855205
33440020000	725847
33480020000	655739
33520020000	969330
33560020000	1053636
33600020000	1010324
33640020000	941266
33680020000	886359
33720020000	1177802
33760020000	946169
33800020000	1385134
33840020000	1350870
33880020000	748724
33920020000	904771
33960020000	1167980
34000020000	1087415
34040020000	858738
34080020000	4273895
34120020000	631205
34160020000	1142124
34200020000	1158100
34240020000	992384
34280020000	940703
34320020000	689997
34360020000	891843
34400020000	1075918
34440020000	726186
34480020000	1116450
34520020000	722730
34560020000	823934
34600020000	886487
34640020000	950313
34680020000	1084908
34720020000	1332285
34760020000	1183852
34800020000	735086
34840020000	1201182
34880020000	1223210
34920020000	1037725
34960020000	815305
35000020000	947744
35040020000	1010957
35080020000	1144173
35120020000	879205
35160020000	1321814
35200020000	1247111
35240020000	1281958
35280020000	1218332
35320020000	658782
35360020000	790436
35400020000	1342745
35440020000	828928
35480020000	1243335
35520020000	794926
35560020000	1242954
35600020000	881274
35640020000	1150260
35680020000	1091199
35720020000	731287
35760020000	678152
35800020000	826767
35840020000	1227521
35880020000	1368630
35920020000	909105
35960020000	1275975
36000020000	865757
36040020000	1166223
36080020000	959936
36120020000	1156523
36160020000	1175679
36200020000	757008
36240020000	1209156
36280020000	1020036
36320020000	812662
36360020000	1437807
36400020000	780754
36440020000	849355
36480020000	759491
36520020000	957264
36560020000	1423360
36600020000	1370329
36640020000	968263
36680020000	972564
36720020000	795042
36760020000	867643
36800020000	739220
36840020000	1225296
36880020000	729382
36920020000	855701
36960020000	1186858
37000020000	696463
37040020000	1193602
37080020000	827485
37120020000	1358819
37160020000	1190907
37200020000	756139
37240020000	745711
37280020000	1241623
37320020000	703325
37360020000	1175632
37400020000	879385
37440020000	776571
37480020000	1047778
37520020000	1088522
37560020000	1109031
37600020000	1327144
37640020000	1190037
37680020000	821343
37720020000	1228551
37760020000	1275164
37800020000	853258
37840020000	1128194
37880020000	1219968
37920020000	1172799
37960020000	1207673
38000020000	1093907
38040020000	889224
38080020000	812907
38120020000	1071653
38160020000	996370
38200020000	807501
38240020000	1144506
38280020000	958262
38320020000	928056
38360020000	1243599
38400020000	1179161
38440020000	1215065
38480020000	1223805
38520020000	1152859
38560020000	1148573
38600020000	698453
38640020000	619352
38680020000	776900
38720020000	1379622
38760020000	777430
38800020000	906066
38840020000	1248249
38880020000	1324973
38920020000	1246861
38960020000	969671
39000020000	865215
39040020000	1092476
39080020000	982380
39120020000	1122831
39160020000	1306768
39200020000	862336
39240020000	849096
39280020000	1169480
39320020000	740500
39360020000	924860
39400020000	997322
39440020000	1238573
39480020000	837010
39520020000	1277482
39560020000	1046614
39600020000	1037060
39640020000	1194107
39680020000	1174845
39720020000	1083489
39760020000	1314723
39800020000	1389323
39840020000	1054590
39880020000	727957
39920020000	704859
39960020000	1260661
