8000	17306619
40008000	82659676
80008000	42659676
120008000	10946598
160008000	1450537
200008000	1107996
240008000	1489748
280008000	1317578
320008000	959514
360008000	2674143
400008000	1707612
440008000	1259198
480008000	8110629
520008000	1100559
560008000	1477697
600008000	3444277
640008000	1211835
680008000	1640389
720008000	978902
760008000	23155193
800008000	1000976
840008000	8800099
880008000	997882
920008000	1061118
960008000	1096730
1000008000	1388625
1040008000	988227
1080008000	1496372
1120008000	1058124
1160008000	821656
1200008000	1053639
1240008000	1322631
1280008000	1693340
1320008000	1115533
1360008000	1311611
1400008000	5714308
1440008000	1200686
1480008000	1014008
1520008000	1299981
1560008000	1157854
1600008000	950421
1640008000	986099
1680008000	1686695
1720008000	1468599
1760008000	1321572
1800008000	1103738
1840008000	1564154
1880008000	1364370
1920008000	1246277
1960008000	1012721
2000008000	1209651
2040008000	17719568
2080008000	1587996
2120008000	1523085
2160008000	1112262
2200008000	1036936
2240008000	1351887
2280008000	1718988
2320008000	1049283
2360008000	1471795
2400008000	909055
2440008000	1708792
2480008000	1568675
2520008000	1101680
2560008000	979898
2600008000	1432942
2640008000	1540006
2680008000	1668445
2720008000	1159659
2760008000	881863
2800008000	15831849
2840008000	1123688
2880008000	1000343
2920008000	1422124
2960008000	1729844
3000008000	1648612
3040008000	1409573
3080008000	874898
3120008000	1234121
3160008000	1672819
3200008000	1575576
3240008000	1081835
3280008000	993707
3320008000	1591196
3360008000	1344522
3400008000	1207497
3440008000	1441154
3480008000	1250562
3520008000	1387856
3560008000	1211664
3600008000	1068751
3640008000	1419583
3680008000	997302
3720008000	1578514
3760008000	1005979
3800008000	1464101
3840008000	1383240
3880008000	860558
3920008000	1278822
3960008000	1379332
4000008000	1509760
4040008000	850230
4080008000	1108534
4120008000	1422106
4160008000	9551127
4200008000	4932856
4240008000	1212217
4280008000	1742035
4320008000	1294714
4360008000	932770
4400008000	1355337
4440008000	1579308
4480008000	1304115
4520008000	943654
4560008000	1487463
4600008000	891106
4640008000	1329820
4680008000	1327941
4720008000	1004012
4760008000	1711490
4800008000	1381980
4840008000	1596900
4880008000	1172709
4920008000	1301461
4960008000	1565404
5000008000	1163245
5040008000	1630782
5080008000	1470686
5120008000	993295
5160008000	1284264
5200008000	1168909
5240008000	1004992
5280008000	1475358
5320008000	1211678
5360008000	939768
5400008000	1122188
5440008000	1092474
5480008000	1241720
5520008000	1322343
5560008000	914261
5600008000	1068479
5640008000	1534361
5680008000	871629
5720008000	1039547
5760008000	1341449
5800008000	991343
5840008000	1424825
5880008000	1182874
5920008000	1613193
5960008000	953117
6000008000	1091391
6040008000	1436161
6080008000	1506213
6120008000	1466679
6160008000	1654021
6200008000	1313767
6240008000	899649
6280008000	1410653
6320008000	1678537
6360008000	1105531
6400008000	1199764
6440008000	1323124
6480008000	1381252
6520008000	1101050
6560008000	1690529
6600008000	1256478
6640008000	939057
6680008000	1225914
6720008000	923816
6760008000	1203892
6800008000	922541
6840008000	855847
6880008000	1329784
6920008000	1197432
6960008000	1725396
7000008000	1652520
7040008000	1434487
7080008000	1197917
7120008000	1188841
7160008000	1576048
7200008000	1082452
7240008000	1433251
7280008000	1028795
7320008000	1438383
7360008000	1473713
7400008000	1248375
7440008000	1447575
7480008000	878155
7520008000	1597646
7560008000	1106031
7600008000	1527298
7640008000	1196487
7680008000	981889
7720008000	1078985
7760008000	1542799
7800008000	1054649
7840008000	1629327
7880008000	1507446
7920008000	1304989
7960008000	1296109
8000008000	1320401
8040008000	1652423
8080008000	2376854
8120008000	1114155
8160008000	1096804
8200008000	1703114
8240008000	949005
8280008000	1164508
8320008000	1329433
8360008000	1680470
8400008000	882755
8440008000	1187748
8480008000	1842870
8520008000	1182850
8560008000	1256163
8600008000	1018260
8640008000	1596622
8680008000	932930
8720008000	1079641
8760008000	1651668
8800008000	995832
8840008000	1560575
8880008000	1705447
8920008000	998814
8960008000	877397
9000008000	1384638
9040008000	1311393
9080008000	4789832
9120008000	1329891
9160008000	1011571
9200008000	1402407
9240008000	842981
9280008000	1515155
9320008000	1234263
9360008000	1423992
9400008000	1700722
9440008000	2971043
9480008000	1042265
9520008000	1349122
9560008000	1646097
9600008000	1177306
9640008000	1473797
9680008000	1055007
9720008000	1323932
9760008000	984842
9800008000	876579
9840008000	1136526
9880008000	1436040
9920008000	1570685
9960008000	998996
10000008000	11712483271
10040008000	13186465866
10080008000	13146465866
10120008000	13106465866
10160008000	13066465866
10200008000	13026465866
10240008000	12986465866
10280008000	12946465866
10320008000	12906465866
10360008000	12866465866
10400008000	12826465866
10440008000	12786465866
10480008000	12746465866
10520008000	12706465866
10560008000	12666465866
10600008000	12626465866
10640008000	12586465866
10680008000	12546465866
10720008000	12506465866
10760008000	12466465866
10800008000	12426465866
10840008000	12386465866
10880008000	12346465866
10920008000	12306465866
10960008000	12266465866
11000008000	12226465866
11040008000	12186465866
11080008000	12146465866
11120008000	12106465866
11160008000	12066465866
11200008000	12026465866
11240008000	11986465866
11280008000	11946465866
11320008000	11906465866
11360008000	11866465866
11400008000	11826465866
11440008000	11786465866
11480008000	11746465866
11520008000	11706465866
11560008000	11666465866
11600008000	11626465866
11640008000	11586465866
11680008000	11546465866
11720008000	11506465866
11760008000	11466465866
11800008000	11426465866
11840008000	11386465866
11880008000	11346465866
11920008000	11306465866
11960008000	11266465866
12000008000	11226465866
12040008000	11186465866
12080008000	11146465866
12120008000	11106465866
12160008000	11066465866
12200008000	11026465866
12240008000	10986465866
12280008000	10946465866
12320008000	10906465866
12360008000	10866465866
12400008000	10826465866
12440008000	10786465866
12480008000	10746465866
12520008000	10706465866
12560008000	10666465866
12600008000	10626465866
12640008000	10586465866
12680008000	10546465866
12720008000	10506465866
12760008000	10466465866
12800008000	10426465866
12840008000	10386465866
12880008000	10346465866
12920008000	10306465866
12960008000	10266465866
13000008000	10226465866
13040008000	10186465866
13080008000	10146465866
13120008000	10106465866
13160008000	10066465866
13200008000	10026465866
13240008000	9986465866
13280008000	9946465866
13320008000	9906465866
13360008000	9866465866
13400008000	9826465866
13440008000	9786465866
13480008000	9746465866
13520008000	9706465866
13560008000	9666465866
13600008000	9626465866
13640008000	9586465866
13680008000	9546465866
13720008000	9506465866
13760008000	9466465866
13800008000	9426465866
13840008000	9386465866
13880008000	9346465866
13920008000	9306465866
13960008000	9266465866
14000008000	9226465866
14040008000	9186465866
14080008000	9146465866
14120008000	9106465866
14160008000	9066465866
14200008000	9026465866
14240008000	8986465866
14280008000	8946465866
14320008000	8906465866
14360008000	8866465866
14400008000	8826465866
14440008000	8786465866
14480008000	8746465866
14520008000	8706465866
14560008000	8666465866
14600008000	8626465866
14640008000	8586465866
14680008000	8546465866
14720008000	8506465866
14760008000	8466465866
14800008000	8426465866
14840008000	8386465866
14880008000	8346465866
14920008000	8306465866
14960008000	8266465866
15000008000	8226465866
15040008000	8186465866
15080008000	8146465866
15120008000	8106465866
15160008000	8066465866
15200008000	8026465866
15240008000	7986465866
15280008000	7946465866
15320008000	7906465866
15360008000	7866465866
15400008000	7826465866
15440008000	7786465866
15480008000	7746465866
15520008000	7706465866
15560008000	7666465866
15600008000	7626465866
15640008000	7586465866
15680008000	7546465866
15720008000	7506465866
15760008000	7466465866
15800008000	7426465866
15840008000	7386465866
15880008000	7346465866
15920008000	7306465866
15960008000	7266465866
16000008000	7226465866
16040008000	7186465866
16080008000	7146465866
16120008000	7106465866
16160008000	7066465866
16200008000	7026465866
16240008000	6986465866
16280008000	6946465866
16320008000	6906465866
16360008000	6866465866
16400008000	6826465866
16440008000	6786465866
16480008000	6746465866
16520008000	6706465866
16560008000	6666465866
16600008000	6626465866
16640008000	6586465866
16680008000	6546465866
16720008000	6506465866
16760008000	6466465866
16800008000	6426465866
16840008000	6386465866
16880008000	6346465866
16920008000	6306465866
16960008000	6266465866
17000008000	6226465866
17040008000	6186465866
17080008000	6146465866
17120008000	6106465866
17160008000	6066465866
17200008000	6026465866
17240008000	5986465866
17280008000	5946465866
17320008000	5906465866
17360008000	5866465866
17400008000	5826465866
17440008000	5786465866
17480008000	5746465866
17520008000	5706465866
17560008000	5666465866
17600008000	5626465866
17640008000	5586465866
17680008000	5546465866
17720008000	5506465866
17760008000	5466465866
17800008000	5426465866
17840008000	5386465866
17880008000	5346465866
17920008000	5306465866
17960008000	5266465866
18000008000	5226465866
18040008000	5186465866
18080008000	5146465866
18120008000	5106465866
18160008000	5066465866
18200008000	5026465866
18240008000	4986465866
18280008000	4946465866
18320008000	4906465866
18360008000	4866465866
18400008000	4826465866
18440008000	4786465866
18480008000	4746465866
18520008000	4706465866
18560008000	4666465866
18600008000	4626465866
18640008000	4586465866
18680008000	4546465866
18720008000	4506465866
18760008000	4466465866
18800008000	4426465866
18840008000	4386465866
18880008000	4346465866
18920008000	4306465866
18960008000	4266465866
19000008000	4226465866
19040008000	4186465866
19080008000	4146465866
19120008000	4106465866
19160008000	4066465866
19200008000	4026465866
22440008000	1147447179
22480008000	1107447179
22520008000	1067447179
22560008000	1027447179
22600008000	987447179
22640008000	947447179
22680008000	907447179
22720008000	867447179
22760008000	827447179
22800008000	787447179
22840008000	747447179
22880008000	707447179
22920008000	667447179
22960008000	627447179
23000008000	587447179
23040008000	547447179
23080008000	507447179
23120008000	467447179
23160008000	427447179
23200008000	387447179
23240008000	347447179
23280008000	396848998
23320008000	356848998
23360008000	316848998
23400008000	276848998
23440008000	236848998
23480008000	196848998
23520008000	156848998
23560008000	116848998
23600008000	242395552
23640008000	202395552
23680008000	189825865
23720008000	149825865
23760008000	109825865
23800008000	69825865
23840008000	29825865
23880008000	166290135
23920008000	126290135
23960008000	86290135
24000008000	46290135
24040008000	11530529
24080008000	150856400
24120008000	110856400
24160008000	70856400
24200008000	30856400
24240008000	144905531
24280008000	124645090
24320008000	84645090
24360008000	44645090
24400008000	10709229
24440008000	139558388
24480008000	99558388
24520008000	59558388
24560008000	25625869
24600008000	151147961
24640008000	111147961
24680008000	71147961
24720008000	31147961
24760008000	172641361
24800008000	132641361
24840008000	92641361
24880008000	52641361
24920008000	19632639
24960008000	148398642
25000008000	108398642
25040008000	68398642
25080008000	28398642
25120008000	171116371
25160008000	131116371
25200008000	91116371
25240008000	51116371
25280008000	20355383
25320008000	150190746
25360008000	110190746
25400008000	70190746
25440008000	30190746
25480008000	170227321
25520008000	130227321
25560008000	90227321
25600008000	50227321
25640008000	16715335
25680008000	151008931
25720008000	111008931
25760008000	71008931
25800008000	31008931
25840008000	149654756
25880008000	130566173
25920008000	90566173
25960008000	50566173
26000008000	16381036
26040008000	145326017
26080008000	105326017
26120008000	65326017
26160008000	25326017
26200008000	172147697
26240008000	132147697
26280008000	92147697
26320008000	52147697
26360008000	19359507
26400008000	159867144
26440008000	119867144
26480008000	79867144
26520008000	39867144
26560008000	10559758
26600008000	143365424
26640008000	103365424
26680008000	63365424
26720008000	23365424
26760008000	161490055
26800008000	121490055
26840008000	81490055
26880008000	41490055
26920008000	7020917
26960008000	152528496
27000008000	112528496
27040008000	72528496
27080008000	32528496
27120008000	156463913
27160008000	142186645
27200008000	102186645
27240008000	62186645
27280008000	33714925
27320008000	165898864
27360008000	125898864
27400008000	85898864
27440008000	45898864
27480008000	11531357
27520008000	140343786
27560008000	100343786
27600008000	60343786
27640008000	20343786
27680008000	166845139
27720008000	126845139
27760008000	86845139
27800008000	46845139
27840008000	13608522
27880008000	160470694
27920008000	120470694
27960008000	80470694
28000008000	40470694
28040008000	9472633
28080008000	139291425
28120008000	99291425
28160008000	59291425
28200008000	25318279
28240008000	157271574
28280008000	117271574
28320008000	77271574
28360008000	37271574
28400008000	5960377
28440008000	148062337
28480008000	108062337
28520008000	68062337
28560008000	28062337
28600008000	178871241
28640008000	138871241
28680008000	98871241
28720008000	58871241
28760008000	27230907
28800008000	161082854
28840008000	121082854
28880008000	81082854
28920008000	41082854
28960008000	7363824
29000008000	135973164
29040008000	95973164
29080008000	55973164
29120008000	21576391
29160008000	167476384
29200008000	127476384
29240008000	87476384
29280008000	47476384
29320008000	15112937
29360008000	166479224
29400008000	126479224
29440008000	86479224
29480008000	46479224
29520008000	16457917
29560008000	148320128
29600008000	108320128
29640008000	68320128
29680008000	28320128
29720008000	167833722
29760008000	127833722
29800008000	87833722
29840008000	47833722
29880008000	13668052
29920008000	160741860
29960008000	120741860
30000008000	80741860
30040008000	40741860
30080008000	10494846
30120008000	154457105
30160008000	114457105
30200008000	74457105
30240008000	34457105
30280008000	5919822
30320008000	140876525
30360008000	100876525
30400008000	60876525
30440008000	29770847
30480008000	161463934
30520008000	121463934
30560008000	81463934
30600008000	41463934
30640008000	7278922
30680008000	157707621
30720008000	117707621
30760008000	77707621
30800008000	37707621
30840008000	11735679
30880008000	155628722
30920008000	115628722
30960008000	75628722
31000008000	35628722
31040008000	7806511
31080008000	139197376
31120008000	99197376
31160008000	59197376
31200008000	26186314
31240008000	157238673
31280008000	117238673
31320008000	77238673
31360008000	37238673
31400008000	5534966
31440008000	160335700
31480008000	120335700
31520008000	80335700
31560008000	40335700
31600008000	12360352
31640008000	160847106
31680008000	120847106
31720008000	80847106
31760008000	40847106
31800008000	9988097
31840008000	145305120
31880008000	105305120
31920008000	65305120
31960008000	25305120
32000008000	168973642
32040008000	128973642
32080008000	88973642
32120008000	48973642
32160008000	17921437
32200008000	172052875
32240008000	132052875
32280008000	92052875
32320008000	52052875
32360008000	20083773
32400008000	167221527
32440008000	127221527
32480008000	87221527
32520008000	47221527
32560008000	17599746
32600008000	155717667
32640008000	115717667
32680008000	75717667
32720008000	35717667
32760008000	5038644
32800008000	138846722
32840008000	98846722
32880008000	58846722
32920008000	25599613
32960008000	175572849
33000008000	135572849
33040008000	95572849
33080008000	55572849
33120008000	24551554
33160008000	174653783
33200008000	134653783
33240008000	94653783
33280008000	54653783
33320008000	23780080
33360008000	163372794
33400008000	123372794
33440008000	83372794
33480008000	43372794
33520008000	10774910
33560008000	153728174
33600008000	113728174
33640008000	73728174
33680008000	33728174
33720008000	5127479
33760008000	151621933
33800008000	111621933
33840008000	71621933
33880008000	31621933
33920008000	160717034
33960008000	146093775
34000008000	106093775
34040008000	66093775
34080008000	26093775
34120008000	171178809
34160008000	131178809
34200008000	91178809
34240008000	51178809
34280008000	18791788
34320008000	155252946
34360008000	115252946
34400008000	75252946
34440008000	35252946
34480008000	4076569
34520008000	153472758
34560008000	113472758
34600008000	73472758
34640008000	33472758
34680008000	7439166
34720008000	152550056
34760008000	112550056
34800008000	72550056
34840008000	32550056
34880008000	4430993
34920008000	147508309
34960008000	107508309
35000008000	67508309
35040008000	36374666
35080008000	172846258
35120008000	132846258
35160008000	92846258
35200008000	52846258
35240008000	19328995
35280008000	172992697
35320008000	132992697
35360008000	92992697
35400008000	52992697
35440008000	21646289
35480008000	170441765
35520008000	130441765
35560008000	90441765
35600008000	50441765
35640008000	21534565
35680008000	170372680
35720008000	130372680
35760008000	90372680
35800008000	50372680
35840008000	17882100
35880008000	151750342
35920008000	111750342
35960008000	71750342
36000008000	31750342
36040008000	169369365
36080008000	157557980
36120008000	117557980
36160008000	77557980
36200008000	37557980
36240008000	10904030
36280008000	160657654
36320008000	120657654
36360008000	80657654
36400008000	40657654
36440008000	12064610
36480008000	158222393
36520008000	118222393
36560008000	78222393
36600008000	38222393
36640008000	9237437
36680008000	146418149
36720008000	106418149
36760008000	66418149
36800008000	26418149
36840008000	193255139
36880008000	153255139
36920008000	113255139
36960008000	73255139
37000008000	33255139
37040008000	10096126
37080008000	159723815
37120008000	119723815
37160008000	79723815
37200008000	39723815
37240008000	13445561
37280008000	152599022
37320008000	112599022
37360008000	72599022
37400008000	32599022
37440008000	4138920
37480008000	141253370
37520008000	101253370
37560008000	61253370
37600008000	28192635
37640008000	192270474
37680008000	152270474
37720008000	112270474
37760008000	72270474
37800008000	47276794
37840008000	12622889
37880008000	158432347
37920008000	118432347
37960008000	78432347
38000008000	38432347
38040008000	12331848
38080008000	152957255
38120008000	112957255
38160008000	72957255
38200008000	32957255
38240008000	4949205
38280008000	143185700
38320008000	103185700
38360008000	63185700
38400008000	23185700
38440008000	193751201
38480008000	153751201
38520008000	113751201
38560008000	73751201
38600008000	33751201
38640008000	8443208
38680008000	158201499
38720008000	118201499
38760008000	78201499
38800008000	38201499
38840008000	15710940
38880008000	161709804
38920008000	121709804
38960008000	81709804
39000008000	41709804
39040008000	10434971
39080008000	153880241
39120008000	113880241
39160008000	73880241
39200008000	33880241
39240008000	5798046
39280008000	164917067
39320008000	124917067
39360008000	84917067
39400008000	44917067
39440008000	15648617
39480008000	167944867
39520008000	127944867
39560008000	87944867
39600008000	47944867
39640008000	18616072
39680008000	168566014
39720008000	128566014
39760008000	88566014
39800008000	48566014
39840008000	20528886
39880008000	1547489370
39920008000	1507489370
39960008000	1467489370
