20000	40045006
40020000	11285761
80020000	993362
120020000	586318
160020000	1326541
200020000	1125603
240020000	1430832
280020000	838391
320020000	828393
360020000	947907
400020000	1091086
440020000	940351
480020000	1424935
520020000	1139457
560020000	1294936
600020000	1113507
640020000	731094
680020000	1120485
720020000	1027969
760020000	515363
800020000	694061
840020000	737163
880020000	496354
920020000	486634
960020000	839657
1000020000	861688
1040020000	851094
1080020000	715241
1120020000	449730
1160020000	362414
1200020000	644883
1240020000	551372
1280020000	562221
1320020000	782596
1360020000	293359
1400020000	501421
1440020000	366891
1480020000	538295
1520020000	650452
1560020000	789173
1600020000	490335
1640020000	456060
1680020000	862458
1720020000	581311
1760020000	408051
1800020000	560871
1840020000	694251
1880020000	374366
1920020000	561232
1960020000	701467
2000020000	727256
2040020000	858829
2080020000	448025
2120020000	494539
2160020000	558118
2200020000	605712
2240020000	827854
2280020000	413060
2320020000	455023
2360020000	654527
2400020000	684793
2440020000	385730
2480020000	703723
2520020000	762747
2560020000	546238
2600020000	901967
2640020000	596573
2680020000	503070
2720020000	421610
2760020000	414310
2800020000	512992
2840020000	694644
2880020000	591760
2920020000	596581
2960020000	643723
3000020000	632831
3040020000	846898
3080020000	670123
3120020000	572565
3160020000	791456
3200020000	546975
3240020000	554589
3280020000	786462
3320020000	638783
3360020000	736655
3400020000	396887
3440020000	414556
3480020000	707550
3520020000	397408
3560020000	695508
3600020000	324797
3640020000	475791
3680020000	534652
3720020000	439849
3760020000	782437
3800020000	913770
3840020000	847587
3880020000	685387
3920020000	470065
3960020000	538561
4000020000	678284
4040020000	603146
4080020000	640910
4120020000	532354
4160020000	403793
4200020000	522411
4240020000	642080
4280020000	541379
4320020000	421509
4360020000	729065
4400020000	618749
4440020000	655237
4480020000	720396
4520020000	457288
4560020000	560548
4600020000	612865
4640020000	474543
4680020000	569308
4720020000	643026
4760020000	463223
4800020000	624366
4840020000	322938
4880020000	714356
4920020000	571852
4960020000	306611
5000020000	428458
5040020000	481530
5080020000	779638
5120020000	477361
5160020000	806231
5200020000	753912
5240020000	434374
5280020000	683850
5320020000	384206
5360020000	559126
5400020000	434957
5440020000	485390
5480020000	814925
5520020000	530315
5560020000	818598
5600020000	552941
5640020000	390315
5680020000	550273
5720020000	551432
5760020000	488486
5800020000	473646
5840020000	748340
5880020000	535436
5920020000	442870
5960020000	524198
6000020000	501210
6040020000	590552
6080020000	652586
6120020000	712756
6160020000	631289
6200020000	769610
6240020000	735411
6280020000	431513
6320020000	784348
6360020000	605021
6400020000	570779
6440020000	593008
6480020000	482129
6520020000	665918
6560020000	491621
6600020000	513374
6640020000	476574
6680020000	352051
6720020000	622216
6760020000	468459
6800020000	832762
6840020000	695427
6880020000	386596
6920020000	568620
6960020000	874748
7000020000	410425
7040020000	433174
7080020000	595632
7120020000	420458
7160020000	568669
7200020000	762024
7240020000	698822
7280020000	582228
7320020000	788529
7360020000	598008
7400020000	679453
7440020000	615336
7480020000	579582
7520020000	515444
7560020000	594791
7600020000	810337
7640020000	787279
7680020000	703793
7720020000	578611
7760020000	436778
7800020000	551421
7840020000	638934
7880020000	513452
7920020000	633528
7960020000	508831
8000020000	535429
8040020000	554847
8080020000	598178
8120020000	603468
8160020000	670663
8200020000	437401
8240020000	770036
8280020000	458756
8320020000	657809
8360020000	887927
8400020000	687076
8440020000	795930
8480020000	716972
8520020000	525717
8560020000	434654
8600020000	575446
8640020000	403737
8680020000	814783
8720020000	624706
8760020000	955853
8800020000	424718
8840020000	647501
8880020000	854510
8920020000	574879
8960020000	652886
9000020000	768594
9040020000	466185
9080020000	369168
9120020000	570107
9160020000	526825
9200020000	487441
9240020000	441685
9280020000	485243
9320020000	537541
9360020000	590920
9400020000	739412
9440020000	494778
9480020000	425081
9520020000	492191
9560020000	496595
9600020000	450147
9640020000	902799
9680020000	884047
9720020000	408283
9760020000	485247
9800020000	487571
9840020000	804303
9880020000	462140
9920020000	677721
9960020000	723242
10000020000	1144507
10040020000	523318
10080020000	375637
10120020000	723453
10160020000	612292
10200020000	662189
10240020000	883616
10280020000	579558
10320020000	585712
10360020000	882976
10400020000	568037
10440020000	585536
10480020000	402667
10520020000	431458
10560020000	757799
10600020000	570596
10640020000	408249
10680020000	757827
10720020000	895100
10760020000	870322
10800020000	661099
10840020000	646780
10880020000	823905
10920020000	517376
10960020000	725192
11000020000	333556
11040020000	713245
11080020000	723263
11120020000	674323
11160020000	767400
11200020000	707846
11240020000	759277
11280020000	702848
11320020000	911846
11360020000	945186
11400020000	722122
11440020000	686601
11480020000	706564
11520020000	528583
11560020000	903759
11600020000	639891
11640020000	696071
11680020000	735159
11720020000	686049
11760020000	885207
11800020000	510186
11840020000	846804
11880020000	711926
11920020000	740351
11960020000	712585
12000020000	796594
12040020000	472849
12080020000	590106
12120020000	409721
12160020000	673008
12200020000	567206
12240020000	774386
12280020000	472787
12320020000	557932
12360020000	501888
12400020000	748038
12440020000	469159
12480020000	830560
12520020000	505399
12560020000	1011336
12600020000	867321
12640020000	765480
12680020000	555702
12720020000	676057
12760020000	351414
12800020000	365764
12840020000	896412
12880020000	598929
12920020000	736726
12960020000	546228
13000020000	630100
13040020000	700919
13080020000	574096
13120020000	434693
13160020000	627136
13200020000	861605
13240020000	462305
13280020000	756847
13320020000	586122
13360020000	564787
13400020000	697543
13440020000	540228
13480020000	557661
13520020000	612464
13560020000	608313
13600020000	373371
13640020000	653551
13680020000	723126
13720020000	537308
13760020000	642478
13800020000	632165
13840020000	491678
13880020000	350478
13920020000	834898
13960020000	787711
14000020000	391076
14040020000	496120
14080020000	412459
14120020000	624921
14160020000	615573
14200020000	405180
14240020000	415506
14280020000	738625
14320020000	517594
14360020000	746711
14400020000	633770
14440020000	640005
14480020000	754770
14520020000	562523
14560020000	711772
14600020000	764348
14640020000	541798
14680020000	859256
14720020000	604630
14760020000	848865
14800020000	667315
14840020000	660997
14880020000	598641
14920020000	747120
14960020000	865389
15000020000	675079
15040020000	835847
15080020000	420031
15120020000	663598
15160020000	572949
15200020000	834209
15240020000	556068
15280020000	595588
15320020000	823937
15360020000	635205
15400020000	841414
15440020000	884508
15480020000	778648
15520020000	621632
15560020000	807284
15600020000	562029
15640020000	789853
15680020000	437640
15720020000	810163
15760020000	620902
15800020000	485443
15840020000	790579
15880020000	808620
15920020000	448284
15960020000	828197
16000020000	669906
16040020000	542413
16080020000	476899
16120020000	587635
16160020000	701243
16200020000	765767
16240020000	541469
16280020000	521504
16320020000	861566
16360020000	739183
16400020000	825267
16440020000	532980
16480020000	504734
16520020000	884296
16560020000	359364
16600020000	897453
16640020000	665206
16680020000	607838
16720020000	454401
16760020000	895159
16800020000	659569
16840020000	726011
16880020000	1008801
16920020000	355844
16960020000	547595
17000020000	366174
17040020000	455281
17080020000	531619
17120020000	376134
17160020000	432003
17200020000	539290
17240020000	577890
17280020000	855124
17320020000	782966
17360020000	862257
17400020000	689848
17440020000	479793
17480020000	386296
17520020000	779364
17560020000	678999
17600020000	724769
17640020000	791055
17680020000	673157
17720020000	485875
17760020000	726186
17800020000	665461
17840020000	611347
17880020000	737057
17920020000	530944
17960020000	944046
18000020000	716220
18040020000	645248
18080020000	370822
18120020000	649317
18160020000	889070
18200020000	414405
18240020000	783937
18280020000	450588
18320020000	374691
18360020000	486743
18400020000	672342
18440020000	737991
18480020000	928919
18520020000	785806
18560020000	418846
18600020000	881865
18640020000	452953
18680020000	335505
18720020000	729227
18760020000	536837
18800020000	613331
18840020000	726271
18880020000	576277
18920020000	494972
18960020000	756618
19000020000	787304
19040020000	584945
19080020000	796898
19120020000	738993
19160020000	609433
19200020000	440960
19240020000	737760
19280020000	433144
19320020000	812122
19360020000	380962
19400020000	588536
19440020000	508450
19480020000	378646
19520020000	872791
19560020000	777746
19600020000	758968
19640020000	455344
19680020000	898324
19720020000	591900
19760020000	819867
19800020000	549729
19840020000	529006
19880020000	527268
19920020000	555828
19960020000	635766
20000020000	301970
20040020000	818549
20080020000	814297
20120020000	646236
20160020000	669340
20200020000	659103
20240020000	424439
20280020000	597041
20320020000	739806
20360020000	657704
20400020000	602881
20440020000	430137
20480020000	399284
20520020000	631105
20560020000	601091
20600020000	565892
20640020000	619728
20680020000	537510
20720020000	558111
20760020000	901115
20800020000	534824
20840020000	754735
20880020000	727855
20920020000	550365
20960020000	695525
21000020000	883027
21040020000	650465
21080020000	661141
21120020000	459068
21160020000	618957
21200020000	680598
21240020000	657735
21280020000	555226
21320020000	778746
21360020000	820510
21400020000	643461
21440020000	747162
21480020000	492742
21520020000	515415
21560020000	733025
21600020000	499555
21640020000	635827
21680020000	775731
21720020000	730795
21760020000	345270
21800020000	669914
21840020000	795666
21880020000	683181
21920020000	764314
21960020000	667251
22000020000	765741
22040020000	627775
22080020000	506008
22120020000	802973
22160020000	554541
22200020000	502425
22240020000	618829
22280020000	732870
22320020000	595366
22360020000	594928
22400020000	653971
22440020000	598047
22480020000	609124
22520020000	444429
22560020000	427478
22600020000	832741
22640020000	747315
22680020000	832277
22720020000	740309
22760020000	772044
22800020000	569850
22840020000	509518
22880020000	480143
22920020000	602588
22960020000	567809
23000020000	594347
23040020000	533836
23080020000	580446
23120020000	770720
23160020000	804766
23200020000	503671
23240020000	498327
23280020000	533591
23320020000	489557
23360020000	416181
23400020000	464712
23440020000	637408
23480020000	496472
23520020000	517708
23560020000	597000
23600020000	726682
23640020000	369010
23680020000	443501
23720020000	558524
23760020000	583042
23800020000	598406
23840020000	729193
23880020000	590428
23920020000	829464
23960020000	735587
24000020000	455183
24040020000	647806
24080020000	476328
24120020000	603012
24160020000	538056
24200020000	646575
24240020000	759128
24280020000	587803
24320020000	875030
24360020000	851322
24400020000	771119
24440020000	412563
24480020000	643272
24520020000	639303
24560020000	447842
24600020000	388817
24640020000	406495
24680020000	704325
24720020000	795184
24760020000	800920
24800020000	386684
24840020000	424581
24880020000	662539
24920020000	509001
24960020000	497740
25000020000	749690
25040020000	407466
25080020000	666446
25120020000	569318
25160020000	767063
25200020000	621532
25240020000	547841
25280020000	650414
25320020000	690340
25360020000	777593
25400020000	521281
25440020000	710580
25480020000	693937
25520020000	787497
25560020000	678994
25600020000	793305
25640020000	520160
25680020000	370153
25720020000	629916
25760020000	666284
25800020000	752833
25840020000	390998
25880020000	773938
25920020000	596243
25960020000	620208
26000020000	542683
26040020000	610380
26080020000	663405
26120020000	604117
26160020000	640530
26200020000	560686
26240020000	774728
26280020000	773369
26320020000	800109
26360020000	614975
26400020000	408464
26440020000	601088
26480020000	861594
26520020000	630104
26560020000	490352
26600020000	423761
26640020000	741445
26680020000	683083
26720020000	492548
26760020000	893830
26800020000	540996
26840020000	493771
26880020000	610644
26920020000	624468
26960020000	430342
27000020000	496918
27040020000	548366
27080020000	421563
27120020000	463799
27160020000	525130
27200020000	608876
27240020000	353781
27280020000	415994
27320020000	654044
27360020000	502174
27400020000	856394
27440020000	770019
27480020000	411563
27520020000	762641
27560020000	552751
27600020000	494686
27640020000	454073
27680020000	598064
27720020000	753266
27760020000	856193
27800020000	837682
27840020000	393023
27880020000	484850
27920020000	762373
27960020000	620608
28000020000	720841
28040020000	427691
28080020000	660117
28120020000	635206
28160020000	427678
28200020000	663964
28240020000	894232
28280020000	852219
28320020000	497825
28360020000	458680
28400020000	586072
28440020000	413821
28480020000	596340
28520020000	459121
28560020000	430252
28600020000	423379
28640020000	664041
28680020000	472376
28720020000	588805
28760020000	723478
28800020000	801094
28840020000	860419
28880020000	472043
28920020000	735678
28960020000	618150
29000020000	565606
29040020000	688426
29080020000	509455
29120020000	709871
29160020000	720535
29200020000	369084
29240020000	580370
29280020000	473595
29320020000	735032
29360020000	325902
29400020000	507511
29440020000	868336
29480020000	583760
29520020000	465064
29560020000	387826
29600020000	508550
29640020000	705493
29680020000	510978
29720020000	577883
29760020000	481311
29800020000	518328
29840020000	599292
29880020000	422681
29920020000	528534
29960020000	714342
30000020000	734975
30040020000	737182
30080020000	675678
30120020000	460313
30160020000	745833
30200020000	419894
30240020000	584704
30280020000	435995
30320020000	494637
30360020000	484295
30400020000	589085
30440020000	445709
30480020000	465946
30520020000	779141
30560020000	557443
30600020000	517028
30640020000	532001
30680020000	370882
30720020000	596845
30760020000	463777
30800020000	731725
30840020000	369761
30880020000	456738
30920020000	551111
30960020000	693170
31000020000	345695
31040020000	586960
31080020000	581152
31120020000	689579
31160020000	550391
31200020000	674064
31240020000	316326
31280020000	686010
31320020000	865982
31360020000	499047
31400020000	494895
31440020000	541550
31480020000	928789
31520020000	753113
31560020000	780263
31600020000	848116
31640020000	609638
31680020000	634146
31720020000	529060
31760020000	754431
31800020000	356920
31840020000	556263
31880020000	385520
31920020000	515810
31960020000	792100
32000020000	567626
32040020000	402410
32080020000	630120
32120020000	803922
32160020000	832985
32200020000	508167
32240020000	593983
32280020000	626368
32320020000	717292
32360020000	488931
32400020000	780814
32440020000	665328
32480020000	512988
32520020000	786377
32560020000	775619
32600020000	736591
32640020000	534862
32680020000	686371
32720020000	539379
32760020000	435440
32800020000	752675
32840020000	724868
32880020000	407933
32920020000	783003
32960020000	446193
33000020000	630083
33040020000	523424
33080020000	572142
33120020000	943401
33160020000	364777
33200020000	624177
33240020000	754580
33280020000	594795
33320020000	756118
33360020000	570054
33400020000	491493
33440020000	675674
33480020000	668610
33520020000	529920
33560020000	533381
33600020000	660451
33640020000	349861
33680020000	847069
33720020000	709711
33760020000	703385
33800020000	802040
33840020000	811919
33880020000	521116
33920020000	792450
33960020000	572804
34000020000	642386
34040020000	673608
34080020000	3659023
34120020000	927868
34160020000	457481
34200020000	435533
34240020000	443057
34280020000	906553
34320020000	748087
34360020000	523673
34400020000	688195
34440020000	585860
34480020000	643330
34520020000	485298
34560020000	392026
34600020000	585408
34640020000	708536
34680020000	608405
34720020000	433456
34760020000	851286
34800020000	731760
34840020000	647904
34880020000	754572
34920020000	581313
34960020000	524261
35000020000	894836
35040020000	392675
35080020000	637446
35120020000	679301
35160020000	711241
35200020000	567195
35240020000	636327
35280020000	924279
35320020000	824676
35360020000	654888
35400020000	839246
35440020000	723226
35480020000	700879
35520020000	765063
35560020000	410683
35600020000	709717
35640020000	708333
35680020000	458755
35720020000	970211
35760020000	471485
35800020000	862809
35840020000	532065
35880020000	337716
35920020000	634806
35960020000	605303
36000020000	823353
36040020000	504513
36080020000	526172
36120020000	483383
36160020000	717813
36200020000	663712
36240020000	549729
36280020000	544168
36320020000	680816
36360020000	625876
36400020000	638636
36440020000	747248
36480020000	618756
36520020000	717264
36560020000	615005
36600020000	406447
36640020000	785120
36680020000	675559
36720020000	420290
36760020000	660158
36800020000	719056
36840020000	663734
36880020000	722550
36920020000	492832
36960020000	443852
37000020000	448419
37040020000	715539
37080020000	630341
37120020000	496920
37160020000	533006
37200020000	591421
37240020000	842331
37280020000	304104
37320020000	739018
37360020000	595938
37400020000	431587
37440020000	517040
37480020000	424717
37520020000	438396
37560020000	568226
37600020000	767045
37640020000	479486
37680020000	484735
37720020000	930738
37760020000	505485
37800020000	779876
37840020000	723433
37880020000	495648
37920020000	681129
37960020000	966188
38000020000	366247
38040020000	633437
38080020000	530315
38120020000	656526
38160020000	391607
38200020000	770178
38240020000	550575
38280020000	840792
38320020000	530181
38360020000	321467
38400020000	584341
38440020000	675999
38480020000	555993
38520020000	736803
38560020000	545649
38600020000	968744
38640020000	650894
38680020000	568000
38720020000	518524
38760020000	676849
38800020000	739279
38840020000	707770
38880020000	445400
38920020000	500924
38960020000	394703
39000020000	566037
39040020000	598849
39080020000	508107
39120020000	751765
39160020000	627032
39200020000	645533
39240020000	492810
39280020000	791566
39320020000	748585
39360020000	633190
39400020000	766261
39440020000	911233
39480020000	734320
39520020000	691375
39560020000	832056
39600020000	691648
39640020000	799444
39680020000	536390
39720020000	559877
39760020000	660056
39800020000	1055520
39840020000	550144
39880020000	589616
39920020000	362453
39960020000	531653
