20000	2103887
40020000	580668
80020000	989254
120020000	919472
160020000	770565
200020000	1084848
240020000	901608
280020000	989754
320020000	709980
360020000	1058024
400020000	739487
440020000	771325
480020000	954156
520020000	712759
560020000	895236
600020000	584376
640020000	770008
680020000	1004886
720020000	858223
760020000	670374
800020000	839991
840020000	693027
880020000	1103355
920020000	671745
960020000	673829
1000020000	621757
1040020000	944891
1080020000	596154
1120020000	992227
1160020000	921876
1200020000	571646
1240020000	630315
1280020000	1082167
1320020000	730132
1360020000	886582
1400020000	733664
1440020000	737512
1480020000	726011
1520020000	691377
1560020000	556175
1600020000	663654
1640020000	876623
1680020000	915179
1720020000	621649
1760020000	963467
1800020000	1050213
1840020000	1028130
1880020000	788246
1920020000	902601
1960020000	873196
2000020000	1124235
2040020000	581755
2080020000	1031808
2120020000	955673
2160020000	983336
2200020000	644410
2240020000	538228
2280020000	667457
2320020000	706244
2360020000	938593
2400020000	557362
2440020000	738147
2480020000	740399
2520020000	953884
2560020000	643576
2600020000	657301
2640020000	650489
2680020000	753583
2720020000	581832
2760020000	981715
2800020000	952031
2840020000	876575
2880020000	745984
2920020000	1059669
2960020000	863678
3000020000	657424
3040020000	672646
3080020000	1044301
3120020000	927281
3160020000	816243
3200020000	797792
3240020000	1019169
3280020000	685149
3320020000	1015334
3360020000	899227
3400020000	617030
3440020000	720605
3480020000	922651
3520020000	661961
3560020000	767086
3600020000	937535
3640020000	878667
3680020000	828382
3720020000	792103
3760020000	1002613
3800020000	845394
3840020000	946911
3880020000	820823
3920020000	626712
3960020000	928225
4000020000	1136579
4040020000	565577
4080020000	1014879
4120020000	787391
4160020000	1040840
4200020000	625713
4240020000	1023963
4280020000	978803
4320020000	673454
4360020000	649005
4400020000	745272
4440020000	588319
4480020000	868960
4520020000	743363
4560020000	1020746
4600020000	1162876
4640020000	611239
4680020000	950013
4720020000	994636
4760020000	612575
4800020000	893596
4840020000	559878
4880020000	983872
4920020000	581162
4960020000	851801
5000020000	825117
5040020000	664867
5080020000	662495
5120020000	933609
5160020000	1052433
5200020000	643307
5240020000	688125
5280020000	1037530
5320020000	1031484
5360020000	1103967
5400020000	767066
5440020000	829735
5480020000	948379
5520020000	653835
5560020000	793464
5600020000	905858
5640020000	806453
5680020000	675005
5720020000	856014
5760020000	795515
5800020000	983381
5840020000	841118
5880020000	994929
5920020000	1002812
5960020000	975592
6000020000	963449
6040020000	614441
6080020000	627704
6120020000	1018013
6160020000	745822
6200020000	610834
6240020000	665822
6280020000	607058
6320020000	947727
6360020000	911611
6400020000	961712
6440020000	858503
6480020000	906532
6520020000	1021053
6560020000	1048884
6600020000	604716
6640020000	1015962
6680020000	1081060
6720020000	687518
6760020000	797285
6800020000	883810
6840020000	788385
6880020000	858068
6920020000	1022881
6960020000	1067014
7000020000	589605
7040020000	932106
7080020000	695311
7120020000	664651
7160020000	778022
7200020000	811681
7240020000	909629
7280020000	776164
7320020000	711602
7360020000	894563
7400020000	672513
7440020000	747063
7480020000	796308
7520020000	578342
7560020000	924616
7600020000	773873
7640020000	543594
7680020000	887575
7720020000	666672
7760020000	522870
7800020000	1138988
7840020000	781951
7880020000	930759
7920020000	564119
7960020000	840823
8000020000	1068306
8040020000	952926
8080020000	588993
8120020000	732266
8160020000	755013
8200020000	748875
8240020000	714128
8280020000	678347
8320020000	745202
8360020000	960673
8400020000	1109087
8440020000	778609
8480020000	983145
8520020000	1000746
8560020000	756447
8600020000	860366
8640020000	774277
8680020000	905701
8720020000	724197
8760020000	700117
8800020000	851235
8840020000	933636
8880020000	656250
8920020000	688911
8960020000	737444
9000020000	979597
9040020000	1104547
9080020000	882131
9120020000	745757
9160020000	564598
9200020000	671843
9240020000	973958
9280020000	705800
9320020000	676390
9360020000	759831
9400020000	846345
9440020000	782254
9480020000	732375
9520020000	760812
9560020000	1087607
9600020000	769131
9640020000	869749
9680020000	1000422
9720020000	990626
9760020000	573926
9800020000	849718
9840020000	926735
9880020000	702780
9920020000	971725
9960020000	892873
10000020000	64754745
10040020000	27709723
10080020000	774068
10120020000	1076849
10160020000	925860
10200020000	1049639
10240020000	684385
10280020000	699428
10320020000	819873
10360020000	782956
10400020000	825372
10440020000	956159
10480020000	632642
10520020000	1105109
10560020000	666993
10600020000	877469
10640020000	1017097
10680020000	609747
10720020000	874554
10760020000	923972
10800020000	979396
10840020000	1102070
10880020000	827560
10920020000	632102
10960020000	949972
11000020000	1033964
11040020000	958704
11080020000	1116671
11120020000	783305
11160020000	1053942
11200020000	1030604
11240020000	1161020
11280020000	944321
11320020000	896389
11360020000	845699
11400020000	1131875
11440020000	634176
11480020000	950008
11520020000	836687
11560020000	635816
11600020000	985376
11640020000	604931
11680020000	870823
11720020000	1102157
11760020000	1084891
11800020000	851672
11840020000	948960
11880020000	984026
11920020000	1011095
11960020000	984648
12000020000	1090638
12040020000	703047
12080020000	978266
12120020000	775204
12160020000	809862
12200020000	928852
12240020000	704229
12280020000	764774
12320020000	886178
12360020000	839539
12400020000	615139
12440020000	740549
12480020000	1137865
12520020000	827449
12560020000	798458
12600020000	943844
12640020000	691958
12680020000	1005991
12720020000	1190738
12760020000	799058
12800020000	1078406
12840020000	818654
12880020000	987215
12920020000	588537
12960020000	833091
13000020000	1017135
13040020000	950689
13080020000	647843
13120020000	906647
13160020000	1001700
13200020000	1154097
13240020000	655216
13280020000	717136
13320020000	694074
13360020000	853319
13400020000	1090266
13440020000	737370
13480020000	772628
13520020000	948592
13560020000	797107
13600020000	1009259
13640020000	1158938
13680020000	634700
13720020000	776716
13760020000	1014275
13800020000	640353
13840020000	966119
13880020000	656416
13920020000	832573
13960020000	1167068
14000020000	1160656
14040020000	1086797
14080020000	725474
14120020000	766059
14160020000	1047592
14200020000	827670
14240020000	1132647
14280020000	676523
14320020000	978867
14360020000	648607
14400020000	1145469
14440020000	700057
14480020000	1063406
14520020000	901065
14560020000	714946
14600020000	968826
14640020000	684012
14680020000	904657
14720020000	806958
14760020000	1152232
14800020000	934956
14840020000	1122668
14880020000	793057
14920020000	955828
14960020000	735791
15000020000	1026630
15040020000	978342
15080020000	698531
15120020000	773138
15160020000	945475
15200020000	689907
15240020000	1025260
15280020000	662166
15320020000	804216
15360020000	1152278
15400020000	826987
15440020000	831796
15480020000	770268
15520020000	914252
15560020000	1004916
15600020000	831351
15640020000	1076750
15680020000	895707
15720020000	606228
15760020000	1149866
15800020000	683770
15840020000	792967
15880020000	1074947
15920020000	1067884
15960020000	1044154
16000020000	793747
16040020000	992946
16080020000	1126231
16120020000	755902
16160020000	884597
16200020000	872700
16240020000	1174258
16280020000	873957
16320020000	1106156
16360020000	780242
16400020000	1027723
16440020000	691442
16480020000	1034672
16520020000	712096
16560020000	715095
16600020000	834978
16640020000	1009235
16680020000	736326
16720020000	914851
16760020000	1023103
16800020000	1060323
16840020000	647922
16880020000	1027167
16920020000	630630
16960020000	701588
17000020000	697012
17040020000	829112
17080020000	1137776
17120020000	751638
17160020000	942920
17200020000	1062202
17240020000	577666
17280020000	909781
17320020000	724604
17360020000	916280
17400020000	667617
17440020000	977422
17480020000	709521
17520020000	913153
17560020000	700129
17600020000	1171586
17640020000	964599
17680020000	988267
17720020000	1197977
17760020000	956587
17800020000	645990
17840020000	921119
17880020000	779188
17920020000	923516
17960020000	879055
18000020000	737533
18040020000	697193
18080020000	1055035
18120020000	1180793
18160020000	828183
18200020000	990883
18240020000	1148955
18280020000	928905
18320020000	634367
18360020000	871780
18400020000	803826
18440020000	856328
18480020000	959864
18520020000	681907
18560020000	738971
18600020000	859468
18640020000	1007675
18680020000	798714
18720020000	945491
18760020000	1130922
18800020000	837028
18840020000	1122604
18880020000	1134127
18920020000	837573
18960020000	1060752
19000020000	757191
19040020000	776950
19080020000	1072804
19120020000	1014096
19160020000	652922
19200020000	739169
19240020000	1116262
19280020000	760277
19320020000	1061593
19360020000	680658
19400020000	790834
19440020000	998805
19480020000	719151
19520020000	841700
19560020000	743324
19600020000	597872
19640020000	808101
19680020000	1098528
19720020000	647559
19760020000	881305
19800020000	1074903
19840020000	769563
19880020000	769212
19920020000	990465
19960020000	702050
20000020000	1051182
20040020000	2593258
20080020000	1569056
20120020000	2078707
20160020000	748877
20200020000	844146
20240020000	2567547
20280020000	1364499
20320020000	1115892
20360020000	802490
20400020000	2893913
20440020000	1043775
20480020000	1894260
20520020000	1122222
20560020000	793552
20600020000	630158
20640020000	821653
20680020000	909692
20720020000	884058
20760020000	871857
20800020000	658984
20840020000	666857
20880020000	790379
20920020000	973672
20960020000	644566
21000020000	529048
21040020000	696333
21080020000	1047576
21120020000	971755
21160020000	1088745
21200020000	903348
21240020000	599159
21280020000	1051985
21320020000	810809
21360020000	590599
21400020000	713767
21440020000	984986
21480020000	925456
21520020000	619409
21560020000	806826
21600020000	725780
21640020000	1083005
21680020000	1025594
21720020000	635952
21760020000	963511
21800020000	699675
21840020000	1022262
21880020000	849593
21920020000	1005826
21960020000	635846
22000020000	951364
22040020000	1061405
22080020000	724492
22120020000	1035206
22160020000	1035813
22200020000	663168
22240020000	584580
22280020000	634739
22320020000	693069
22360020000	897018
22400020000	894879
22440020000	650095
22480020000	886387
22520020000	710908
22560020000	804804
22600020000	876944
22640020000	743671
22680020000	570366
22720020000	540917
22760020000	612805
22800020000	1077078
22840020000	1137547
22880020000	911815
22920020000	712993
22960020000	896106
23000020000	914702
23040020000	1039969
23080020000	1016530
23120020000	630503
23160020000	1054740
23200020000	825220
23240020000	515645
23280020000	751074
23320020000	817109
23360020000	962994
23400020000	739293
23440020000	919725
23480020000	1032662
23520020000	681160
23560020000	679895
23600020000	737132
23640020000	717604
23680020000	881485
23720020000	752923
23760020000	1089963
23800020000	739230
23840020000	662701
23880020000	860284
23920020000	628401
23960020000	564104
24000020000	595553
24040020000	592484
24080020000	789053
24120020000	1099109
24160020000	905533
24200020000	763263
24240020000	1061547
24280020000	563189
24320020000	1011683
24360020000	878631
24400020000	781472
24440020000	695626
24480020000	737447
24520020000	1033588
24560020000	900285
24600020000	970251
24640020000	572397
24680020000	1072023
24720020000	936586
24760020000	1094749
24800020000	870268
24840020000	584309
24880020000	707944
24920020000	728708
24960020000	739826
25000020000	974022
25040020000	805634
25080020000	997820
25120020000	580208
25160020000	691271
25200020000	1011811
25240020000	878498
25280020000	539141
25320020000	881048
25360020000	738597
25400020000	557795
25440020000	1026692
25480020000	745847
25520020000	624702
25560020000	619939
25600020000	611961
25640020000	624701
25680020000	847876
25720020000	899922
25760020000	739359
25800020000	580908
25840020000	860293
25880020000	819092
25920020000	630352
25960020000	690437
26000020000	633258
26040020000	775988
26080020000	922597
26120020000	930236
26160020000	982589
26200020000	700078
26240020000	704958
26280020000	757974
26320020000	730194
26360020000	631704
26400020000	637853
26440020000	741425
26480020000	1060960
26520020000	922158
26560020000	841336
26600020000	636106
26640020000	643594
26680020000	652299
26720020000	760662
26760020000	645585
26800020000	915438
26840020000	1076018
26880020000	759184
26920020000	1028024
26960020000	588167
27000020000	640498
27040020000	778826
27080020000	1003749
27120020000	816164
27160020000	1027123
27200020000	716135
27240020000	603033
27280020000	783183
27320020000	645808
27360020000	773422
27400020000	1015343
27440020000	1063716
27480020000	1034275
27520020000	1163556
27560020000	987657
27600020000	1123713
27640020000	616996
27680020000	653384
27720020000	1106344
27760020000	907067
27800020000	610867
27840020000	675298
27880020000	675018
27920020000	925650
27960020000	691686
28000020000	955011
28040020000	531907
28080020000	1042732
28120020000	591741
28160020000	894878
28200020000	884081
28240020000	976167
28280020000	724779
28320020000	1048383
28360020000	681129
28400020000	733608
28440020000	882636
28480020000	583503
28520020000	648416
28560020000	692983
28600020000	958088
28640020000	690820
28680020000	965162
28720020000	1073280
28760020000	722459
28800020000	855218
28840020000	1765522
28880020000	834361
28920020000	919061
28960020000	990970
29000020000	769563
29040020000	851842
29080020000	945760
29120020000	801308
29160020000	630976
29200020000	818162
29240020000	588765
29280020000	662645
29320020000	755155
29360020000	1029160
29400020000	1072574
29440020000	749402
29480020000	921482
29520020000	946340
29560020000	1017908
29600020000	1065366
29640020000	806576
29680020000	686435
29720020000	808335
29760020000	850477
29800020000	581466
29840020000	676516
29880020000	792814
29920020000	816493
29960020000	1067704
30000020000	9491313
30040020000	933200
30080020000	1172058
30120020000	933437
30160020000	936826
30200020000	1070202
30240020000	794666
30280020000	926200
30320020000	1114899
30360020000	611735
30400020000	922540
30440020000	736251
30480020000	966079
30520020000	922499
30560020000	862848
30600020000	814614
30640020000	1024995
30680020000	936511
30720020000	732828
30760020000	941079
30800020000	1056267
30840020000	586932
30880020000	771893
30920020000	1000890
30960020000	780175
31000020000	1092917
31040020000	698300
31080020000	1162226
31120020000	780430
31160020000	1100278
31200020000	816656
31240020000	651809
31280020000	951315
31320020000	755166
31360020000	607056
31400020000	974111
31440020000	831797
31480020000	1012743
31520020000	779762
31560020000	997615
31600020000	751543
31640020000	1005465
31680020000	655042
31720020000	805798
31760020000	803966
31800020000	994755
31840020000	1100706
31880020000	800363
31920020000	722674
31960020000	850556
32000020000	1131465
32040020000	850084
32080020000	878194
32120020000	1008519
32160020000	892985
32200020000	1172618
32240020000	1011568
32280020000	756437
32320020000	762874
32360020000	1024733
32400020000	671011
32440020000	991654
32480020000	1185074
32520020000	605349
32560020000	1065970
32600020000	710711
32640020000	936726
32680020000	715440
32720020000	608124
32760020000	925265
32800020000	1021627
32840020000	684852
32880020000	804157
32920020000	1017203
32960020000	846763
33000020000	780198
33040020000	769656
33080020000	869520
33120020000	608709
33160020000	691914
33200020000	946225
33240020000	776797
33280020000	669034
33320020000	751751
33360020000	1070147
33400020000	812604
33440020000	655868
33480020000	1021477
33520020000	1108705
33560020000	818406
33600020000	1094103
33640020000	733182
33680020000	1074991
33720020000	677064
33760020000	972739
33800020000	1116388
33840020000	973132
33880020000	857766
33920020000	1195717
33960020000	971711
34000020000	723504
34040020000	897923
34080020000	4173405
34120020000	718881
34160020000	1011966
34200020000	809175
34240020000	1138553
34280020000	1057350
34320020000	1028996
34360020000	792827
34400020000	650544
34440020000	943066
34480020000	730691
34520020000	964762
34560020000	1102510
34600020000	709763
34640020000	1137698
34680020000	1007333
34720020000	1151581
34760020000	840899
34800020000	832900
34840020000	853567
34880020000	1155853
34920020000	907412
34960020000	1122814
35000020000	856493
35040020000	872263
35080020000	1184463
35120020000	856250
35160020000	1024322
35200020000	746366
35240020000	1018545
35280020000	748425
35320020000	1157619
35360020000	821392
35400020000	641566
35440020000	1036600
35480020000	1165280
35520020000	800451
35560020000	850664
35600020000	1041109
35640020000	1015016
35680020000	1094800
35720020000	691763
35760020000	900272
35800020000	824352
35840020000	765444
35880020000	1172019
35920020000	768584
35960020000	673707
36000020000	976054
36040020000	678001
36080020000	923726
36120020000	1087703
36160020000	728416
36200020000	1180654
36240020000	792556
36280020000	1046231
36320020000	1146075
36360020000	886638
36400020000	644328
36440020000	632598
36480020000	779560
36520020000	656955
36560020000	990499
36600020000	756477
36640020000	1102873
36680020000	1063044
36720020000	637397
36760020000	729778
36800020000	1079496
36840020000	778422
36880020000	679616
36920020000	1037766
36960020000	899521
37000020000	901529
37040020000	1102855
37080020000	917920
37120020000	891636
37160020000	810220
37200020000	1133542
37240020000	808869
37280020000	966090
37320020000	877821
37360020000	889052
37400020000	766332
37440020000	986014
37480020000	1030763
37520020000	953647
37560020000	567436
37600020000	1003133
37640020000	908304
37680020000	764173
37720020000	697820
37760020000	886762
37800020000	675981
37840020000	1160360
37880020000	992586
37920020000	735309
37960020000	1101646
38000020000	1139075
38040020000	657121
38080020000	748277
38120020000	1173421
38160020000	1081351
38200020000	951129
38240020000	612277
38280020000	1034778
38320020000	878186
38360020000	751145
38400020000	969278
38440020000	814516
38480020000	1113106
38520020000	976493
38560020000	1065532
38600020000	1108317
38640020000	1102609
38680020000	978305
38720020000	848476
38760020000	661490
38800020000	625504
38840020000	996378
38880020000	731838
38920020000	1102819
38960020000	911699
39000020000	868162
39040020000	820871
39080020000	814227
39120020000	862694
39160020000	1091866
39200020000	874814
39240020000	1133189
39280020000	1012333
39320020000	786194
39360020000	791973
39400020000	824010
39440020000	1139820
39480020000	1142017
39520020000	735246
39560020000	770350
39600020000	1098854
39640020000	1123911
39680020000	970556
39720020000	666141
39760020000	907603
39800020000	746474
39840020000	760913
39880020000	695450
39920020000	978553
39960020000	751626
