16000	20824961
40016000	53383439
80016000	13383439
120016000	1032426
160016000	1115783
200016000	1102242
240016000	692774
280016000	794716
320016000	701085
360016000	979040
400016000	1163858
440016000	1216734
480016000	1236495
520016000	819123
560016000	1313482
600016000	1298340
640016000	1310608
680016000	1257916
720016000	1047155
760016000	1037637
800016000	978438
840016000	1227496
880016000	877876
920016000	1132579
960016000	764474
1000016000	825283
1040016000	1003032
1080016000	741029
1120016000	1141635
1160016000	780649
1200016000	941603
1240016000	1005759
1280016000	1089367
1320016000	895078
1360016000	984712
1400016000	1001064
1440016000	1263523
1480016000	697581
1520016000	1085592
1560016000	854230
1600016000	1143109
1640016000	935410
1680016000	1003176
1720016000	1021358
1760016000	1026302
1800016000	862090
1840016000	687196
1880016000	745853
1920016000	905906
1960016000	822198
2000016000	1003222
2040016000	964722
2080016000	895053
2120016000	998146
2160016000	733881
2200016000	1215955
2240016000	1085769
2280016000	1244154
2320016000	1042379
2360016000	1265978
2400016000	1181252
2440016000	1004940
2480016000	1174439
2520016000	1298317
2560016000	774501
2600016000	839196
2640016000	1247609
2680016000	1114153
2720016000	810193
2760016000	1050710
2800016000	1117248
2840016000	1103424
2880016000	1167567
2920016000	841156
2960016000	827318
3000016000	763025
3040016000	1006682
3080016000	1123236
3120016000	1023243
3160016000	1200147
3200016000	808120
3240016000	828562
3280016000	1211330
3320016000	937103
3360016000	933806
3400016000	677296
3440016000	947812
3480016000	1095116
3520016000	1202044
3560016000	937904
3600016000	1124128
3640016000	1016501
3680016000	844821
3720016000	751940
3760016000	944594
3800016000	798603
3840016000	1023220
3880016000	1226234
3920016000	827202
3960016000	781692
4000016000	972304
4040016000	881934
4080016000	890260
4120016000	779776
4160016000	626417
4200016000	2649897
4240016000	1253457
4280016000	1038802
4320016000	1180415
4360016000	1198460
4400016000	960911
4440016000	1487831
4480016000	869091
4520016000	941664
4560016000	886687
4600016000	1075492
4640016000	844840
4680016000	1011393
4720016000	942733
4760016000	1064179
4800016000	1114555
4840016000	1123774
4880016000	1153222
4920016000	844596
4960016000	1112994
5000016000	1332577
5040016000	1094907
5080016000	701156
5120016000	1186565
5160016000	1232062
5200016000	697023
5240016000	777082
5280016000	799465
5320016000	1142336
5360016000	646577
5400016000	1104603
5440016000	736743
5480016000	824946
5520016000	935185
5560016000	1089925
5600016000	1019413
5640016000	1183885
5680016000	1230689
5720016000	1260831
5760016000	719288
5800016000	874973
5840016000	1016906
5880016000	801019
5920016000	656158
5960016000	958827
6000016000	1051687
6040016000	929856
6080016000	713415
6120016000	1043280
6160016000	1052110
6200016000	644951
6240016000	1100804
6280016000	905057
6320016000	655825
6360016000	1297825
6400016000	745195
6440016000	1217722
6480016000	632686
6520016000	748455
6560016000	932436
6600016000	678461
6640016000	1212533
6680016000	783779
6720016000	971009
6760016000	850417
6800016000	811029
6840016000	819529
6880016000	701414
6920016000	856806
6960016000	1324095
7000016000	673984
7040016000	1070651
7080016000	784412
7120016000	1128370
7160016000	1045095
7200016000	800846
7240016000	844506
7280016000	1232145
7320016000	741202
7360016000	1125898
7400016000	978494
7440016000	1054179
7480016000	1024718
7520016000	943430
7560016000	776019
7600016000	1224193
7640016000	835507
7680016000	1263577
7720016000	788336
7760016000	1118724
7800016000	871972
7840016000	859943
7880016000	1268599
7920016000	1075038
7960016000	1175645
8000016000	1162671
8040016000	753626
8080016000	656379
8120016000	1218375
8160016000	1045319
8200016000	1159273
8240016000	922724
8280016000	722684
8320016000	823577
8360016000	1280129
8400016000	960662
8440016000	1229967
8480016000	1215634
8520016000	715239
8560016000	1023657
8600016000	867973
8640016000	738942
8680016000	678174
8720016000	946894
8760016000	1010806
8800016000	1104153
8840016000	746578
8880016000	1082067
8920016000	793021
8960016000	1149156
9000016000	877554
9040016000	759623
9080016000	748196
9120016000	1168911
9160016000	1015923
9200016000	739371
9240016000	1010559
9280016000	857690
9320016000	920490
9360016000	887797
9400016000	945914
9440016000	1216019
9480016000	876048
9520016000	790686
9560016000	1312575
9600016000	1186920
9640016000	1054638
9680016000	727119
9720016000	1254306
9760016000	1195965
9800016000	739937
9840016000	996955
9880016000	1258636
9920016000	791621
9960016000	1237488
10000016000	6298425698
10040016000	6498950981
10080016000	6458950981
10120016000	6418950981
10160016000	6378950981
10200016000	6338950981
10240016000	6298950981
10280016000	6258950981
10320016000	6218950981
10360016000	6178950981
10400016000	6138950981
10440016000	6098950981
10480016000	6058950981
10520016000	6018950981
10560016000	5978950981
10600016000	5938950981
10640016000	5898950981
10680016000	5858950981
10720016000	5818950981
10760016000	5778950981
10800016000	5738950981
10840016000	5698950981
10880016000	5658950981
10920016000	5618950981
10960016000	5578950981
11000016000	5538950981
11040016000	5498950981
11080016000	5458950981
11120016000	5418950981
11160016000	5378950981
11200016000	5338950981
11240016000	5298950981
11280016000	5258950981
11320016000	5218950981
11360016000	5178950981
11400016000	5138950981
11440016000	5098950981
11480016000	5058950981
11520016000	5018950981
11560016000	4978950981
11600016000	4938950981
11640016000	4898950981
11680016000	4858950981
11720016000	4818950981
11760016000	4778950981
11800016000	4738950981
11840016000	4698950981
11880016000	4658950981
11920016000	4618950981
11960016000	4578950981
12000016000	4538950981
12040016000	4498950981
12080016000	4458950981
12120016000	4418950981
12160016000	4378950981
12200016000	4338950981
12240016000	4298950981
12280016000	4258950981
12320016000	4218950981
12360016000	4178950981
12400016000	4138950981
12440016000	4098950981
12480016000	4058950981
12520016000	4018950981
12560016000	3978950981
12600016000	3938950981
12640016000	3898950981
12680016000	3858950981
12720016000	3818950981
12760016000	3778950981
12800016000	3738950981
12840016000	3698950981
12880016000	3658950981
12920016000	3618950981
12960016000	3578950981
13000016000	3538950981
13040016000	3498950981
13080016000	3458950981
13120016000	3418950981
13160016000	3378950981
13200016000	3338950981
13240016000	3298950981
13280016000	3258950981
13320016000	3218950981
13360016000	3178950981
13400016000	3138950981
13440016000	3098950981
13480016000	3058950981
13520016000	3018950981
13560016000	2978950981
13600016000	2938950981
13640016000	2898950981
13680016000	2858950981
13720016000	2818950981
13760016000	2778950981
13800016000	2738950981
13840016000	2698950981
13880016000	2658950981
13920016000	2618950981
13960016000	2578950981
14000016000	2538950981
14040016000	2498950981
14080016000	2458950981
14120016000	2418950981
14160016000	2378950981
14200016000	2338950981
14240016000	2298950981
14280016000	2258950981
14320016000	2218950981
14360016000	2178950981
14400016000	2138950981
14440016000	2098950981
14480016000	2058950981
14520016000	2018950981
14560016000	1978950981
14600016000	1938950981
14640016000	1898950981
14680016000	1858950981
14720016000	1818950981
14760016000	1778950981
14800016000	1738950981
14840016000	1698950981
14880016000	1658950981
14920016000	1618950981
14960016000	1578950981
15000016000	1538950981
15040016000	1498950981
15080016000	1458950981
15120016000	1418950981
15160016000	1378950981
15200016000	1338950981
15240016000	1298950981
15280016000	1258950981
15320016000	1218950981
15360016000	1178950981
15400016000	1138950981
15440016000	1098950981
15480016000	1058950981
15520016000	1018950981
15560016000	978950981
15600016000	938950981
15640016000	898950981
15680016000	858950981
15720016000	818950981
15760016000	778950981
15800016000	738950981
15840016000	698950981
15880016000	658950981
15920016000	618950981
15960016000	578950981
16000016000	538950981
16040016000	498950981
16080016000	458950981
16120016000	418950981
16160016000	378950981
16200016000	338950981
16240016000	298950981
16280016000	258950981
16320016000	237259267
16360016000	197259267
16400016000	157259267
16440016000	117259267
16480016000	77259267
16520016000	37259267
16560016000	746581
16600016000	1040288
16640016000	1129250
16680016000	1029757
16720016000	1134699
16760016000	1064759
16800016000	1160772
16840016000	1243513
16880016000	1149125
16920016000	1076038
16960016000	1196350
17000016000	740006
17040016000	887940
17080016000	738196
17120016000	830738
17160016000	784191
17200016000	1183215
17240016000	1028491
17280016000	1052214
17320016000	1118405
17360016000	995448
17400016000	1128048
17440016000	1067397
17480016000	1163538
17520016000	1123433
17560016000	1008787
17600016000	953200
17640016000	1263642
17680016000	1306136
17720016000	1054187
17760016000	778237
17800016000	1141004
17840016000	1191723
17880016000	1155430
17920016000	1331686
17960016000	699369
18000016000	1201609
18040016000	1240179
18080016000	1224326
18120016000	1174485
18160016000	1275482
18200016000	1196700
18240016000	972139
18280016000	1046097
18320016000	976289
18360016000	1222836
18400016000	1122849
18440016000	1392979
18480016000	857557
18520016000	971705
18560016000	1073851
18600016000	1143699
18640016000	1211373
18680016000	1334090
18720016000	1137567
18760016000	906752
18800016000	902012
18840016000	913576
18880016000	1191834
18920016000	1168084
18960016000	1119232
19000016000	1147363
19040016000	720573
19080016000	1239453
19120016000	1252682
19160016000	1123739
19200016000	833291
19240016000	1258237
19280016000	984775
19320016000	1300978
19360016000	845789
19400016000	1347773
19440016000	1238896
19480016000	985613
19520016000	844252
19560016000	690247
19600016000	894227
19640016000	928010
19680016000	969137
19720016000	1014105
19760016000	854931
19800016000	975395
19840016000	1137783
19880016000	1009870
19920016000	940140
19960016000	1247068
20000016000	1382291
20040016000	158100172
20080016000	118100172
20120016000	78100172
20160016000	38100172
20200016000	186293122
20240016000	153391011
20280016000	113391011
20320016000	73391011
20360016000	33391011
20400016000	72148273
20440016000	32148273
20480016000	70688016
20520016000	30688016
20560016000	183716797
20600016000	143716797
20640016000	103716797
20680016000	63716797
20720016000	23716797
20760016000	174684933
20800016000	134684933
20840016000	94684933
20880016000	54684933
20920016000	14684933
20960016000	56984605
21000016000	16984605
21040016000	50853528
21080016000	10853528
21120016000	164353732
21160016000	124353732
21200016000	84353732
21240016000	44353732
21280016000	5596531
21320016000	156602505
21360016000	116602505
21400016000	76602505
21440016000	36602505
21480016000	69154146
21520016000	29154146
21560016000	63575404
21600016000	23575404
21640016000	177299437
21680016000	137299437
21720016000	97299437
21760016000	57299437
21800016000	17299437
21840016000	167560967
21880016000	127560967
21920016000	87560967
21960016000	47560967
22000016000	7560967
22040016000	41990955
22080016000	2932782
22120016000	34898166
22160016000	187736700
22200016000	147736700
22240016000	107736700
22280016000	67736700
22320016000	27736700
22360016000	179898006
22400016000	139898006
22440016000	99898006
22480016000	59898006
22520016000	19898006
22560016000	54536476
22600016000	14536476
22640016000	48138469
22680016000	8138469
22720016000	162308262
22760016000	122308262
22800016000	82308262
22840016000	42308262
22880016000	3542115
22920016000	154602185
22960016000	114602185
23000016000	74602185
23040016000	34602185
23080016000	69802992
23120016000	29802992
23160016000	64163945
23200016000	24163945
23240016000	177129938
23280016000	137129938
23320016000	97129938
23360016000	57129938
23400016000	17129938
23440016000	171074209
23480016000	131074209
23520016000	91074209
23560016000	51074209
23600016000	11074209
23640016000	44888855
23680016000	4888855
23720016000	36648343
23760016000	186970181
23800016000	146970181
23840016000	106970181
23880016000	66970181
23920016000	26970181
23960016000	181596610
24000016000	141596610
24040016000	101596610
24080016000	61596610
24120016000	21596610
24160016000	54343727
24200016000	14343727
24240016000	46291615
24280016000	6291615
24320016000	157171779
24360016000	117171779
24400016000	77171779
24440016000	37171779
24480016000	188543076
24520016000	148543076
24560016000	108543076
24600016000	68543076
24640016000	28543076
24680016000	61403387
24720016000	21403387
24760016000	55306004
24800016000	15306004
24840016000	167342165
24880016000	127342165
24920016000	87342165
24960016000	47342165
25000016000	7342165
25040016000	162530350
25080016000	122530350
25120016000	82530350
25160016000	42530350
25200016000	4271068
25240016000	35822903
25280016000	68379202
25320016000	28379202
25360016000	184053201
25400016000	144053201
25440016000	104053201
25480016000	64053201
25520016000	24053201
25560016000	180969651
25600016000	140969651
25640016000	100969651
25680016000	60969651
25720016000	20969651
25760016000	54464939
25800016000	14464939
25840016000	47138976
25880016000	7138976
25920016000	158666101
25960016000	118666101
26000016000	78666101
26040016000	38666101
26080016000	189075056
26120016000	156608510
26160016000	116608510
26200016000	76608510
26240016000	36608510
26280016000	69684197
26320016000	29684197
26360016000	60464732
26400016000	20464732
26440016000	176092767
26480016000	136092767
26520016000	96092767
26560016000	56092767
26600016000	16092767
26640016000	170738918
26680016000	130738918
26720016000	90738918
26760016000	50738918
26800016000	10738918
26840016000	43165135
26880016000	4085718
26920016000	37615053
26960016000	194026283
27000016000	154026283
27040016000	114026283
27080016000	74026283
27120016000	34026283
27160016000	188640208
27200016000	148640208
27240016000	108640208
27280016000	68640208
27320016000	28640208
27360016000	61862577
27400016000	21862577
27440016000	52932877
27480016000	12932877
27520016000	172063929
27560016000	132063929
27600016000	92063929
27640016000	52063929
27680016000	12063929
27720016000	165572393
27760016000	125572393
27800016000	85572393
27840016000	45572393
27880016000	6871233
27920016000	38803821
27960016000	66849476
28000016000	30005415
28040016000	182421210
28080016000	142421210
28120016000	102421210
28160016000	62421210
28200016000	22421210
28240016000	185699955
28280016000	145699955
28320016000	105699955
28360016000	65699955
28400016000	25699955
28440016000	57846501
28480016000	17846501
28520016000	52012865
28560016000	12012865
28600016000	166931050
28640016000	126931050
28680016000	86931050
28720016000	46931050
28760016000	8201164
28800016000	159547007
28840016000	119547007
28880016000	79547007
28920016000	39547007
28960016000	1627120
29000016000	32873360
29040016000	65678179
29080016000	25678179
29120016000	181736399
29160016000	141736399
29200016000	101736399
29240016000	61736399
29280016000	21736399
29320016000	179718609
29360016000	139718609
29400016000	99718609
29440016000	59718609
29480016000	19718609
29520016000	53533175
29560016000	13533175
29600016000	47076653
29640016000	7076653
29680016000	167262523
29720016000	127262523
29760016000	87262523
29800016000	47262523
29840016000	8626228
29880016000	162920376
29920016000	122920376
29960016000	82920376
30000016000	42920376
30040016000	4230497
30080016000	38363082
30120016000	66970165
30160016000	30276570
30200016000	186201534
30240016000	146201534
30280016000	106201534
30320016000	66201534
30360016000	26201534
30400016000	184862670
30440016000	144862670
30480016000	104862670
30520016000	64862670
30560016000	24862670
30600016000	57445598
30640016000	17445598
30680016000	50431298
30720016000	10431298
30760016000	164989256
30800016000	124989256
30840016000	84989256
30880016000	44989256
30920016000	6295570
30960016000	166531066
31000016000	126531066
31040016000	86531066
31080016000	46531066
31120016000	7899475
31160016000	41086840
31200016000	2034749
31240016000	34708828
31280016000	190489717
31320016000	150489717
31360016000	110489717
31400016000	70489717
31440016000	30489717
31480016000	189256343
31520016000	149256343
31560016000	109256343
31600016000	69256343
31640016000	29256343
31680016000	64579335
31720016000	24579335
31760016000	59763914
31800016000	19763914
31840016000	186173966
31880016000	146173966
31920016000	106173966
31960016000	66173966
32000016000	26173966
32040016000	184306892
32080016000	144306892
32120016000	104306892
32160016000	64306892
32200016000	24306892
32240016000	58185143
32280016000	18185143
32320016000	52372571
32360016000	12372571
32400016000	178894149
32440016000	138894149
32480016000	98894149
32520016000	58894149
32560016000	18894149
32600016000	180058345
32640016000	140058345
32680016000	100058345
32720016000	60058345
32760016000	20058345
32800016000	53071740
32840016000	13071740
32880016000	46889545
32920016000	6889545
32960016000	165012656
33000016000	125012656
33040016000	85012656
33080016000	45012656
33120016000	6378104
33160016000	168983353
33200016000	128983353
33240016000	88983353
33280016000	48983353
33320016000	8983353
33360016000	44435518
33400016000	4435518
33440016000	37963377
33480016000	198316185
33520016000	158316185
33560016000	118316185
33600016000	78316185
33640016000	38316185
33680016000	1212825
33720016000	164760451
33760016000	124760451
33800016000	84760451
33840016000	44760451
33880016000	6173764
33920016000	38870507
33960016000	69568279
34000016000	33014190
34040016000	196038066
34080016000	156038066
34120016000	116038066
34160016000	76038066
34200016000	36038066
34240016000	193749674
34280016000	153749674
34320016000	113749674
34360016000	73749674
34400016000	33749674
34440016000	70194362
34480016000	30194362
34520016000	65902166
34560016000	25902166
34600016000	191042447
34640016000	151042447
34680016000	111042447
34720016000	71042447
34760016000	31042447
34800016000	189966647
34840016000	149966647
34880016000	109966647
34920016000	69966647
34960016000	29966647
35000016000	65544185
35040016000	25544185
35080016000	61054999
35120016000	21054999
35160016000	190486412
35200016000	150486412
35240016000	110486412
35280016000	70486412
35320016000	30486412
35360016000	187560971
35400016000	147560971
35440016000	107560971
35480016000	67560971
35520016000	27560971
35560016000	62445598
35600016000	22445598
35640016000	59050910
35680016000	19050910
35720016000	180696092
35760016000	140696092
35800016000	100696092
35840016000	60696092
35880016000	20696092
35920016000	180343137
35960016000	140343137
36000016000	100343137
36040016000	60343137
36080016000	20343137
36120016000	55290251
36160016000	15290251
36200016000	51971362
36240016000	11971362
36280016000	168316308
36320016000	128316308
36360016000	88316308
36400016000	48316308
36440016000	9790663
36480016000	175289429
36520016000	135289429
36560016000	95289429
36600016000	55289429
36640016000	15289429
36680016000	52416167
36720016000	12416167
36760016000	47842337
36800016000	7842337
36840016000	165815369
36880016000	125815369
36920016000	85815369
36960016000	45815369
37000016000	7249840
37040016000	164183629
37080016000	124183629
37120016000	84183629
37160016000	44183629
37200016000	6921439
37240016000	42264588
37280016000	3209609
37320016000	36513529
37360016000	770378855
37400016000	730378855
37440016000	690378855
37480016000	650378855
37520016000	610378855
37560016000	570378855
37600016000	530378855
37640016000	490378855
37680016000	450378855
37720016000	410378855
37760016000	370378855
37800016000	330378855
37840016000	290378855
37880016000	250378855
37920016000	210378855
37960016000	170378855
38000016000	130378855
38040016000	90378855
38080016000	50378855
38120016000	198750130
38160016000	167248943
38200016000	127248943
38240016000	87248943
38280016000	47248943
38320016000	192424839
38360016000	160715978
38400016000	120715978
38440016000	80715978
38480016000	40715978
38520016000	194650075
38560016000	163346643
38600016000	123346643
38640016000	83346643
38680016000	43346643
38720016000	190201957
38760016000	158330455
38800016000	118330455
38840016000	78330455
38880016000	38330455
38920016000	192157081
38960016000	152157081
39000016000	112157081
39040016000	72157081
39080016000	32157081
39120016000	186018582
39160016000	146018582
39200016000	106018582
39240016000	66018582
39280016000	26018582
39320016000	186576524
39360016000	146576524
39400016000	106576524
39440016000	66576524
39480016000	26576524
39520016000	1213640
39560016000	1048809
39600016000	1159297
39640016000	982721
39680016000	958986
39720016000	1245346
39760016000	791813
39800016000	1102559
39840016000	988993
39880016000	1423229
39920016000	1016459
39960016000	1125023
