16000	4527698
40016000	1312750
80016000	947007
120016000	1190005
160016000	1372228
200016000	940161
240016000	1130365
280016000	1357119
320016000	820844
360016000	1339154
400016000	1219025
440016000	1108084
480016000	1015522
520016000	785840
560016000	1424594
600016000	942733
640016000	1341460
680016000	1160425
720016000	1120285
760016000	790845
800016000	1376970
840016000	1255974
880016000	1287503
920016000	1003384
960016000	638452
1000016000	878825
1040016000	749108
1080016000	786090
1120016000	958655
1160016000	1015740
1200016000	1138854
1240016000	1094034
1280016000	1273653
1320016000	768050
1360016000	1275742
1400016000	1130914
1440016000	642448
1480016000	1027142
1520016000	939559
1560016000	1030702
1600016000	1053448
1640016000	1397786
1680016000	1290782
1720016000	1054736
1760016000	981602
1800016000	745235
1840016000	1228058
1880016000	1385648
1920016000	1173150
1960016000	1118646
2000016000	1020533
2040016000	883493
2080016000	1491914
2120016000	1117181
2160016000	1250101
2200016000	1096308
2240016000	1353094
2280016000	831739
2320016000	1369687
2360016000	1341357
2400016000	1256021
2440016000	1290024
2480016000	688864
2520016000	1340736
2560016000	758199
2600016000	1025594
2640016000	992858
2680016000	961492
2720016000	1156050
2760016000	996429
2800016000	837811
2840016000	1347216
2880016000	1450165
2920016000	1167178
2960016000	844696
3000016000	741492
3040016000	965468
3080016000	1229402
3120016000	1193231
3160016000	1167744
3200016000	1076229
3240016000	1136479
3280016000	1197545
3320016000	1127409
3360016000	1372639
3400016000	919158
3440016000	1397190
3480016000	1237725
3520016000	764974
3560016000	1097719
3600016000	1260323
3640016000	1157993
3680016000	1286292
3720016000	798178
3760016000	986940
3800016000	1151338
3840016000	1361019
3880016000	1235623
3920016000	1343972
3960016000	1164170
4000016000	878894
4040016000	906837
4080016000	697297
4120016000	1327073
4160016000	1107328
4200016000	3963527
4240016000	760335
4280016000	1247996
4320016000	1326991
4360016000	1394501
4400016000	1285606
4440016000	885931
4480016000	1324602
4520016000	1204562
4560016000	1051125
4600016000	852019
4640016000	1147199
4680016000	1248821
4720016000	1036437
4760016000	1299210
4800016000	1159741
4840016000	1186755
4880016000	1189033
4920016000	1116178
4960016000	1426831
5000016000	890735
5040016000	1233031
5080016000	734315
5120016000	1003456
5160016000	688736
5200016000	904353
5240016000	1404522
5280016000	772737
5320016000	901431
5360016000	746907
5400016000	1130758
5440016000	1211486
5480016000	891430
5520016000	1052580
5560016000	1319868
5600016000	785817
5640016000	1063019
5680016000	942598
5720016000	1493386
5760016000	996502
5800016000	1281740
5840016000	1447600
5880016000	1361011
5920016000	1138775
5960016000	1067006
6000016000	1230618
6040016000	908623
6080016000	1384202
6120016000	990045
6160016000	1203659
6200016000	1244947
6240016000	1151947
6280016000	1063239
6320016000	1525991
6360016000	1453588
6400016000	893657
6440016000	1384073
6480016000	1308628
6520016000	760753
6560016000	1100769
6600016000	1386350
6640016000	762353
6680016000	1303212
6720016000	1205920
6760016000	1216103
6800016000	1064848
6840016000	1230273
6880016000	969114
6920016000	1127780
6960016000	900363
7000016000	815260
7040016000	730839
7080016000	773935
7120016000	758462
7160016000	970233
7200016000	1157243
7240016000	1418518
7280016000	752436
7320016000	896242
7360016000	1339373
7400016000	1072578
7440016000	1159819
7480016000	957996
7520016000	1174011
7560016000	810258
7600016000	1029876
7640016000	779268
7680016000	797930
7720016000	1255207
7760016000	1258325
7800016000	785582
7840016000	997661
7880016000	1420549
7920016000	890765
7960016000	823582
8000016000	1141832
8040016000	1122698
8080016000	850907
8120016000	927779
8160016000	782083
8200016000	945374
8240016000	1139346
8280016000	748839
8320016000	1406300
8360016000	792683
8400016000	1150339
8440016000	902054
8480016000	1014965
8520016000	1068313
8560016000	878037
8600016000	1086914
8640016000	1088324
8680016000	1262202
8720016000	874708
8760016000	1255586
8800016000	1277644
8840016000	1173251
8880016000	1441438
8920016000	810049
8960016000	977364
9000016000	1114925
9040016000	968546
9080016000	845925
9120016000	882623
9160016000	1341702
9200016000	1107359
9240016000	1224168
9280016000	985136
9320016000	856373
9360016000	1119493
9400016000	842198
9440016000	1323885
9480016000	1251611
9520016000	1431436
9560016000	1330323
9600016000	1121368
9640016000	1025020
9680016000	1194328
9720016000	914480
9760016000	1048641
9800016000	1046680
9840016000	1296529
9880016000	935058
9920016000	1007243
9960016000	1508995
10000016000	614813885
10040016000	601979990
10080016000	561979990
10120016000	521979990
10160016000	481979990
10200016000	441979990
10240016000	401979990
10280016000	361979990
10320016000	321979990
10360016000	281979990
10400016000	241979990
10440016000	201979990
10480016000	161979990
10520016000	121979990
10560016000	81979990
10600016000	41979990
10640016000	5323194
10680016000	1227698
10720016000	1429351
10760016000	908607
10800016000	1489176
10840016000	1429113
10880016000	936886
10920016000	801722
10960016000	1380241
11000016000	1013946
11040016000	1257462
11080016000	933740
11120016000	1348342
11160016000	1392540
11200016000	883521
11240016000	774644
11280016000	1271598
11320016000	1561866
11360016000	1459749
11400016000	905115
11440016000	814008
11480016000	1138408
11520016000	847305
11560016000	1150339
11600016000	921394
11640016000	1099126
11680016000	1442804
11720016000	1085008
11760016000	1385467
11800016000	927466
11840016000	954387
11880016000	1365906
11920016000	1386188
11960016000	918080
12000016000	688545
12040016000	849280
12080016000	1021879
12120016000	1167097
12160016000	1348955
12200016000	1087232
12240016000	1505335
12280016000	957039
12320016000	1005734
12360016000	1345609
12400016000	934671
12440016000	1403795
12480016000	895034
12520016000	1041746
12560016000	1083203
12600016000	1251314
12640016000	893368
12680016000	835513
12720016000	1080757
12760016000	1281991
12800016000	772928
12840016000	990502
12880016000	1347135
12920016000	816352
12960016000	1000259
13000016000	887881
13040016000	990557
13080016000	1343439
13120016000	1171450
13160016000	1302107
13200016000	1066515
13240016000	947308
13280016000	1041418
13320016000	1123627
13360016000	698233
13400016000	878679
13440016000	724784
13480016000	875397
13520016000	748653
13560016000	821520
13600016000	1341572
13640016000	1342710
13680016000	1119777
13720016000	1009150
13760016000	1288846
13800016000	1659516
13840016000	1021684
13880016000	1054232
13920016000	832465
13960016000	940871
14000016000	1394829
14040016000	1090248
14080016000	691563
14120016000	1555680
14160016000	1127795
14200016000	1410617
14240016000	1280420
14280016000	1049292
14320016000	1000656
14360016000	1181318
14400016000	1016474
14440016000	770650
14480016000	1030273
14520016000	1349746
14560016000	1155151
14600016000	859344
14640016000	1428230
14680016000	869792
14720016000	1007532
14760016000	991764
14800016000	1084268
14840016000	1122206
14880016000	1407441
14920016000	1087546
14960016000	1371508
15000016000	1038688
15040016000	1455477
15080016000	1025054
15120016000	1270003
15160016000	1301246
15200016000	1518677
15240016000	1201654
15280016000	843033
15320016000	949972
15360016000	1344851
15400016000	967585
15440016000	1370064
15480016000	961118
15520016000	1002224
15560016000	1233700
15600016000	1138620
15640016000	987373
15680016000	1184419
15720016000	984073
15760016000	981660
15800016000	1362011
15840016000	1212665
15880016000	863226
15920016000	1071001
15960016000	1157458
16000016000	1146401
16040016000	1092798
16080016000	1256649
16120016000	1427135
16160016000	1067060
16200016000	1321334
16240016000	1494495
16280016000	794513
16320016000	833365
16360016000	1253097
16400016000	1332070
16440016000	950687
16480016000	1332255
16520016000	1348973
16560016000	1479626
16600016000	1274331
16640016000	872009
16680016000	912138
16720016000	962721
16760016000	1158357
16800016000	1057528
16840016000	1594877
16880016000	833324
16920016000	867356
16960016000	701623
17000016000	1071948
17040016000	748361
17080016000	854196
17120016000	1328912
17160016000	781518
17200016000	1352325
17240016000	873439
17280016000	1267082
17320016000	1185383
17360016000	923721
17400016000	1400784
17440016000	1200612
17480016000	981697
17520016000	1465517
17560016000	1003515
17600016000	1391512
17640016000	1358608
17680016000	1271994
17720016000	936484
17760016000	1244489
17800016000	1474695
17840016000	1246249
17880016000	913941
17920016000	1005673
17960016000	872439
18000016000	945255
18040016000	1022670
18080016000	1136173
18120016000	1436975
18160016000	1019241
18200016000	1437253
18240016000	1587522
18280016000	1288520
18320016000	1050719
18360016000	1391349
18400016000	964147
18440016000	1269655
18480016000	859290
18520016000	1322974
18560016000	1514485
18600016000	804503
18640016000	1187105
18680016000	1470751
18720016000	839607
18760016000	1188479
18800016000	1376586
18840016000	1001587
18880016000	1106821
18920016000	1466046
18960016000	943981
19000016000	763662
19040016000	1022573
19080016000	1378404
19120016000	904999
19160016000	970553
19200016000	880828
19240016000	1319671
19280016000	750753
19320016000	995493
19360016000	1253671
19400016000	1027151
19440016000	1471704
19480016000	1528265
19520016000	950508
19560016000	1204949
19600016000	727938
19640016000	1007284
19680016000	1065177
19720016000	853609
19760016000	840389
19800016000	1022604
19840016000	1183499
19880016000	937086
19920016000	838650
19960016000	987304
20000016000	1209455
20040016000	6950780
20080016000	13717701
20120016000	7493396
20160016000	1660420
20200016000	6274593
20240016000	9878392
20280016000	14901960
20320016000	8285213
20360016000	1690182
20400016000	7097242
20440016000	10394808
20480016000	15634338
20520016000	9058920
20560016000	2276164
20600016000	7457833
20640016000	10518282
20680016000	15959554
20720016000	9832561
20760016000	3124878
20800016000	8336705
20840016000	12028188
20880016000	17366732
20920016000	1056548
20960016000	5010611
21000016000	5825278
21040016000	1161929
21080016000	5735656
21120016000	9701102
21160016000	14791061
21200016000	8606526
21240016000	2342272
21280016000	7897938
21320016000	11713957
21360016000	17137836
21400016000	9874474
21440016000	4480022
21480016000	9552058
21520016000	14558550
21560016000	20101946
21600016000	1975443
21640016000	7193526
21680016000	1731530
21720016000	16863142
21760016000	1305349
21800016000	4013873
21840016000	10514110
21880016000	4297024
21920016000	19261321
21960016000	4223210
22000016000	8660496
22040016000	14104625
22080016000	7853059
22120016000	1881871
22160016000	7103921
22200016000	1165351
22240016000	803780
22280016000	966342
22320016000	1556344
22360016000	1506162
22400016000	933528
22440016000	1395565
22480016000	1266772
22520016000	1382754
22560016000	1267803
22600016000	792534
22640016000	1475623
22680016000	1243529
22720016000	1265088
22760016000	841758
22800016000	1053915
22840016000	1190823
22880016000	735030
22920016000	832671
22960016000	940800
23000016000	921031
23040016000	1208549
23080016000	1223444
23120016000	1011676
23160016000	1460336
23200016000	1118137
23240016000	958987
23280016000	1482659
23320016000	1212217
23360016000	1385652
23400016000	958180
23440016000	811077
23480016000	1114698
23520016000	1319575
23560016000	1164317
23600016000	1090191
23640016000	1417071
23680016000	1116237
23720016000	1051447
23760016000	896203
23800016000	1358041
23840016000	1014161
23880016000	1357856
23920016000	1339700
23960016000	1454578
24000016000	1110410
24040016000	1455996
24080016000	1528410
24120016000	1338107
24160016000	1105277
24200016000	1278163
24240016000	1176334
24280016000	1164343
24320016000	751618
24360016000	1447360
24400016000	916232
24440016000	1428108
24480016000	1351479
24520016000	1002035
24560016000	1053075
24600016000	985686
24640016000	950995
24680016000	1132741
24720016000	966370
24760016000	1485267
24800016000	1225885
24840016000	857826
24880016000	883384
24920016000	993290
24960016000	893155
25000016000	989144
25040016000	1452336
25080016000	1445691
25120016000	1147799
25160016000	597954
25200016000	877019
25240016000	891725
25280016000	1043119
25320016000	1121537
25360016000	1357625
25400016000	1445195
25440016000	1291841
25480016000	851236
25520016000	1245151
25560016000	1007591
25600016000	880712
25640016000	858993
25680016000	1275876
25720016000	1337956
25760016000	950349
25800016000	1005828
25840016000	1079690
25880016000	974151
25920016000	850895
25960016000	1201571
26000016000	959029
26040016000	1560964
26080016000	1138504
26120016000	1428632
26160016000	1143058
26200016000	1027035
26240016000	1116898
26280016000	1249588
26320016000	786242
26360016000	1118570
26400016000	1154712
26440016000	1174014
26480016000	1309502
26520016000	1332745
26560016000	1395728
26600016000	1417462
26640016000	1076741
26680016000	1110590
26720016000	1096129
26760016000	1029007
26800016000	761942
26840016000	951611
26880016000	928202
26920016000	825446
26960016000	1294060
27000016000	822776
27040016000	1015030
27080016000	1303183
27120016000	1246986
27160016000	1070693
27200016000	958633
27240016000	767112
27280016000	823560
27320016000	1361155
27360016000	1410491
27400016000	845270
27440016000	1176921
27480016000	757820
27520016000	1107749
27560016000	958237
27600016000	986730
27640016000	722134
27680016000	1229279
27720016000	1291094
27760016000	1083229
27800016000	840230
27840016000	1206537
27880016000	1035348
27920016000	1321639
27960016000	1248709
28000016000	1119708
28040016000	1277624
28080016000	1391033
28120016000	810332
28160016000	889746
28200016000	1126287
28240016000	917821
28280016000	1022257
28320016000	1132906
28360016000	1088042
28400016000	824378
28440016000	808993
28480016000	799301
28520016000	879874
28560016000	999479
28600016000	1149798
28640016000	1148733
28680016000	934516
28720016000	1053408
28760016000	1161478
28800016000	1312781
28840016000	853385
28880016000	760896
28920016000	1471741
28960016000	1434615
29000016000	842585
29040016000	869854
29080016000	1495337
29120016000	804460
29160016000	1277699
29200016000	1430969
29240016000	1237415
29280016000	893758
29320016000	1401733
29360016000	3545863
29400016000	1172887
29440016000	1189247
29480016000	1404199
29520016000	1231973
29560016000	1001778
29600016000	684465
29640016000	1424864
29680016000	856167
29720016000	1154088
29760016000	1132832
29800016000	954021
29840016000	841500
29880016000	1314850
29920016000	732284
29960016000	806395
30000016000	75308330
30040016000	39320235
30080016000	21005410
30120016000	2411407
30160016000	5000633
30200016000	7703680
30240016000	1463413
30280016000	799657
30320016000	1130293
30360016000	1327651
30400016000	1236211
30440016000	1364873
30480016000	876688
30520016000	1259011
30560016000	1231567
30600016000	937464
30640016000	1075302
30680016000	712175
30720016000	757636
30760016000	770090
30800016000	1016261
30840016000	1309841
30880016000	1292828
30920016000	873179
30960016000	826916
31000016000	1222170
31040016000	1314417
31080016000	1280213
31120016000	1295856
31160016000	1178813
31200016000	781585
31240016000	1124682
31280016000	1459630
31320016000	1119870
31360016000	954862
31400016000	771708
31440016000	1520621
31480016000	1454755
31520016000	1003579
31560016000	784846
31600016000	1064677
31640016000	747536
31680016000	1354758
31720016000	1641797
31760016000	1206674
31800016000	891780
31840016000	1060553
31880016000	1291656
31920016000	1296358
31960016000	1279633
32000016000	1000352
32040016000	1353892
32080016000	857631
32120016000	1415267
32160016000	903212
32200016000	973590
32240016000	1390640
32280016000	1292157
32320016000	1110743
32360016000	721762
32400016000	1188091
32440016000	779091
32480016000	1370055
32520016000	955283
32560016000	1152224
32600016000	797745
32640016000	1488826
32680016000	1015835
32720016000	1216965
32760016000	1245077
32800016000	1123892
32840016000	1557730
32880016000	1185845
32920016000	1589442
32960016000	807686
33000016000	1328525
33040016000	1171280
33080016000	1115479
33120016000	915748
33160016000	1140699
33200016000	693123
33240016000	854084
33280016000	1313262
33320016000	861155
33360016000	895710
33400016000	993198
33440016000	873006
33480016000	1147320
33520016000	1183178
33560016000	4120456
33600016000	785098
33640016000	987998
33680016000	784213
33720016000	1247475
33760016000	1139735
33800016000	1233024
33840016000	952909
33880016000	1315338
33920016000	1181127
33960016000	1278698
34000016000	1090998
34040016000	885156
34080016000	1119554
34120016000	1486954
34160016000	974779
34200016000	1149711
34240016000	1054764
34280016000	923991
34320016000	992958
34360016000	765658
34400016000	1355763
34440016000	1315367
34480016000	1516380
34520016000	927036
34560016000	824686
34600016000	1439361
34640016000	1380793
34680016000	1236242
34720016000	875697
34760016000	992967
34800016000	1176406
34840016000	863327
34880016000	1095120
34920016000	1211984
34960016000	1384643
35000016000	785566
35040016000	1185020
35080016000	1229891
35120016000	711217
35160016000	1173080
35200016000	1381520
35240016000	724715
35280016000	992301
35320016000	970317
35360016000	1201633
35400016000	1287528
35440016000	877855
35480016000	927251
35520016000	1159705
35560016000	805727
35600016000	781197
35640016000	1426830
35680016000	1046818
35720016000	1044677
35760016000	1169834
35800016000	1493174
35840016000	1470191
35880016000	979973
35920016000	1447992
35960016000	1188860
36000016000	1035837
36040016000	1214052
36080016000	826455
36120016000	1407867
36160016000	1433392
36200016000	692652
36240016000	1521610
36280016000	1225955
36320016000	776055
36360016000	1472070
36400016000	1188182
36440016000	935284
36480016000	1501870
36520016000	930257
36560016000	1055601
36600016000	1169347
36640016000	1151066
36680016000	1137297
36720016000	1081772
36760016000	680196
36800016000	1187443
36840016000	726277
36880016000	1289929
36920016000	1267065
36960016000	1054239
37000016000	1015415
37040016000	1030673
37080016000	849957
37120016000	1125372
37160016000	1293552
37200016000	1404553
37240016000	769029
37280016000	1278958
37320016000	1283074
37360016000	1219660
37400016000	693874
37440016000	793344
37480016000	790894
37520016000	822590
37560016000	1045509
37600016000	875590
37640016000	1087520
37680016000	1563784
37720016000	1189284
37760016000	817980
37800016000	1388401
37840016000	799649
37880016000	1113271
37920016000	776303
37960016000	1267299
38000016000	1291743
38040016000	896256
38080016000	1011357
38120016000	887554
38160016000	791014
38200016000	1053211
38240016000	1288446
38280016000	1290716
38320016000	863878
38360016000	1206243
38400016000	1090466
38440016000	1357417
38480016000	1179346
38520016000	1176790
38560016000	982759
38600016000	1135259
38640016000	1113784
38680016000	1239791
38720016000	846596
38760016000	830078
38800016000	1393653
38840016000	888197
38880016000	1256649
38920016000	1098362
38960016000	894211
39000016000	974420
39040016000	934700
39080016000	1002903
39120016000	822303
39160016000	1147182
39200016000	775164
39240016000	887294
39280016000	912033
39320016000	1227862
39360016000	1065581
39400016000	1381947
39440016000	992406
39480016000	884832
39520016000	1228980
39560016000	1217949
39600016000	815346
39640016000	929969
39680016000	888561
39720016000	1109744
39760016000	1228992
39800016000	800575
39840016000	1496702
39880016000	1380837
39920016000	1398062
39960016000	1115014
