13328	3358195
39997328	944871
79981328	966259
119965328	549217
159949328	580566
199933328	930602
239917328	685365
279901328	755651
319885328	702495
359869328	960935
399853328	1038605
439837328	772609
479821328	640683
519805328	909002
559789328	980576
599773328	1006978
639757328	780822
679741328	1036223
719725328	1106016
759709328	872513
799693328	904820
839677328	752494
879661328	503370
919645328	675313
959629328	686549
999613328	804697
1039597328	581647
1079581328	759726
1119565328	875928
1159549328	952846
1199533328	813827
1239517328	1074728
1279501328	807590
1319485328	972247
1359469328	571562
1399453328	805563
1439437328	662378
1479421328	840511
1519405328	625879
1559389328	1025637
1599373328	912571
1639357328	722155
1679341328	683536
1719325328	940225
1759309328	810778
1799293328	905262
1839277328	930006
1879261328	800381
1919245328	581729
1959229328	709235
1999213328	706646
2039197328	877123
2079181328	978827
2119165328	647583
2159149328	546206
2199133328	909012
2239117328	625222
2279101328	951467
2319085328	1026995
2359069328	799048
2399053328	735504
2439037328	952450
2479021328	695921
2519005328	750993
2558989328	725297
2598973328	679640
2638957328	978015
2678941328	732583
2718925328	868863
2758909328	1042720
2798893328	862517
2838877328	953568
2878861328	699256
2918845328	834975
2958829328	607077
2998813328	554010
3038797328	1009248
3078781328	916858
3118765328	820172
3158749328	750898
3198733328	543604
3238717328	526278
3278701328	770424
3318685328	591076
3358669328	790476
3398653328	523400
3438637328	760107
3478621328	968468
3518605328	625982
3558589328	1018927
3598573328	814928
3638557328	947884
3678541328	938572
3718525328	560171
3758509328	610587
3798493328	794129
3838477328	979754
3878461328	506806
3918445328	573739
3958429328	591922
3998413328	579434
4038397328	884679
4078381328	514337
4118365328	583984
4158349328	547736
4198333328	613906
4238317328	859458
4278301328	741883
4318285328	1027658
4358269328	1001236
4398253328	681351
4438237328	685279
4478221328	758807
4518205328	676271
4558189328	657065
4598173328	720857
4638157328	556076
4678141328	697325
4718125328	578464
4758109328	828047
4798093328	1025071
4838077328	560406
4878061328	721730
4918045328	693059
4958029328	542408
4998013328	945416
5037997328	592760
5077981328	619705
5117965328	1009915
5157949328	798434
5197933328	921269
5237917328	593318
5277901328	916880
5317885328	710925
5357869328	742565
5397853328	521283
5437837328	613288
5477821328	756585
5517805328	757903
5557789328	606993
5597773328	948507
5637757328	973289
5677741328	571698
5717725328	1001238
5757709328	561222
5797693328	486107
5837677328	616128
5877661328	813127
5917645328	1027416
5957629328	686536
5997613328	855230
6037597328	688882
6077581328	562631
6117565328	663912
6157549328	905055
6197533328	1070833
6237517328	868768
6277501328	618097
6317485328	652298
6357469328	764479
6397453328	693951
6437437328	516515
6477421328	785314
6517405328	884747
6557389328	898508
6597373328	932826
6637357328	1005698
6677341328	593734
6717325328	681256
6757309328	1017189
6797293328	711625
6837277328	828332
6877261328	697190
6917245328	1102525
6957229328	627443
6997213328	984739
7037197328	799287
7077181328	974574
7117165328	1064125
7157149328	924476
7197133328	925164
7237117328	937921
7277101328	570889
7317085328	1027033
7357069328	893627
7397053328	969581
7437037328	869713
7477021328	733212
7517005328	928576
7556989328	521089
7596973328	592984
7636957328	538224
7676941328	672787
7716925328	974485
7756909328	807630
7796893328	881051
7836877328	508210
7876861328	586642
7916845328	784598
7956829328	515582
7996813328	549853
8036797328	845224
8076781328	863403
8116765328	754858
8156749328	860955
8196733328	971511
8236717328	990370
8276701328	953230
8316685328	594090
8356669328	882174
8396653328	876197
8436637328	622911
8476621328	1029156
8516605328	967221
8556589328	698523
8596573328	705739
8636557328	875964
8676541328	999986
8716525328	923047
8756509328	949373
8796493328	978274
8836477328	673591
8876461328	757477
8916445328	626824
8956429328	683986
8996413328	976334
9036397328	635619
9076381328	643568
9116365328	758324
9156349328	1037264
9196333328	688623
9236317328	622513
9276301328	606894
9316285328	811095
9356269328	648960
9396253328	621996
9436237328	881680
9476221328	572613
9516205328	959892
9556189328	975630
9596173328	635720
9636157328	1010808
9676141328	717390
9716125328	1018636
9756109328	565317
9796093328	573720
9836077328	687390
9876061328	706401
9916045328	1070138
9956029328	1014802
9996013328	1032652
10035997328	639080004
10075981328	599096004
10115965328	559112004
10155949328	519128004
10195933328	479144004
10235917328	439160004
10275901328	399176004
10315885328	359192004
10355869328	319208004
10395853328	279224004
10435837328	239240004
10475821328	199256004
10515805328	159272004
10555789328	119288004
10595773328	79304004
10635757328	39320004
10675741328	4635570
10715725328	777686
10755709328	746293
10795693328	958267
10835677328	772283
10875661328	1166156
10915645328	1094660
10955629328	997056
10995613328	638232
11035597328	860853
11075581328	1123183
11115565328	997382
11155549328	840793
11195533328	710121
11235517328	697958
11275501328	737124
11315485328	635425
11355469328	1096161
11395453328	907927
11435437328	1015680
11475421328	671958
11515405328	764944
11555389328	1088958
11595373328	908462
11635357328	674232
11675341328	980418
11715325328	757445
11755309328	686731
11795293328	910312
11835277328	634783
11875261328	815993
11915245328	818794
11955229328	1030252
11995213328	951518
12035197328	1044832
12075181328	633189
12115165328	1084510
12155149328	1090139
12195133328	762199
12235117328	869318
12275101328	866877
12315085328	1056180
12355069328	939386
12395053328	893573
12435037328	597510
12475021328	577903
12515005328	1107548
12554989328	1088151
12594973328	735199
12634957328	1060492
12674941328	878337
12714925328	831736
12754909328	1130709
12794893328	715775
12834877328	1025819
12874861328	814971
12914845328	721439
12954829328	826270
12994813328	867462
13034797328	686308
13074781328	878160
13114765328	783980
13154749328	736732
13194733328	1084303
13234717328	996915
13274701328	909303
13314685328	1052921
13354669328	1117237
13394653328	698679
13434637328	610628
13474621328	1036747
13514605328	1028087
13554589328	1173166
13594573328	682701
13634557328	728891
13674541328	825501
13714525328	892264
13754509328	961398
13794493328	751247
13834477328	684196
13874461328	615970
13914445328	830538
13954429328	988231
13994413328	709670
14034397328	988756
14074381328	782789
14114365328	955883
14154349328	986070
14194333328	681426
14234317328	820669
14274301328	980647
14314285328	757223
14354269328	861394
14394253328	910784
14434237328	1062273
14474221328	601985
14514205328	584622
14554189328	566893
14594173328	982844
14634157328	925542
14674141328	1116579
14714125328	811545
14754109328	798803
14794093328	834038
14834077328	1113138
14874061328	594775
14914045328	1044375
14954029328	1002492
14994013328	1067658
15033997328	664514
15073981328	685516
15113965328	706077
15153949328	588917
15193933328	518199
15233917328	900313
15273901328	959524
15313885328	990916
15353869328	1073904
15393853328	850351
15433837328	788160
15473821328	903463
15513805328	848592
15553789328	775714
15593773328	798867
15633757328	1097393
15673741328	977774
15713725328	817942
15753709328	901131
15793693328	712383
15833677328	845275
15873661328	824589
15913645328	672642
15953629328	857201
15993613328	1053387
16033597328	651572
16073581328	602908
16113565328	654684
16153549328	594005
16193533328	739874
16233517328	737929
16273501328	909311
16313485328	712342
16353469328	938031
16393453328	951551
16433437328	925349
16473421328	581545
16513405328	1129773
16553389328	600937
16593373328	938715
16633357328	649643
16673341328	759435
16713325328	573046
16753309328	733861
16793293328	985857
16833277328	936048
16873261328	1040727
16913245328	936080
16953229328	1030241
16993213328	914480
17033197328	933324
17073181328	967392
17113165328	1204917
17153149328	1142102
17193133328	669659
17233117328	1059973
17273101328	996481
17313085328	983670
17353069328	889592
17393053328	805495
17433037328	949443
17473021328	6170128
17513005328	1075214
17552989328	799269
17592973328	989593
17632957328	570828
17672941328	813559
17712925328	1129130
17752909328	1012409
17792893328	962026
17832877328	933393
17872861328	873634
17912845328	975536
17952829328	563827
17992813328	1175949
18032797328	908838
18072781328	914864
18112765328	865725
18152749328	944276
18192733328	874299
18232717328	752953
18272701328	945165
18312685328	923585
18352669328	989355
18392653328	923388
18432637328	898073
18472621328	933273
18512605328	667465
18552589328	1018548
18592573328	737076
18632557328	1134419
18672541328	713628
18712525328	865912
18752509328	1149385
18792493328	902256
18832477328	824457
18872461328	937152
18912445328	1101631
18952429328	697296
18992413328	814913
19032397328	1152178
19072381328	1008191
19112365328	1091451
19152349328	1011607
19192333328	1013727
19232317328	1037806
19272301328	1055609
19312285328	755828
19352269328	787207
19392253328	936565
19432237328	1102221
19472221328	1107286
19512205328	1150941
19552189328	809705
19592173328	787221
19632157328	876085
19672141328	956973
19712125328	919719
19752109328	718725
19792093328	581019
19832077328	667738
19872061328	878939
19912045328	905874
19952029328	1084544
19992013328	976487
20031997328	16428080
20071981328	1931619
20111965328	6957376
20151949328	12817043
20191933328	7075724
20231917328	2274245
20271901328	6999198
20311885328	12471526
20351869328	17854557
20391853328	1007058
20431837328	5910712
20471821328	885823
20511805328	16687202
20551789328	1498623
20591773328	5887114
20631757328	12310483
20671741328	6200801
20711725328	1890934
20751709328	6988961
20791693328	11974912
20831677328	18133612
20871661328	1766362
20911645328	6461434
20951629328	1770370
20991613328	4169113
21031597328	1272432
21071581328	18031540
21111565328	1541239
21151549328	6824808
21191533328	13362947
21231517328	8018359
21271501328	2626400
21311485328	9081529
21351469328	14329334
21391453328	20902864
21431437328	3580817
21471421328	10084642
21511405328	4766621
21551389328	1178817
21591373328	6702929
21631357328	12387504
21671341328	18840016
21711325328	2262811
21751309328	11581917
21791293328	7550288
21831277328	3080298
21871261328	8957458
21911245328	14925615
21951229328	20128660
21991213328	5069371
22031197328	12970375
22071181328	7124220
22111165328	3134789
22151149328	10116934
22191133328	16736664
22231117328	1178992
22271101328	554012
22311085328	946739
22351069328	484779
22391053328	724221
22431037328	878031
22471021328	939112
22511005328	562237
22550989328	508488
22590973328	894191
22630957328	716053
22670941328	914961
22710925328	4225591
22750909328	602484
22790893328	930625
22830877328	910579
22870861328	708337
22910845328	808721
22950829328	641224
22990813328	835952
23030797328	693401
23070781328	612664
23110765328	686300
23150749328	882338
23190733328	576012
23230717328	629471
23270701328	563793
23310685328	772556
23350669328	881367
23390653328	804835
23430637328	699790
23470621328	833196
23510605328	1007506
23550589328	838226
23590573328	952732
23630557328	605188
23670541328	916427
23710525328	859581
23750509328	877237
23790493328	712262
23830477328	620880
23870461328	878105
23910445328	652834
23950429328	556891
23990413328	1018490
24030397328	980070
24070381328	876701
24110365328	801547
24150349328	855677
24190333328	639291
24230317328	863806
24270301328	644746
24310285328	853287
24350269328	584323
24390253328	627574
24430237328	557079
24470221328	772491
24510205328	917445
24550189328	950399
24590173328	844437
24630157328	1028756
24670141328	1054322
24710125328	994267
24750109328	1039600
24790093328	870310
24830077328	736934
24870061328	778134
24910045328	880551
24950029328	606535
24990013328	1016469
25029997328	874148
25069981328	756866
25109965328	785950
25149949328	621503
25189933328	957801
25229917328	870880
25269901328	711422
25309885328	851639
25349869328	908627
25389853328	659085
25429837328	977004
25469821328	968000
25509805328	811083
25549789328	1030747
25589773328	612412
25629757328	598081
25669741328	694584
25709725328	983014
25749709328	772830
25789693328	966967
25829677328	776622
25869661328	657040
25909645328	1003940
25949629328	600468
25989613328	728567
26029597328	770972
26069581328	951110
26109565328	496556
26149549328	588983
26189533328	929582
26229517328	736844
26269501328	621243
26309485328	1022561
26349469328	783345
26389453328	913398
26429437328	854230
26469421328	498564
26509405328	834614
26549389328	909131
26589373328	532439
26629357328	554072
26669341328	543290
26709325328	580519
26749309328	501255
26789293328	753873
26829277328	558952
26869261328	790449
26909245328	849923
26949229328	680779
26989213328	684358
27029197328	551037
27069181328	562508
27109165328	599308
27149149328	784515
27189133328	843748
27229117328	589488
27269101328	799506
27309085328	741651
27349069328	1036555
27389053328	728134
27429037328	779487
27469021328	1007029
27509005328	915588
27548989328	961723
27588973328	693823
27628957328	826655
27668941328	673054
27708925328	629295
27748909328	882965
27788893328	982502
27828877328	1095725
27868861328	630270
27908845328	891082
27948829328	748177
27988813328	818908
28028797328	625283
28068781328	1006113
28108765328	711799
28148749328	855879
28188733328	832039
28228717328	550794
28268701328	1015669
28308685328	490099
28348669328	893548
28388653328	872387
28428637328	742716
28468621328	919909
28508605328	908384
28548589328	989788
28588573328	1009604
28628557328	711865
28668541328	480433
28708525328	732107
28748509328	901229
28788493328	524981
28828477328	662147
28868461328	974565
28908445328	846841
28948429328	968944
28988413328	574260
29028397328	630342
29068381328	878290
29108365328	943553
29148349328	615278
29188333328	611697
29228317328	722580
29268301328	904120
29308285328	762534
29348269328	788650
29388253328	899804
29428237328	973063
29468221328	871904
29508205328	753468
29548189328	935389
29588173328	882962
29628157328	628248
29668141328	915956
29708125328	702827
29748109328	574874
29788093328	726046
29828077328	939915
29868061328	703085
29908045328	696438
29948029328	977138
29988013328	745095
30027997328	54355069
30067981328	14371069
30107965328	20548280
30147949328	2977977
30187933328	7602425
30227917328	12370278
30267901328	1115493
30307885328	1037412
30347869328	704104
30387853328	872744
30427837328	768098
30467821328	654608
30507805328	1035985
30547789328	1178659
30587773328	1146746
30627757328	943664
30667741328	668981
30707725328	1023314
30747709328	1069963
30787693328	992476
30827677328	962350
30867661328	1087774
30907645328	629548
30947629328	740129
30987613328	654109
31027597328	952658
31067581328	1024723
31107565328	902517
31147549328	1013684
31187533328	1072326
31227517328	559671
31267501328	695210
31307485328	880676
31347469328	810507
31387453328	1013648
31427437328	1152614
31467421328	643630
31507405328	805029
31547389328	874412
31587373328	1073566
31627357328	900669
31667341328	590600
31707325328	975880
31747309328	877189
31787293328	855656
31827277328	1073391
31867261328	870395
31907245328	1028369
31947229328	1002637
31987213328	743623
32027197328	970723
32067181328	1231416
32107165328	1001305
32147149328	876728
32187133328	1099090
32227117328	1165739
32267101328	900704
32307085328	855864
32347069328	670390
32387053328	868106
32427037328	1121460
32467021328	786506
32507005328	1044910
32546989328	817297
32586973328	813418
32626957328	1024661
32666941328	1113102
32706925328	1125853
32746909328	1099019
32786893328	1157566
32826877328	997542
32866861328	906376
32906845328	1028228
32946829328	942248
32986813328	1153352
33026797328	803070
33066781328	577148
33106765328	1015742
33146749328	809988
33186733328	895183
33226717328	845124
33266701328	599924
33306685328	1018211
33346669328	755217
33386653328	620499
33426637328	983962
33466621328	892278
33506605328	803818
33546589328	686992
33586573328	892057
33626557328	792017
33666541328	1114634
33706525328	733262
33746509328	1191571
33786493328	727492
33826477328	656242
33866461328	1086489
33906445328	997558
33946429328	1108921
33986413328	885399
34026397328	765103
34066381328	753587
34106365328	752220
34146349328	958373
34186333328	897583
34226317328	659243
34266301328	706070
34306285328	754444
34346269328	668138
34386253328	906370
34426237328	1083995
34466221328	1056063
34506205328	1082964
34546189328	799646
34586173328	720339
34626157328	800821
34666141328	666612
34706125328	786781
34746109328	961237
34786093328	634339
34826077328	845168
34866061328	1081172
34906045328	1043127
34946029328	2564048
34986013328	626973
35025997328	967150
35065981328	734610
35105965328	1046219
35145949328	770973
35185933328	1126665
35225917328	970385
35265901328	1052655
35305885328	823257
35345869328	1092396
35385853328	886225
35425837328	747385
35465821328	809722
35505805328	858541
35545789328	634544
35585773328	899934
35625757328	652155
35665741328	1090892
35705725328	875147
35745709328	891837
35785693328	809711
35825677328	601017
35865661328	989556
35905645328	981545
35945629328	1084022
35985613328	838960
36025597328	1107710
36065581328	829838
36105565328	739844
36145549328	986585
36185533328	860824
36225517328	533945
36265501328	1089882
36305485328	687705
36345469328	1160784
36385453328	1237870
36425437328	919044
36465421328	682360
36505405328	769000
36545389328	598546
36585373328	918107
36625357328	927546
36665341328	645685
36705325328	680289
36745309328	1044774
36785293328	853821
36825277328	593664
36865261328	929688
36905245328	991841
36945229328	774762
36985213328	1227704
37025197328	601056
37065181328	985533
37105165328	976566
37145149328	1151516
37185133328	978960
37225117328	577734
37265101328	807658
37305085328	606327
37345069328	1086488
37385053328	672817
37425037328	1076027
37465021328	1180960
37505005328	1183997
37544989328	736719
37584973328	1019872
37624957328	794376
37664941328	640310
37704925328	650828
37744909328	992274
37784893328	734820
37824877328	1041400
37864861328	1235877
37904845328	561952
37944829328	829474
37984813328	768244
38024797328	713568
38064781328	791906
38104765328	1230447
38144749328	899108
38184733328	601507
38224717328	894876
38264701328	658719
38304685328	676197
38344669328	833215
38384653328	858855
38424637328	715076
38464621328	1002119
38504605328	780331
38544589328	1160659
38584573328	704040
38624557328	785169
38664541328	799953
38704525328	852290
38744509328	1041267
38784493328	1109024
38824477328	1023606
38864461328	970787
38904445328	620041
38944429328	668803
38984413328	1110531
39024397328	798312
39064381328	769959
39104365328	698203
39144349328	1058305
39184333328	624067
39224317328	772086
39264301328	736855
39304285328	968488
39344269328	639207
39384253328	735993
39424237328	970773
39464221328	710546
39504205328	1101301
39544189328	994842
39584173328	646228
39624157328	1001080
39664141328	977260
39704125328	1182220
39744109328	735912
39784093328	1129010
39824077328	657880
39864061328	922060
39904045328	974462
39944029328	708666
