8000	8676856
40008000	5585533
80008000	943878
120008000	1161781
160008000	724531
200008000	741294
240008000	850738
280008000	1360029
320008000	920806
360008000	756955
400008000	1354046
440008000	1156235
480008000	1383570
520008000	831408
560008000	975740
600008000	780347
640008000	635975
680008000	818622
720008000	844467
760008000	1238613
800008000	954138
840008000	1261227
880008000	745105
920008000	836391
960008000	1241662
1000008000	907776
1040008000	1293630
1080008000	1208685
1120008000	907905
1160008000	1181603
1200008000	1244182
1240008000	774525
1280008000	1203611
1320008000	1185593
1360008000	678455
1400008000	1231218
1440008000	680348
1480008000	741946
1520008000	1289880
1560008000	720518
1600008000	777669
1640008000	1003175
1680008000	891484
1720008000	937911
1760008000	760914
1800008000	781681
1840008000	830576
1880008000	947800
1920008000	910742
1960008000	690977
2000008000	1223660
2040008000	781848
2080008000	1353263
2120008000	791753
2160008000	672464
2200008000	1340826
2240008000	1266022
2280008000	1256721
2320008000	888058
2360008000	1192846
2400008000	844433
2440008000	1349899
2480008000	777635
2520008000	982413
2560008000	1265121
2600008000	737784
2640008000	1045521
2680008000	1332819
2720008000	695487
2760008000	901941
2800008000	1164715
2840008000	913979
2880008000	1328647
2920008000	1334366
2960008000	1194238
3000008000	859674
3040008000	1064135
3080008000	1087246
3120008000	1059223
3160008000	1200638
3200008000	1264870
3240008000	1315925
3280008000	1100783
3320008000	763884
3360008000	1349537
3400008000	670437
3440008000	748194
3480008000	1276643
3520008000	770930
3560008000	1360879
3600008000	1261932
3640008000	843949
3680008000	1209790
3720008000	879540
3760008000	673785
3800008000	1319550
3840008000	994424
3880008000	1109129
3920008000	865374
3960008000	827890
4000008000	776776
4040008000	721230
4080008000	1303865
4120008000	1016457
4160008000	836677
4200008000	6487837
4240008000	1263623
4280008000	801060
4320008000	997376
4360008000	1216192
4400008000	707457
4440008000	1132476
4480008000	1394697
4520008000	849715
4560008000	1228847
4600008000	1236996
4640008000	1278309
4680008000	1251031
4720008000	833781
4760008000	1256476
4800008000	829265
4840008000	689855
4880008000	817878
4920008000	841081
4960008000	1102312
5000008000	1148789
5040008000	684611
5080008000	1200748
5120008000	1073579
5160008000	3008604
5200008000	1056867
5240008000	1124653
5280008000	1259029
5320008000	1366630
5360008000	1075940
5400008000	811384
5440008000	1283858
5480008000	1209032
5520008000	1027546
5560008000	1200796
5600008000	1209764
5640008000	1050683
5680008000	1086629
5720008000	790234
5760008000	1155486
5800008000	1278037
5840008000	799336
5880008000	1232669
5920008000	1241141
5960008000	655103
6000008000	699826
6040008000	1097365
6080008000	1380192
6120008000	1165208
6160008000	1161578
6200008000	1140077
6240008000	1155306
6280008000	865457
6320008000	800885
6360008000	735206
6400008000	1150184
6440008000	839502
6480008000	1238824
6520008000	631883
6560008000	1006107
6600008000	1297807
6640008000	868275
6680008000	1187542
6720008000	1255237
6760008000	725640
6800008000	844250
6840008000	1349654
6880008000	667981
6920008000	755213
6960008000	1113960
7000008000	734182
7040008000	865827
7080008000	1154289
7120008000	1219619
7160008000	1279029
7200008000	1049211
7240008000	934602
7280008000	1096432
7320008000	1356091
7360008000	698659
7400008000	630141
7440008000	743163
7480008000	844556
7520008000	1402890
7560008000	963227
7600008000	1130375
7640008000	955167
7680008000	622503
7720008000	1235684
7760008000	735724
7800008000	1142947
7840008000	692056
7880008000	918405
7920008000	1321567
7960008000	832214
8000008000	950652
8040008000	718642
8080008000	945863
8120008000	875862
8160008000	750993
8200008000	1326453
8240008000	1113293
8280008000	866100
8320008000	988512
8360008000	1184830
8400008000	1670076
8440008000	1117652
8480008000	1429605
8520008000	758068
8560008000	771155
8600008000	1251784
8640008000	1115320
8680008000	1177733
8720008000	1337081
8760008000	976207
8800008000	1242918
8840008000	855209
8880008000	809938
8920008000	882015
8960008000	1342068
9000008000	1044969
9040008000	929031
9080008000	757190
9120008000	795280
9160008000	1041653
9200008000	1070540
9240008000	961990
9280008000	1045038
9320008000	1070652
9360008000	1396148
9400008000	995682
9440008000	4526973
9480008000	1043501
9520008000	708288
9560008000	1053591
9600008000	1237694
9640008000	920952
9680008000	871593
9720008000	1296350
9760008000	1176564
9800008000	776268
9840008000	1313914
9880008000	878996
9920008000	1265362
9960008000	727422
10000008000	3474288546
10040008000	3789159944
10080008000	3749159944
10120008000	3709159944
10160008000	3669159944
10200008000	3629159944
10240008000	3589159944
10280008000	3549159944
10320008000	3509159944
10360008000	3469159944
10400008000	3429159944
10440008000	3389159944
10480008000	3349159944
10520008000	3309159944
10560008000	3269159944
10600008000	3229159944
10640008000	3189159944
10680008000	3149159944
10720008000	3109159944
10760008000	3069159944
10800008000	3029159944
10840008000	2989159944
10880008000	2949159944
10920008000	2909159944
10960008000	2869159944
11000008000	2829159944
11040008000	2789159944
11080008000	2749159944
11120008000	2709159944
11160008000	2669159944
11200008000	2629159944
11240008000	2589159944
11280008000	2549159944
11320008000	2509159944
11360008000	2469159944
11400008000	2429159944
11440008000	2389159944
11480008000	2349159944
11520008000	2309159944
11560008000	2269159944
11600008000	2229159944
11640008000	2189159944
11680008000	2149159944
11720008000	2109159944
11760008000	2069159944
11800008000	2029159944
11840008000	1989159944
11880008000	1949159944
11920008000	1909159944
11960008000	1869159944
12000008000	1829159944
12040008000	1789159944
12080008000	1749159944
12120008000	1709159944
12160008000	1669159944
12200008000	1629159944
12240008000	1589159944
12280008000	1549159944
12320008000	1509159944
12360008000	1469159944
12400008000	1429159944
12440008000	1389159944
12480008000	1349159944
12520008000	1309159944
12560008000	1269159944
12600008000	1229159944
12640008000	1189159944
12680008000	1149159944
12720008000	1109159944
12760008000	1069159944
12800008000	1029159944
12840008000	989159944
12880008000	949159944
12920008000	909159944
12960008000	869159944
13000008000	829159944
13040008000	789159944
13080008000	749159944
13120008000	709159944
13160008000	669159944
13200008000	629159944
13240008000	589159944
13280008000	549159944
13320008000	509159944
13360008000	469159944
13400008000	429159944
13440008000	389159944
13480008000	414917400
13520008000	374917400
13560008000	334917400
13600008000	294917400
13640008000	254917400
13680008000	214917400
13720008000	174917400
13760008000	134917400
13800008000	94917400
13840008000	67974231
13880008000	27974231
13920008000	1374340
13960008000	787017
14000008000	1323108
14040008000	1342184
14080008000	1058170
14120008000	1126474
14160008000	1273966
14200008000	1114483
14240008000	724359
14280008000	728372
14320008000	1042528
14360008000	1246131
14400008000	955029
14440008000	650763
14480008000	1194065
14520008000	923501
14560008000	795335
14600008000	896037
14640008000	1101271
14680008000	2764520
14720008000	1074134
14760008000	1145482
14800008000	1064671
14840008000	926946
14880008000	1409976
14920008000	1370398
14960008000	660597
15000008000	1185249
15040008000	1393752
15080008000	1338503
15120008000	1005050
15160008000	1046748
15200008000	881910
15240008000	1067008
15280008000	1479006
15320008000	943310
15360008000	728888
15400008000	1268109
15440008000	756935
15480008000	1003215
15520008000	900373
15560008000	667503
15600008000	871752
15640008000	887428
15680008000	796698
15720008000	823207
15760008000	710280
15800008000	1053963
15840008000	1438995
15880008000	1203187
15920008000	672989
15960008000	1194206
16000008000	1271313
16040008000	799700
16080008000	755703
16120008000	976957
16160008000	793637
16200008000	1255897
16240008000	1350949
16280008000	811375
16320008000	921763
16360008000	925810
16400008000	819545
16440008000	1197197
16480008000	824581
16520008000	890412
16560008000	894129
16600008000	1256708
16640008000	624833
16680008000	1059110
16720008000	1187507
16760008000	1212256
16800008000	858852
16840008000	795800
16880008000	1454713
16920008000	902122
16960008000	1281215
17000008000	1031465
17040008000	902943
17080008000	808928
17120008000	694077
17160008000	1170958
17200008000	682630
17240008000	666309
17280008000	1321293
17320008000	1210792
17360008000	1093027
17400008000	927673
17440008000	867749
17480008000	1300979
17520008000	808528
17560008000	1150337
17600008000	777250
17640008000	773051
17680008000	1244497
17720008000	753205
17760008000	1003436
17800008000	779629
17840008000	1355591
17880008000	886332
17920008000	1224479
17960008000	1008882
18000008000	1354325
18040008000	1246920
18080008000	984704
18120008000	991080
18160008000	910512
18200008000	754738
18240008000	1173848
18280008000	1182549
18320008000	1244103
18360008000	999240
18400008000	817398
18440008000	1424921
18480008000	1271622
18520008000	1033400
18560008000	1113800
18600008000	1003223
18640008000	800417
18680008000	1148711
18720008000	1338680
18760008000	1057447
18800008000	1128455
18840008000	764059
18880008000	6628270
18920008000	1228058
18960008000	1248071
19000008000	1423950
19040008000	1342272
19080008000	945078
19120008000	1156270
19160008000	1159130
19200008000	954679
19240008000	847663
19280008000	826017
19320008000	1291354
19360008000	837215
19400008000	1121301
19440008000	1401869
19480008000	1329542
19520008000	874993
19560008000	1229508
19600008000	1292154
19640008000	1098921
19680008000	728415
19720008000	622868
19760008000	788207
19800008000	1208495
19840008000	1298223
19880008000	874925
19920008000	810360
19960008000	1388944
20000008000	1102272
20040008000	13010044
20080008000	24174647
20120008000	35682341
20160008000	43035799
20200008000	4611644
20240008000	9346403
20280008000	16418209
20320008000	22883932
20360008000	28851738
20400008000	35325055
20440008000	41953959
20480008000	3594601
20520008000	9812453
20560008000	18480270
20600008000	25085264
20640008000	32158841
20680008000	41973524
20720008000	3602271
20760008000	10580109
20800008000	17405555
20840008000	23395064
20880008000	32289570
20920008000	40690531
20960008000	2339027
21000008000	13987794
21040008000	23506295
21080008000	33329780
21120008000	42009773
21160008000	3598706
21200008000	8943245
21240008000	15924884
21280008000	25325844
21320008000	34195087
21360008000	42825690
21400008000	4456531
21440008000	9596870
21480008000	19975602
21520008000	29193795
21560008000	36250063
21600008000	43556978
21640008000	5214483
21680008000	13829885
21720008000	22087500
21760008000	29485352
21800008000	36168676
21840008000	45315397
21880008000	5315397
21920008000	14342130
21960008000	21926084
22000008000	29992807
22040008000	44718230
22080008000	6454490
22120008000	14483804
22160008000	21837656
22200008000	29925252
22240008000	40400415
22280008000	2130317
22320008000	9939182
22360008000	18048534
22400008000	25978474
22440008000	36462490
22480008000	46429991
22520008000	6429991
22560008000	14003828
22600008000	21981440
22640008000	32518813
22680008000	42342492
22720008000	4062698
22760008000	10942018
22800008000	19185264
22840008000	30654706
22880008000	40265546
22920008000	1976858
22960008000	9286277
23000008000	17612119
23040008000	28832551
23080008000	49150863
23120008000	9150863
23160008000	18359878
23200008000	26500617
23240008000	37571165
23280008000	41940210
23320008000	7344425
23360008000	15612277
23400008000	24766101
23440008000	36652755
23480008000	46748298
23520008000	6748298
23560008000	16405275
23600008000	26653049
23640008000	38661813
23680008000	1528337
23720008000	8729197
23760008000	18515749
23800008000	28776728
23840008000	41239762
23880008000	3112520
23920008000	11307191
23960008000	21973096
24000008000	32472539
24040008000	45225199
24080008000	7046845
24120008000	19517904
24160008000	31204655
24200008000	40498406
24240008000	2416202
24280008000	12625046
24320008000	22564990
24360008000	33201606
24400008000	43613115
24440008000	5520389
24480008000	16393052
24520008000	26229097
24560008000	37294891
24600008000	42680159
24640008000	8494247
24680008000	21166926
24720008000	30794372
24760008000	41270866
24800008000	3219879
24840008000	12124465
24880008000	24119154
24920008000	34596550
24960008000	44545995
25000008000	6533709
25040008000	15959937
25080008000	28938256
25120008000	38743796
25160008000	1736679
25200008000	16163899
25240008000	30965364
25280008000	44066771
25320008000	6057790
25360008000	14098601
25400008000	25300846
25440008000	36395164
25480008000	49792921
25520008000	9792921
25560008000	20009363
25600008000	32112887
25640008000	43577342
25680008000	5556361
25720008000	15566328
25760008000	25936259
25800008000	37192526
25840008000	42535496
25880008000	8528940
25920008000	22263709
25960008000	33409486
26000008000	45092290
26040008000	7080740
26080008000	17072796
26120008000	30851783
26160008000	42208344
26200008000	4258256
26240008000	18144613
26280008000	33001685
26320008000	47075960
26360008000	7075960
26400008000	19589799
26440008000	938079
26480008000	1049289
26520008000	1074290
26560008000	826346
26600008000	784971
26640008000	1214466
26680008000	987442
26720008000	929540
26760008000	673029
26800008000	1066979
26840008000	872707
26880008000	618147
26920008000	1189904
26960008000	826031
27000008000	726248
27040008000	635577
27080008000	1437468
27120008000	1221803
27160008000	1311175
27200008000	1346870
27240008000	894447
27280008000	684343
27320008000	1179110
27360008000	1106783
27400008000	850744
27440008000	841561
27480008000	825164
27520008000	1219108
27560008000	1309836
27600008000	786248
27640008000	1290711
27680008000	1327599
27720008000	851899
27760008000	1272342
27800008000	972846
27840008000	653883
27880008000	1129962
27920008000	879447
27960008000	916259
28000008000	1118623
28040008000	1327806
28080008000	1370612
28120008000	1239219
28160008000	782193
28200008000	1336666
28240008000	1282976
28280008000	709755
28320008000	935973
28360008000	810333
28400008000	860235
28440008000	774034
28480008000	1001137
28520008000	760348
28560008000	1286586
28600008000	1220338
28640008000	734688
28680008000	799214
28720008000	892836
28760008000	934866
28800008000	1303577
28840008000	843877
28880008000	1179781
28920008000	1345713
28960008000	914654
29000008000	998592
29040008000	817600
29080008000	1204630
29120008000	797566
29160008000	1047448
29200008000	1209316
29240008000	999278
29280008000	676107
29320008000	1182124
29360008000	1897575
29400008000	1122442
29440008000	782821
29480008000	875770
29520008000	1061446
29560008000	1035905
29600008000	680274
29640008000	821457
29680008000	927206
29720008000	1062404
29760008000	1163243
29800008000	1101377
29840008000	1267233
29880008000	718574
29920008000	935177
29960008000	1191821
30000008000	58024755
30040008000	25999970
30080008000	55214960
30120008000	15214960
30160008000	42676960
30200008000	55388979
30240008000	22498014
30280008000	50009636
30320008000	10009636
30360008000	38582762
30400008000	61716830
30440008000	21716830
30480008000	45055023
30520008000	64459706
30560008000	32262020
30600008000	50291345
30640008000	10291345
30680008000	36794918
30720008000	55070013
30760008000	15070013
30800008000	42207606
30840008000	61731087
30880008000	28904568
30920008000	55018382
30960008000	15018382
31000008000	40835406
31040008000	60109833
31080008000	27188518
31120008000	45826141
31160008000	58727576
31200008000	25221373
31240008000	51294632
31280008000	11294632
31320008000	35949255
31360008000	55768330
31400008000	15768330
31440008000	47006075
31480008000	68841735
31520008000	35928857
31560008000	53396065
31600008000	13396065
31640008000	37669847
31680008000	54169649
31720008000	14169649
31760008000	38635781
31800008000	62706893
31840008000	22706893
31880008000	47359164
31920008000	7359164
31960008000	23777376
32000008000	48781954
32040008000	8781954
32080008000	1420167
32120008000	1328784
32160008000	853835
32200008000	959180
32240008000	1344430
32280008000	1010089
32320008000	853776
32360008000	863650
32400008000	943121
32440008000	1417630
32480008000	1150323
32520008000	893688
32560008000	1299821
32600008000	842269
32640008000	732948
32680008000	682544
32720008000	725801
32760008000	802420
32800008000	816262
32840008000	717764
32880008000	1395034
32920008000	817481
32960008000	831457
33000008000	1062707
33040008000	1250821
33080008000	1140103
33120008000	1231906
33160008000	1147721
33200008000	1266724
33240008000	1268949
33280008000	707200
33320008000	1128937
33360008000	914477
33400008000	1107383
33440008000	1235528
33480008000	1060750
33520008000	1033750
33560008000	5562230
33600008000	762003
33640008000	911316
33680008000	1043540
33720008000	706858
33760008000	1054731
33800008000	828272
33840008000	1062609
33880008000	1234872
33920008000	717614
33960008000	1147627
34000008000	1078725
34040008000	1202570
34080008000	1245505
34120008000	802203
34160008000	979556
34200008000	1046755
34240008000	877932
34280008000	1083014
34320008000	1048089
34360008000	1159004
34400008000	919003
34440008000	1338146
34480008000	1374998
34520008000	1264604
34560008000	1062757
34600008000	711621
34640008000	1135382
34680008000	1237657
34720008000	1048062
34760008000	1033470
34800008000	1249028
34840008000	1236271
34880008000	1326560
34920008000	1147330
34960008000	926490
35000008000	1007244
35040008000	676873
35080008000	1289038
35120008000	1074114
35160008000	1130718
35200008000	822262
35240008000	1116829
35280008000	1179316
35320008000	877283
35360008000	708252
35400008000	1375905
35440008000	1364414
35480008000	783249
35520008000	1229289
35560008000	966599
35600008000	1185574
35640008000	922815
35680008000	815087
35720008000	830486
35760008000	1049464
35800008000	1005381
35840008000	841512
35880008000	772929
35920008000	1337701
35960008000	927347
36000008000	1332556
36040008000	1049024
36080008000	1264855
36120008000	904992
36160008000	1252640
36200008000	1290152
36240008000	704516
36280008000	987300
36320008000	715592
36360008000	976925
36400008000	694981
36440008000	1129990
36480008000	1202621
36520008000	1075260
36560008000	965057
36600008000	851191
36640008000	1351540
36680008000	786460
36720008000	1358031
36760008000	1003669
36800008000	742720
36840008000	780927
36880008000	1221448
36920008000	844432
36960008000	1216250
37000008000	949392
37040008000	1438951
37080008000	814736
37120008000	1180233
37160008000	881431
37200008000	768680
37240008000	743032
37280008000	864675
37320008000	1050278
37360008000	1354819
37400008000	872025
37440008000	827932
37480008000	882657
37520008000	1254299
37560008000	916641
37600008000	724680
37640008000	1338330
37680008000	939231
37720008000	781545
37760008000	1747688
37800008000	1135737
37840008000	1395520
37880008000	913031
37920008000	783342
37960008000	1075343
38000008000	1206565
38040008000	928754
38080008000	1133082
38120008000	1271592
38160008000	1332000
38200008000	932050
38240008000	663150
38280008000	1033641
38320008000	874955
38360008000	1048223
38400008000	920426
38440008000	797472
38480008000	895565
38520008000	1075753
38560008000	661297
38600008000	1053721
38640008000	988778
38680008000	780993
38720008000	1203541
38760008000	1058395
38800008000	3516098
38840008000	959160
38880008000	1035448
38920008000	1265331
38960008000	871591
39000008000	1360088
39040008000	1064308
39080008000	1284178
39120008000	1022470
39160008000	1066184
39200008000	1205565
39240008000	1217069
39280008000	678880
39320008000	1040686
39360008000	1312224
39400008000	803922
39440008000	827621
39480008000	1247420
39520008000	867301
39560008000	1230094
39600008000	1226520
39640008000	1301303
39680008000	784886
39720008000	1344190
39760008000	716609
39800008000	671633
39840008000	1251967
39880008000	1294788
39920008000	1356738
39960008000	798527
