20000	45143145
40020000	11322148
80020000	388572
120020000	1092738
160020000	813383
200020000	987206
240020000	1155958
280020000	932447
320020000	536949
360020000	1213572
400020000	1089228
440020000	1163680
480020000	800829
520020000	516738
560020000	873224
600020000	409850
640020000	399711
680020000	454963
720020000	204523
760020000	324537
800020000	469839
840020000	524128
880020000	269276
920020000	376416
960020000	360215
1000020000	413616
1040020000	299205
1080020000	320015
1120020000	237393
1160020000	327473
1200020000	385584
1240020000	158184
1280020000	295115
1320020000	296498
1360020000	219122
1400020000	244395
1440020000	423060
1480020000	321898
1520020000	536131
1560020000	626218
1600020000	528594
1640020000	276677
1680020000	245476
1720020000	324204
1760020000	351799
1800020000	313485
1840020000	380161
1880020000	316601
1920020000	242037
1960020000	390541
2000020000	543418
2040020000	302259
2080020000	367309
2120020000	184981
2160020000	371408
2200020000	511623
2240020000	449117
2280020000	612156
2320020000	493003
2360020000	290754
2400020000	301669
2440020000	489514
2480020000	251748
2520020000	184512
2560020000	327321
2600020000	401659
2640020000	370785
2680020000	323139
2720020000	266063
2760020000	451832
2800020000	338184
2840020000	317935
2880020000	470612
2920020000	306212
2960020000	470174
3000020000	188189
3040020000	317426
3080020000	274650
3120020000	290851
3160020000	489394
3200020000	213782
3240020000	480891
3280020000	507374
3320020000	548157
3360020000	362975
3400020000	314850
3440020000	254413
3480020000	168834
3520020000	301610
3560020000	450261
3600020000	470320
3640020000	668296
3680020000	284084
3720020000	539986
3760020000	402368
3800020000	393318
3840020000	500962
3880020000	397545
3920020000	229713
3960020000	387377
4000020000	241292
4040020000	399144
4080020000	218723
4120020000	304517
4160020000	452550
4200020000	551692
4240020000	293928
4280020000	545015
4320020000	422034
4360020000	280187
4400020000	420927
4440020000	562130
4480020000	374266
4520020000	282889
4560020000	295046
4600020000	354172
4640020000	574791
4680020000	370620
4720020000	325252
4760020000	265235
4800020000	404279
4840020000	393715
4880020000	310917
4920020000	360241
4960020000	414264
5000020000	495954
5040020000	333202
5080020000	422447
5120020000	380130
5160020000	432408
5200020000	338216
5240020000	201796
5280020000	377317
5320020000	280232
5360020000	506346
5400020000	381345
5440020000	270166
5480020000	371838
5520020000	279365
5560020000	392396
5600020000	303460
5640020000	185592
5680020000	190056
5720020000	488213
5760020000	290209
5800020000	254991
5840020000	515655
5880020000	300985
5920020000	272183
5960020000	554931
6000020000	419316
6040020000	306818
6080020000	434723
6120020000	469567
6160020000	167342
6200020000	260113
6240020000	342394
6280020000	470453
6320020000	223321
6360020000	299849
6400020000	308482
6440020000	541363
6480020000	190781
6520020000	305503
6560020000	397402
6600020000	271442
6640020000	448916
6680020000	216998
6720020000	364378
6760020000	351942
6800020000	441590
6840020000	275272
6880020000	614795
6920020000	302831
6960020000	489009
7000020000	340325
7040020000	259429
7080020000	315966
7120020000	354491
7160020000	286142
7200020000	226233
7240020000	448852
7280020000	290625
7320020000	200202
7360020000	389596
7400020000	472874
7440020000	310221
7480020000	544277
7520020000	375477
7560020000	302917
7600020000	302063
7640020000	509869
7680020000	475497
7720020000	319246
7760020000	517742
7800020000	341798
7840020000	300256
7880020000	168996
7920020000	184132
7960020000	301137
8000020000	277240
8040020000	349531
8080020000	593029
8120020000	391118
8160020000	370047
8200020000	396761
8240020000	378409
8280020000	300439
8320020000	227885
8360020000	522184
8400020000	363050
8440020000	509216
8480020000	578459
8520020000	338515
8560020000	351768
8600020000	231138
8640020000	309947
8680020000	438265
8720020000	404609
8760020000	216232
8800020000	386261
8840020000	613190
8880020000	376919
8920020000	214270
8960020000	424031
9000020000	296289
9040020000	261719
9080020000	353838
9120020000	541433
9160020000	310792
9200020000	468413
9240020000	174602
9280020000	205588
9320020000	301239
9360020000	372967
9400020000	207597
9440020000	243900
9480020000	522167
9520020000	451686
9560020000	482809
9600020000	361328
9640020000	331983
9680020000	286666
9720020000	296249
9760020000	383029
9800020000	310968
9840020000	506281
9880020000	439530
9920020000	249205
9960020000	495408
10000020000	1463265
10040020000	472274
10080020000	449878
10120020000	304312
10160020000	286556
10200020000	441138
10240020000	698373
10280020000	361557
10320020000	319448
10360020000	576915
10400020000	260613
10440020000	507970
10480020000	359204
10520020000	499163
10560020000	323382
10600020000	543007
10640020000	347959
10680020000	267131
10720020000	252305
10760020000	228923
10800020000	504595
10840020000	251346
10880020000	518876
10920020000	425888
10960020000	368626
11000020000	364567
11040020000	257899
11080020000	515863
11120020000	235715
11160020000	385240
11200020000	254549
11240020000	464025
11280020000	329118
11320020000	347347
11360020000	523493
11400020000	506807
11440020000	395664
11480020000	227782
11520020000	621122
11560020000	286871
11600020000	370666
11640020000	646067
11680020000	268722
11720020000	207959
11760020000	479885
11800020000	369884
11840020000	364520
11880020000	225882
11920020000	592457
11960020000	392001
12000020000	296880
12040020000	608126
12080020000	347935
12120020000	280409
12160020000	602475
12200020000	424596
12240020000	211473
12280020000	207912
12320020000	192245
12360020000	503919
12400020000	212253
12440020000	294618
12480020000	414545
12520020000	483938
12560020000	352419
12600020000	318598
12640020000	338445
12680020000	220835
12720020000	250275
12760020000	301892
12800020000	489802
12840020000	335894
12880020000	351158
12920020000	393148
12960020000	485451
13000020000	500966
13040020000	213173
13080020000	336065
13120020000	195155
13160020000	249643
13200020000	292649
13240020000	186445
13280020000	502551
13320020000	405540
13360020000	360418
13400020000	357896
13440020000	482846
13480020000	511897
13520020000	547822
13560020000	424115
13600020000	410839
13640020000	202350
13680020000	453769
13720020000	308502
13760020000	477979
13800020000	518298
13840020000	354207
13880020000	464816
13920020000	206943
13960020000	237327
14000020000	529883
14040020000	552494
14080020000	388154
14120020000	573652
14160020000	296088
14200020000	165737
14240020000	495407
14280020000	394862
14320020000	370865
14360020000	664013
14400020000	385804
14440020000	208732
14480020000	339337
14520020000	673803
14560020000	461303
14600020000	320401
14640020000	481051
14680020000	542550
14720020000	299625
14760020000	379281
14800020000	298072
14840020000	355399
14880020000	340519
14920020000	333857
14960020000	337857
15000020000	478750
15040020000	399240
15080020000	238406
15120020000	545267
15160020000	392186
15200020000	470501
15240020000	295196
15280020000	274280
15320020000	416781
15360020000	234058
15400020000	202001
15440020000	217831
15480020000	482179
15520020000	383679
15560020000	442608
15600020000	608418
15640020000	726464
15680020000	486024
15720020000	541091
15760020000	455404
15800020000	340155
15840020000	208274
15880020000	294511
15920020000	331495
15960020000	198569
16000020000	206417
16040020000	274272
16080020000	439050
16120020000	388260
16160020000	297494
16200020000	202936
16240020000	561679
16280020000	586158
16320020000	464181
16360020000	202736
16400020000	490365
16440020000	312872
16480020000	451077
16520020000	441866
16560020000	285588
16600020000	461503
16640020000	339550
16680020000	370789
16720020000	459023
16760020000	211637
16800020000	410446
16840020000	514170
16880020000	473948
16920020000	529864
16960020000	380246
17000020000	332673
17040020000	222065
17080020000	637393
17120020000	482821
17160020000	363839
17200020000	640306
17240020000	439271
17280020000	586930
17320020000	654617
17360020000	570613
17400020000	533666
17440020000	462151
17480020000	274635
17520020000	361743
17560020000	667780
17600020000	389892
17640020000	240205
17680020000	408826
17720020000	318540
17760020000	231840
17800020000	401445
17840020000	582433
17880020000	487981
17920020000	201596
17960020000	392018
18000020000	302121
18040020000	219451
18080020000	196240
18120020000	384073
18160020000	315172
18200020000	342830
18240020000	425368
18280020000	385563
18320020000	345226
18360020000	234741
18400020000	375554
18440020000	493865
18480020000	427668
18520020000	556124
18560020000	323126
18600020000	500999
18640020000	617241
18680020000	487216
18720020000	509064
18760020000	334624
18800020000	460833
18840020000	212920
18880020000	358963
18920020000	397602
18960020000	370186
19000020000	407234
19040020000	394718
19080020000	408692
19120020000	262946
19160020000	323371
19200020000	284284
19240020000	397793
19280020000	314601
19320020000	314381
19360020000	307154
19400020000	379067
19440020000	335527
19480020000	314518
19520020000	481605
19560020000	226433
19600020000	274610
19640020000	555421
19680020000	496864
19720020000	475010
19760020000	291641
19800020000	242856
19840020000	400801
19880020000	372347
19920020000	436894
19960020000	391345
20000020000	401664
20040020000	435331
20080020000	321734
20120020000	288680
20160020000	343586
20200020000	236302
20240020000	209209
20280020000	265383
20320020000	223857
20360020000	512602
20400020000	217296
20440020000	301743
20480020000	515703
20520020000	233050
20560020000	429076
20600020000	321870
20640020000	513527
20680020000	499629
20720020000	323798
20760020000	245769
20800020000	276168
20840020000	253594
20880020000	281166
20920020000	318202
20960020000	620772
21000020000	171719
21040020000	445740
21080020000	198878
21120020000	319456
21160020000	448387
21200020000	404660
21240020000	416659
21280020000	571078
21320020000	386152
21360020000	293619
21400020000	538736
21440020000	276730
21480020000	368040
21520020000	335707
21560020000	434578
21600020000	366875
21640020000	603208
21680020000	343869
21720020000	389646
21760020000	274402
21800020000	365886
21840020000	363202
21880020000	387013
21920020000	390545
21960020000	329260
22000020000	357128
22040020000	250727
22080020000	261425
22120020000	394693
22160020000	233852
22200020000	209002
22240020000	317260
22280020000	231455
22320020000	543781
22360020000	264292
22400020000	264435
22440020000	594969
22480020000	446184
22520020000	368425
22560020000	525845
22600020000	411267
22640020000	335054
22680020000	424115
22720020000	542686
22760020000	388173
22800020000	312168
22840020000	369231
22880020000	231500
22920020000	334474
22960020000	591955
23000020000	304777
23040020000	311900
23080020000	436814
23120020000	478535
23160020000	276005
23200020000	371125
23240020000	314183
23280020000	247271
23320020000	253350
23360020000	389405
23400020000	605456
23440020000	363116
23480020000	220865
23520020000	328583
23560020000	435354
23600020000	309723
23640020000	284707
23680020000	541710
23720020000	302969
23760020000	317078
23800020000	402226
23840020000	269504
23880020000	224184
23920020000	327516
23960020000	415941
24000020000	475344
24040020000	257351
24080020000	323136
24120020000	297150
24160020000	350522
24200020000	311719
24240020000	292677
24280020000	386380
24320020000	382735
24360020000	538402
24400020000	368419
24440020000	315471
24480020000	353022
24520020000	308738
24560020000	237915
24600020000	380495
24640020000	191108
24680020000	394076
24720020000	423035
24760020000	326100
24800020000	425491
24840020000	325713
24880020000	199116
24920020000	275779
24960020000	555217
25000020000	247900
25040020000	299668
25080020000	453030
25120020000	422111
25160020000	292522
25200020000	483896
25240020000	291762
25280020000	194891
25320020000	483826
25360020000	184884
25400020000	388058
25440020000	290636
25480020000	487442
25520020000	381134
25560020000	322875
25600020000	370532
25640020000	299924
25680020000	232423
25720020000	187192
25760020000	325010
25800020000	538296
25840020000	233054
25880020000	665411
25920020000	453898
25960020000	378310
26000020000	289557
26040020000	315262
26080020000	275190
26120020000	305490
26160020000	350499
26200020000	291773
26240020000	356857
26280020000	349603
26320020000	453707
26360020000	354236
26400020000	285400
26440020000	210054
26480020000	357480
26520020000	509060
26560020000	394675
26600020000	381093
26640020000	391509
26680020000	217177
26720020000	407215
26760020000	421170
26800020000	338644
26840020000	278891
26880020000	244376
26920020000	510868
26960020000	475541
27000020000	540242
27040020000	390687
27080020000	248963
27120020000	257782
27160020000	381386
27200020000	361078
27240020000	510549
27280020000	354689
27320020000	638335
27360020000	258295
27400020000	442690
27440020000	214229
27480020000	302113
27520020000	278961
27560020000	526339
27600020000	375301
27640020000	297075
27680020000	429528
27720020000	243218
27760020000	384731
27800020000	485829
27840020000	362206
27880020000	232092
27920020000	426406
27960020000	362697
28000020000	361211
28040020000	477466
28080020000	352845
28120020000	419389
28160020000	164585
28200020000	220737
28240020000	321405
28280020000	343089
28320020000	388032
28360020000	370924
28400020000	363141
28440020000	301626
28480020000	548555
28520020000	352984
28560020000	248833
28600020000	379326
28640020000	160527
28680020000	412280
28720020000	459674
28760020000	279120
28800020000	451943
28840020000	1180334
28880020000	447810
28920020000	279965
28960020000	216192
29000020000	206243
29040020000	432074
29080020000	412570
29120020000	363888
29160020000	488386
29200020000	351889
29240020000	265129
29280020000	473979
29320020000	325617
29360020000	249730
29400020000	676058
29440020000	493041
29480020000	377485
29520020000	229957
29560020000	385972
29600020000	382938
29640020000	413654
29680020000	348421
29720020000	287372
29760020000	332929
29800020000	373766
29840020000	358505
29880020000	201590
29920020000	153657
29960020000	172486
30000020000	607164
30040020000	415069
30080020000	381503
30120020000	321504
30160020000	211265
30200020000	379264
30240020000	286846
30280020000	466037
30320020000	300894
30360020000	268358
30400020000	542421
30440020000	353660
30480020000	193041
30520020000	532529
30560020000	258880
30600020000	618116
30640020000	477297
30680020000	583473
30720020000	314473
30760020000	230231
30800020000	494849
30840020000	366984
30880020000	361189
30920020000	320040
30960020000	292944
31000020000	187181
31040020000	610861
31080020000	210070
31120020000	263754
31160020000	366335
31200020000	442177
31240020000	361604
31280020000	336804
31320020000	310098
31360020000	301575
31400020000	378483
31440020000	465836
31480020000	468877
31520020000	572578
31560020000	324597
31600020000	595656
31640020000	244893
31680020000	389470
31720020000	315373
31760020000	439513
31800020000	382612
31840020000	244326
31880020000	280789
31920020000	338618
31960020000	214815
32000020000	229018
32040020000	421362
32080020000	233363
32120020000	320616
32160020000	353953
32200020000	618204
32240020000	479157
32280020000	321675
32320020000	430808
32360020000	457179
32400020000	387477
32440020000	341274
32480020000	395325
32520020000	216550
32560020000	432952
32600020000	187392
32640020000	379164
32680020000	632189
32720020000	486853
32760020000	465995
32800020000	282719
32840020000	438976
32880020000	351271
32920020000	342693
32960020000	616544
33000020000	246689
33040020000	219715
33080020000	378269
33120020000	464670
33160020000	435853
33200020000	331907
33240020000	252279
33280020000	369719
33320020000	431487
33360020000	434690
33400020000	368691
33440020000	380540
33480020000	435080
33520020000	189346
33560020000	414708
33600020000	390402
33640020000	163458
33680020000	396304
33720020000	533142
33760020000	228324
33800020000	234425
33840020000	345864
33880020000	347802
33920020000	300882
33960020000	344417
34000020000	280781
34040020000	205219
34080020000	3608672
34120020000	341806
34160020000	256437
34200020000	291407
34240020000	267796
34280020000	443762
34320020000	481681
34360020000	517882
34400020000	404668
34440020000	355567
34480020000	575826
34520020000	424140
34560020000	374227
34600020000	530667
34640020000	280778
34680020000	441394
34720020000	233328
34760020000	426630
34800020000	276064
34840020000	260819
34880020000	529628
34920020000	301810
34960020000	228488
35000020000	556649
35040020000	280736
35080020000	379117
35120020000	306403
35160020000	242466
35200020000	482535
35240020000	170472
35280020000	372988
35320020000	415828
35360020000	400624
35400020000	472650
35440020000	428588
35480020000	383818
35520020000	276675
35560020000	567095
35600020000	352995
35640020000	563566
35680020000	353409
35720020000	365320
35760020000	391672
35800020000	556536
35840020000	267767
35880020000	339983
35920020000	486622
35960020000	235697
36000020000	437484
36040020000	268513
36080020000	437254
36120020000	329543
36160020000	344457
36200020000	480452
36240020000	513511
36280020000	417183
36320020000	193456
36360020000	254255
36400020000	261017
36440020000	502484
36480020000	639354
36520020000	296837
36560020000	233208
36600020000	657772
36640020000	337638
36680020000	614097
36720020000	426170
36760020000	541691
36800020000	229158
36840020000	378117
36880020000	233949
36920020000	518241
36960020000	483919
37000020000	452126
37040020000	380685
37080020000	350937
37120020000	655988
37160020000	553704
37200020000	337276
37240020000	309067
37280020000	357852
37320020000	294054
37360020000	270885
37400020000	241211
37440020000	246910
37480020000	485553
37520020000	332826
37560020000	346088
37600020000	164057
37640020000	333843
37680020000	413305
37720020000	388451
37760020000	316215
37800020000	278763
37840020000	182193
37880020000	352960
37920020000	274732
37960020000	232103
38000020000	421565
38040020000	210081
38080020000	278779
38120020000	538383
38160020000	296816
38200020000	285894
38240020000	366403
38280020000	421290
38320020000	391662
38360020000	328816
38400020000	314183
38440020000	316861
38480020000	317166
38520020000	278973
38560020000	453892
38600020000	274755
38640020000	276335
38680020000	588504
38720020000	316263
38760020000	352975
38800020000	529128
38840020000	331370
38880020000	312289
38920020000	387070
38960020000	514263
39000020000	303404
39040020000	470886
39080020000	559935
39120020000	370730
39160020000	319644
39200020000	420017
39240020000	285237
39280020000	354050
39320020000	288904
39360020000	468943
39400020000	226034
39440020000	434984
39480020000	265456
39520020000	331991
39560020000	393189
39600020000	282833
39640020000	423439
39680020000	350248
39720020000	368654
39760020000	286154
39800020000	201694
39840020000	200173
39880020000	537626
39920020000	309310
39960020000	550603
