20000	26929446
40020000	1706565
80020000	1955646
120020000	2205363
160020000	2358367
200020000	2844073
240020000	1696860
280020000	2445318
320020000	2783423
360020000	2092385
400020000	2642673
440020000	1555768
480020000	1938041
520020000	2130389
560020000	2836127
600020000	2845105
640020000	2633611
680020000	1596547
720020000	2615049
760020000	2552573
800020000	1750433
840020000	2866537
880020000	1750870
920020000	1731276
960020000	1972415
1000020000	2413163
1040020000	1620985
1080020000	2547781
1120020000	2915822
1160020000	2284852
1200020000	2274383
1240020000	2655600
1280020000	1646776
1320020000	1861789
1360020000	2677668
1400020000	2073588
1440020000	2678257
1480020000	1498968
1520020000	2225364
1560020000	2329644
1600020000	2934134
1640020000	1499344
1680020000	1896122
1720020000	2365615
1760020000	2574218
1800020000	1896588
1840020000	2189618
1880020000	1431531
1920020000	2165984
1960020000	2156223
2000020000	2352112
2040020000	2653571
2080020000	2995643
2120020000	1814043
2160020000	1991418
2200020000	2335692
2240020000	2133026
2280020000	2639371
2320020000	1697454
2360020000	2383166
2400020000	2574207
2440020000	2607370
2480020000	1688524
2520020000	1715982
2560020000	1732110
2600020000	2598650
2640020000	2394677
2680020000	1920011
2720020000	1627144
2760020000	1729905
2800020000	2321976
2840020000	2590695
2880020000	1625651
2920020000	2053964
2960020000	1860711
3000020000	2239669
3040020000	2795017
3080020000	2462220
3120020000	2453820
3160020000	1520219
3200020000	3019112
3240020000	1621956
3280020000	2428610
3320020000	2762358
3360020000	1512674
3400020000	2757152
3440020000	2887947
3480020000	2856367
3520020000	1785368
3560020000	2133586
3600020000	1705429
3640020000	1562903
3680020000	2840450
3720020000	1670501
3760020000	2144306
3800020000	2297270
3840020000	3190132
3880020000	2605402
3920020000	1643504
3960020000	2093940
4000020000	2333625
4040020000	2511239
4080020000	2456118
4120020000	1881795
4160020000	1832197
4200020000	2848789
4240020000	1743950
4280020000	1725593
4320020000	2371510
4360020000	1788683
4400020000	1923920
4440020000	2652797
4480020000	1750443
4520020000	1623820
4560020000	1480102
4600020000	1450531
4640020000	2426736
4680020000	1604300
4720020000	2178103
4760020000	2404983
4800020000	2943149
4840020000	2005641
4880020000	1801044
4920020000	2004393
4960020000	2705616
5000020000	1659837
5040020000	2025993
5080020000	1667002
5120020000	2541739
5160020000	1739711
5200020000	2363129
5240020000	2835669
5280020000	2005233
5320020000	2475190
5360020000	1830383
5400020000	2433781
5440020000	3005655
5480020000	2309888
5520020000	2524484
5560020000	3018329
5600020000	2316222
5640020000	2464629
5680020000	1588169
5720020000	2091937
5760020000	2650265
5800020000	3011173
5840020000	1963089
5880020000	2490792
5920020000	1594333
5960020000	1936456
6000020000	2401662
6040020000	2483011
6080020000	3024837
6120020000	2374689
6160020000	2563683
6200020000	2830971
6240020000	2001463
6280020000	2108444
6320020000	2943994
6360020000	1592952
6400020000	1928420
6440020000	2101397
6480020000	2406931
6520020000	1677967
6560020000	1592427
6600020000	2325998
6640020000	2819894
6680020000	2205825
6720020000	2624892
6760020000	2099374
6800020000	2494391
6840020000	2633234
6880020000	1637590
6920020000	2330792
6960020000	2209275
7000020000	1465200
7040020000	2883617
7080020000	1912221
7120020000	2855315
7160020000	2262734
7200020000	2775528
7240020000	2863674
7280020000	2251579
7320020000	2700417
7360020000	2895399
7400020000	3046111
7440020000	1820455
7480020000	1853892
7520020000	2563252
7560020000	2402453
7600020000	1575427
7640020000	1970680
7680020000	2594799
7720020000	1759108
7760020000	1926889
7800020000	1937249
7840020000	1793190
7880020000	2449136
7920020000	2992283
7960020000	2693053
8000020000	2678563
8040020000	2821712
8080020000	1742604
8120020000	2005610
8160020000	2465112
8200020000	2716409
8240020000	2459570
8280020000	1792066
8320020000	2626628
8360020000	1586058
8400020000	2137040
8440020000	2506534
8480020000	2885842
8520020000	1820828
8560020000	2615297
8600020000	2909171
8640020000	1979632
8680020000	2406396
8720020000	1918471
8760020000	3085507
8800020000	1928907
8840020000	2444095
8880020000	3016983
8920020000	1970632
8960020000	2791955
9000020000	2299937
9040020000	1635440
9080020000	1944612
9120020000	1910053
9160020000	2388985
9200020000	1745034
9240020000	1975382
9280020000	2865789
9320020000	1658804
9360020000	2020950
9400020000	2770341
9440020000	2174187
9480020000	2481340
9520020000	1763100
9560020000	2267469
9600020000	3067636
9640020000	1866125
9680020000	2670426
9720020000	1684643
9760020000	1865975
9800020000	2504795
9840020000	1564349
9880020000	2476992
9920020000	2983211
9960020000	2002686
10000020000	32823513
10040020000	2135482
10080020000	1652100
10120020000	2418817
10160020000	2683260
10200020000	2463544
10240020000	1553008
10280020000	1982699
10320020000	2801500
10360020000	2245701
10400020000	2714096
10440020000	2626403
10480020000	1646754
10520020000	2719267
10560020000	2967882
10600020000	2485950
10640020000	1740063
10680020000	2899314
10720020000	1961424
10760020000	2682407
10800020000	1467250
10840020000	1590401
10880020000	2223318
10920020000	2509343
10960020000	1460499
11000020000	2545868
11040020000	2551452
11080020000	1575161
11120020000	1501412
11160020000	1850310
11200020000	2603758
11240020000	1685747
11280020000	2128362
11320020000	2381741
11360020000	2498985
11400020000	2610388
11440020000	1486562
11480020000	2081654
11520020000	2514833
11560020000	1539238
11600020000	1800980
11640020000	1827807
11680020000	2187244
11720020000	2219642
11760020000	2706881
11800020000	1928654
11840020000	2323627
11880020000	2561456
11920020000	2704333
11960020000	1690285
12000020000	2524126
12040020000	2914169
12080020000	1696447
12120020000	1905264
12160020000	2159005
12200020000	2533687
12240020000	1428822
12280020000	2099480
12320020000	2292816
12360020000	2606690
12400020000	2768054
12440020000	1871981
12480020000	1782879
12520020000	2159640
12560020000	2684355
12600020000	1726451
12640020000	2085534
12680020000	2680225
12720020000	1703371
12760020000	2499552
12800020000	1577829
12840020000	2535167
12880020000	2261893
12920020000	2946151
12960020000	2346448
13000020000	3095169
13040020000	2541163
13080020000	2082413
13120020000	2853672
13160020000	2547277
13200020000	2842339
13240020000	2086114
13280020000	1674841
13320020000	2753480
13360020000	1940760
13400020000	2842776
13440020000	2222715
13480020000	1591818
13520020000	2332425
13560020000	1997112
13600020000	2922444
13640020000	2289114
13680020000	2994969
13720020000	2524119
13760020000	1916438
13800020000	2927579
13840020000	2161299
13880020000	2814708
13920020000	1990465
13960020000	1679414
14000020000	2096885
14040020000	2854325
14080020000	2235279
14120020000	2278038
14160020000	1698856
14200020000	3107874
14240020000	2225614
14280020000	1778095
14320020000	2932731
14360020000	2355657
14400020000	1851456
14440020000	1821364
14480020000	1630811
14520020000	2447363
14560020000	2613168
14600020000	2706704
14640020000	2955227
14680020000	2750040
14720020000	1795710
14760020000	2098773
14800020000	2435328
14840020000	2258650
14880020000	2385633
14920020000	1465204
14960020000	1960963
15000020000	2185797
15040020000	2820143
15080020000	1679333
15120020000	2775933
15160020000	2015476
15200020000	2529871
15240020000	2386763
15280020000	1924382
15320020000	2017682
15360020000	2773335
15400020000	2218125
15440020000	1799044
15480020000	2760278
15520020000	1946864
15560020000	2680022
15600020000	2014936
15640020000	1562082
15680020000	2830434
15720020000	2536312
15760020000	2188531
15800020000	1785611
15840020000	2970382
15880020000	1789819
15920020000	2604639
15960020000	3051855
16000020000	2363998
16040020000	3191012
16080020000	2890713
16120020000	2805577
16160020000	1833721
16200020000	1607649
16240020000	2190473
16280020000	2790989
16320020000	2298252
16360020000	1774848
16400020000	2873896
16440020000	2463059
16480020000	1733475
16520020000	2761714
16560020000	1620726
16600020000	2431676
16640020000	1912764
16680020000	2688425
16720020000	2049699
16760020000	1772880
16800020000	2187557
16840020000	1885407
16880020000	2664878
16920020000	1923370
16960020000	1499206
17000020000	2294822
17040020000	1774121
17080020000	2651403
17120020000	1852528
17160020000	2723321
17200020000	2762610
17240020000	2857137
17280020000	1799955
17320020000	2576129
17360020000	2647773
17400020000	1698786
17440020000	2490748
17480020000	2394709
17520020000	2740842
17560020000	1623221
17600020000	1632159
17640020000	2088490
17680020000	2400929
17720020000	2616027
17760020000	1637374
17800020000	1915017
17840020000	2892573
17880020000	2842925
17920020000	1620687
17960020000	2257231
18000020000	2677175
18040020000	2908188
18080020000	2383211
18120020000	2831806
18160020000	1906400
18200020000	2276188
18240020000	3064269
18280020000	2246919
18320020000	2124897
18360020000	2255252
18400020000	2666492
18440020000	2823383
18480020000	2362580
18520020000	2292758
18560020000	1564779
18600020000	2385426
18640020000	2601964
18680020000	1439240
18720020000	1776883
18760020000	1891895
18800020000	2266240
18840020000	2742177
18880020000	2122875
18920020000	2678292
18960020000	3088741
19000020000	1659956
19040020000	1651926
19080020000	1972635
19120020000	2146093
19160020000	2452387
19200020000	3096428
19240020000	2177748
19280020000	2274552
19320020000	2310758
19360020000	2402064
19400020000	2639897
19440020000	2929558
19480020000	2768984
19520020000	1983185
19560020000	2322635
19600020000	2317721
19640020000	2709774
19680020000	1907100
19720020000	1734134
19760020000	2142192
19800020000	2352752
19840020000	2627265
19880020000	2885676
19920020000	1701859
19960020000	1901961
20000020000	1931841
20040020000	3034872
20080020000	2130064
20120020000	2625425
20160020000	1582285
20200020000	1643484
20240020000	2000212
20280020000	2595609
20320020000	2873848
20360020000	1556989
20400020000	2435427
20440020000	2495805
20480020000	2894479
20520020000	1947622
20560020000	1847796
20600020000	2466114
20640020000	2709509
20680020000	1769592
20720020000	2024846
20760020000	2579716
20800020000	2249854
20840020000	1499732
20880020000	1965735
20920020000	2211118
20960020000	2493372
21000020000	1890877
21040020000	2009880
21080020000	2609697
21120020000	2960975
21160020000	2138004
21200020000	2410762
21240020000	2584039
21280020000	1637640
21320020000	2255986
21360020000	2256314
21400020000	3081719
21440020000	2125922
21480020000	2314391
21520020000	2651679
21560020000	1946456
21600020000	2291141
21640020000	2624326
21680020000	2971962
21720020000	1856273
21760020000	2069681
21800020000	2272471
21840020000	2772719
21880020000	1582120
21920020000	2056411
21960020000	2892470
22000020000	2070429
22040020000	2110257
22080020000	2796893
22120020000	1983765
22160020000	2290848
22200020000	1480113
22240020000	1636008
22280020000	2003482
22320020000	2416789
22360020000	1645064
22400020000	1555023
22440020000	1956961
22480020000	2584898
22520020000	1810805
22560020000	2429393
22600020000	1985387
22640020000	2601022
22680020000	2464223
22720020000	1513194
22760020000	2417799
22800020000	2716708
22840020000	2429789
22880020000	1645988
22920020000	1718655
22960020000	2083617
23000020000	2909310
23040020000	2994623
23080020000	2836049
23120020000	2711293
23160020000	2010082
23200020000	2608270
23240020000	1800559
23280020000	2601601
23320020000	2319161
23360020000	2602224
23400020000	1549574
23440020000	2348528
23480020000	1559784
23520020000	1883572
23560020000	2044020
23600020000	2483773
23640020000	2539272
23680020000	2702349
23720020000	1713101
23760020000	2358649
23800020000	2931530
23840020000	1843924
23880020000	2197470
23920020000	1856190
23960020000	2589510
24000020000	1575580
24040020000	1471861
24080020000	1914648
24120020000	2446125
24160020000	2123742
24200020000	2061097
24240020000	1777694
24280020000	2061615
24320020000	2333364
24360020000	2886712
24400020000	1610720
24440020000	2104885
24480020000	2570042
24520020000	1704010
24560020000	1922022
24600020000	2354756
24640020000	2699260
24680020000	2187219
24720020000	2502512
24760020000	1589415
24800020000	2465267
24840020000	1521344
24880020000	2924927
24920020000	1733786
24960020000	1829703
25000020000	2180064
25040020000	2757897
25080020000	1604997
25120020000	2169995
25160020000	1965058
25200020000	2001020
25240020000	2208213
25280020000	2252430
25320020000	3112552
25360020000	1950923
25400020000	2101491
25440020000	2889882
25480020000	1790403
25520020000	2195555
25560020000	1704104
25600020000	2290508
25640020000	2805921
25680020000	2136965
25720020000	2657260
25760020000	1727461
25800020000	2282142
25840020000	2776178
25880020000	1964686
25920020000	1946999
25960020000	2090258
26000020000	2402544
26040020000	2995436
26080020000	1998407
26120020000	2548895
26160020000	2538355
26200020000	1910874
26240020000	2716633
26280020000	1933160
26320020000	2779560
26360020000	2855134
26400020000	2211871
26440020000	2063786
26480020000	2396024
26520020000	2407073
26560020000	2577753
26600020000	1604734
26640020000	2079281
26680020000	2338604
26720020000	1645338
26760020000	2321771
26800020000	2877342
26840020000	2130749
26880020000	2865761
26920020000	1914602
26960020000	2033021
27000020000	2724182
27040020000	1491700
27080020000	2546153
27120020000	1627631
27160020000	1982388
27200020000	2837347
27240020000	1580345
27280020000	1507819
27320020000	2053333
27360020000	2953246
27400020000	1590933
27440020000	2536740
27480020000	2943520
27520020000	2200458
27560020000	2322855
27600020000	2343227
27640020000	1806254
27680020000	2240436
27720020000	2451199
27760020000	1915766
27800020000	2627286
27840020000	1789242
27880020000	2204008
27920020000	2764068
27960020000	2312712
28000020000	1653018
28040020000	2140003
28080020000	3184290
28120020000	2405690
28160020000	1431235
28200020000	3051383
28240020000	2113815
28280020000	2129912
28320020000	2707585
28360020000	2276320
28400020000	2646343
28440020000	2619041
28480020000	1580947
28520020000	1766760
28560020000	2398629
28600020000	1669088
28640020000	1958984
28680020000	2601949
28720020000	2171509
28760020000	2840150
28800020000	1844346
28840020000	2026962
28880020000	1943139
28920020000	2813091
28960020000	1676266
29000020000	2310768
29040020000	2686017
29080020000	1837301
29120020000	2059593
29160020000	2642864
29200020000	1743163
29240020000	2114491
29280020000	2588858
29320020000	1772602
29360020000	2116471
29400020000	1535727
29440020000	1990825
29480020000	1522279
29520020000	1997681
29560020000	2325056
29600020000	3053584
29640020000	2144563
29680020000	2420160
29720020000	2884135
29760020000	1622055
29800020000	1867319
29840020000	2230096
29880020000	2426018
29920020000	2708457
29960020000	1895344
30000020000	5765450
30040020000	2534840
30080020000	2874979
30120020000	1607510
30160020000	2185807
30200020000	2464258
30240020000	1823778
30280020000	2733309
30320020000	1518615
30360020000	2060854
30400020000	2206744
30440020000	2717584
30480020000	2751783
30520020000	1716100
30560020000	2251061
30600020000	2043660
30640020000	2567380
30680020000	1735805
30720020000	2015897
30760020000	2686339
30800020000	1539483
30840020000	1898735
30880020000	1737934
30920020000	2191881
30960020000	2091861
31000020000	2428360
31040020000	2971135
31080020000	1925266
31120020000	2556175
31160020000	2641249
31200020000	2645505
31240020000	2678688
31280020000	2417855
31320020000	2947898
31360020000	1995493
31400020000	2244902
31440020000	2566604
31480020000	1918302
31520020000	2033288
31560020000	2391790
31600020000	2559557
31640020000	2962422
31680020000	2002616
31720020000	2514765
31760020000	1635144
31800020000	1969419
31840020000	2214660
31880020000	2313638
31920020000	1795610
31960020000	1914360
32000020000	2458159
32040020000	1699287
32080020000	2539434
32120020000	2725297
32160020000	1609541
32200020000	1625214
32240020000	2092502
32280020000	2601941
32320020000	1853802
32360020000	2003370
32400020000	2654083
32440020000	2661416
32480020000	1542523
32520020000	1983149
32560020000	2521402
32600020000	2668621
32640020000	2826735
32680020000	2240521
32720020000	2190197
32760020000	2338513
32800020000	2562118
32840020000	1934650
32880020000	1803824
32920020000	2058715
32960020000	2458186
33000020000	3026449
33040020000	2287613
33080020000	2290852
33120020000	2487948
33160020000	1509175
33200020000	2823310
33240020000	3049675
33280020000	1697627
33320020000	2198904
33360020000	2488535
33400020000	2910476
33440020000	2953285
33480020000	1948645
33520020000	2485080
33560020000	2613611
33600020000	2595010
33640020000	2418654
33680020000	2261990
33720020000	2452087
33760020000	2712785
33800020000	1597028
33840020000	2881557
33880020000	1985864
33920020000	2207945
33960020000	2405252
34000020000	2851031
34040020000	1667128
34080020000	4857885
34120020000	1755185
34160020000	2810190
34200020000	2914024
34240020000	1808323
34280020000	1649797
34320020000	1978270
34360020000	1787452
34400020000	2291197
34440020000	3071449
34480020000	1857030
34520020000	2210899
34560020000	2330647
34600020000	2692115
34640020000	1822132
34680020000	2059524
34720020000	1875868
34760020000	1989167
34800020000	2616839
34840020000	1548704
34880020000	2124089
34920020000	2071508
34960020000	2535460
35000020000	2964541
35040020000	2319632
35080020000	2485236
35120020000	2635916
35160020000	1601764
35200020000	1979965
35240020000	2132341
35280020000	2042189
35320020000	2643752
35360020000	2842217
35400020000	1568192
35440020000	2206561
35480020000	2319628
35520020000	2336192
35560020000	2712042
35600020000	1809182
35640020000	2529468
35680020000	2410720
35720020000	1575609
35760020000	2905570
35800020000	2904757
35840020000	2825720
35880020000	1866040
35920020000	2342620
35960020000	2511951
36000020000	2653248
36040020000	1396844
36080020000	1722674
36120020000	2359322
36160020000	2833214
36200020000	2863489
36240020000	1676519
36280020000	1756060
36320020000	2106678
36360020000	2297622
36400020000	2295122
36440020000	1740529
36480020000	2327576
36520020000	2359509
36560020000	2806262
36600020000	2879647
36640020000	1921537
36680020000	2080522
36720020000	2411838
36760020000	2906606
36800020000	1582249
36840020000	2642559
36880020000	2427637
36920020000	1569254
36960020000	1592918
37000020000	2102665
37040020000	2468449
37080020000	2370207
37120020000	2914136
37160020000	3011681
37200020000	1949695
37240020000	2480517
37280020000	2603466
37320020000	2987876
37360020000	1496746
37400020000	1620441
37440020000	2221002
37480020000	1890960
37520020000	2099497
37560020000	2405798
37600020000	2722043
37640020000	2801746
37680020000	1548652
37720020000	1814664
37760020000	2084841
37800020000	2242788
37840020000	2140776
37880020000	2058156
37920020000	2016651
37960020000	2378188
38000020000	2779530
38040020000	1514857
38080020000	2830525
38120020000	1749564
38160020000	2228332
38200020000	2257967
38240020000	2969204
38280020000	1510183
38320020000	1737124
38360020000	1950578
38400020000	1733076
38440020000	2217922
38480020000	1973618
38520020000	3037264
38560020000	2077633
38600020000	2370178
38640020000	2351777
38680020000	2816590
38720020000	2802117
38760020000	1566368
38800020000	2943836
38840020000	1542197
38880020000	1879199
38920020000	2056859
38960020000	2625707
39000020000	1684137
39040020000	2710626
39080020000	1584912
39120020000	1845240
39160020000	2352530
39200020000	1702649
39240020000	2406196
39280020000	2433092
39320020000	2800568
39360020000	2671909
39400020000	2877286
39440020000	1474246
39480020000	1537011
39520020000	2125680
39560020000	2533197
39600020000	1743852
39640020000	1894669
39680020000	1930340
39720020000	2173507
39760020000	2029647
39800020000	2632680
39840020000	1464738
39880020000	1570223
39920020000	2300026
39960020000	2400235
