10000	40483982
40010000	5399885
80010000	822225
120010000	1486424
160010000	1411840
200010000	895165
240010000	1219601
280010000	966120
320010000	1348093
360010000	1321375
400010000	1576705
440010000	1231017
480010000	917872
520010000	1538338
560010000	1040888
600010000	667661
640010000	709090
680010000	952781
720010000	1118264
760010000	937480
800010000	673191
840010000	923794
880010000	1095593
920010000	816171
960010000	655451
1000010000	920642
1040010000	952696
1080010000	1169902
1120010000	932146
1160010000	1038278
1200010000	812943
1240010000	848702
1280010000	1124271
1320010000	767140
1360010000	1099500
1400010000	1142607
1440010000	1057014
1480010000	1182882
1520010000	1139772
1560010000	914525
1600010000	902720
1640010000	609762
1680010000	703437
1720010000	944906
1760010000	1094550
1800010000	1117909
1840010000	834038
1880010000	1026465
1920010000	1034017
1960010000	1143849
2000010000	1074093
2040010000	606896
2080010000	787706
2120010000	672038
2160010000	675363
2200010000	659530
2240010000	865760
2280010000	1092999
2320010000	1115519
2360010000	852120
2400010000	655448
2440010000	671963
2480010000	1003821
2520010000	1238845
2560010000	971888
2600010000	694873
2640010000	1099297
2680010000	996598
2720010000	1211804
2760010000	956801
2800010000	899785
2840010000	683928
2880010000	810362
2920010000	1030177
2960010000	837201
3000010000	1109914
3040010000	744447
3080010000	713610
3120010000	1109059
3160010000	950584
3200010000	933338
3240010000	651576
3280010000	1178636
3320010000	715975
3360010000	1177040
3400010000	1139072
3440010000	1281801
3480010000	1002563
3520010000	931168
3560010000	684570
3600010000	863220
3640010000	1230359
3680010000	669887
3720010000	597711
3760010000	677055
3800010000	841005
3840010000	766449
3880010000	953929
3920010000	696971
3960010000	624712
4000010000	773146
4040010000	1114197
4080010000	1185509
4120010000	1177059
4160010000	905183
4200010000	650505
4240010000	1087365
4280010000	640232
4320010000	964405
4360010000	742846
4400010000	812438
4440010000	1275632
4480010000	814322
4520010000	1000228
4560010000	1151638
4600010000	1218108
4640010000	995415
4680010000	1200425
4720010000	729307
4760010000	950028
4800010000	684332
4840010000	1181375
4880010000	820270
4920010000	1046063
4960010000	771294
5000010000	967819
5040010000	851954
5080010000	719973
5120010000	850901
5160010000	1134468
5200010000	667450
5240010000	852630
5280010000	1151074
5320010000	1064079
5360010000	941832
5400010000	773726
5440010000	635517
5480010000	949882
5520010000	883382
5560010000	1130536
5600010000	988044
5640010000	748544
5680010000	1146665
5720010000	725296
5760010000	912105
5800010000	735000
5840010000	1107997
5880010000	958969
5920010000	743674
5960010000	1004999
6000010000	1127827
6040010000	692737
6080010000	965715
6120010000	743689
6160010000	705546
6200010000	948462
6240010000	817830
6280010000	641325
6320010000	610247
6360010000	698715
6400010000	983099
6440010000	657863
6480010000	863701
6520010000	686007
6560010000	633748
6600010000	915908
6640010000	1094780
6680010000	919157
6720010000	1088380
6760010000	608094
6800010000	1211621
6840010000	946560
6880010000	1161724
6920010000	954914
6960010000	1075360
7000010000	1225505
7040010000	726542
7080010000	933777
7120010000	772581
7160010000	995474
7200010000	628835
7240010000	677097
7280010000	720942
7320010000	880281
7360010000	1151773
7400010000	1035108
7440010000	1197395
7480010000	1238665
7520010000	1189306
7560010000	958652
7600010000	931254
7640010000	1152027
7680010000	935777
7720010000	1141251
7760010000	1020861
7800010000	618920
7840010000	986548
7880010000	1137971
7920010000	944871
7960010000	791239
8000010000	809074
8040010000	1046930
8080010000	1137799
8120010000	899092
8160010000	1090797
8200010000	950452
8240010000	1125983
8280010000	963443
8320010000	949415
8360010000	854231
8400010000	961960
8440010000	1161187
8480010000	832155
8520010000	909081
8560010000	1025381
8600010000	987954
8640010000	748193
8680010000	1022269
8720010000	926041
8760010000	644920
8800010000	958032
8840010000	984542
8880010000	1067755
8920010000	622489
8960010000	1190909
9000010000	1164274
9040010000	1006530
9080010000	1011344
9120010000	1024344
9160010000	930538
9200010000	749127
9240010000	1059312
9280010000	1037696
9320010000	616904
9360010000	1149747
9400010000	667842
9440010000	785456
9480010000	863685
9520010000	850053
9560010000	941998
9600010000	1222891
9640010000	690456
9680010000	1033291
9720010000	846261
9760010000	1114434
9800010000	1141107
9840010000	967443
9880010000	711788
9920010000	644439
9960010000	659945
10000010000	1985362
10040010000	1001488
10080010000	832902
10120010000	681596
10160010000	956962
10200010000	1113680
10240010000	726685
10280010000	1011689
10320010000	1212590
10360010000	934115
10400010000	636461
10440010000	718577
10480010000	1020337
10520010000	1254279
10560010000	741368
10600010000	955443
10640010000	762856
10680010000	686123
10720010000	1198122
10760010000	816774
10800010000	690691
10840010000	850575
10880010000	635565
10920010000	1108028
10960010000	590116
11000010000	866947
11040010000	987855
11080010000	1061256
11120010000	730400
11160010000	1198853
11200010000	782603
11240010000	1157338
11280010000	1109336
11320010000	702954
11360010000	654873
11400010000	910581
11440010000	951470
11480010000	1003994
11520010000	746817
11560010000	662448
11600010000	934834
11640010000	928053
11680010000	625888
11720010000	977025
11760010000	766730
11800010000	1123946
11840010000	831517
11880010000	625246
11920010000	967592
11960010000	890889
12000010000	970244
12040010000	634719
12080010000	720784
12120010000	968262
12160010000	818313
12200010000	974006
12240010000	1247320
12280010000	985127
12320010000	860658
12360010000	781583
12400010000	1094509
12440010000	935830
12480010000	1119054
12520010000	631388
12560010000	760150
12600010000	1132319
12640010000	1109228
12680010000	778723
12720010000	1183751
12760010000	869627
12800010000	1033671
12840010000	841484
12880010000	928433
12920010000	1258852
12960010000	1075546
13000010000	778197
13040010000	915748
13080010000	633960
13120010000	924540
13160010000	1084457
13200010000	677636
13240010000	1208158
13280010000	1187292
13320010000	769392
13360010000	1036804
13400010000	1223368
13440010000	635903
13480010000	965826
13520010000	741979
13560010000	1198010
13600010000	878610
13640010000	1043728
13680010000	760610
13720010000	1163191
13760010000	795880
13800010000	1135174
13840010000	683970
13880010000	905519
13920010000	602560
13960010000	1026570
14000010000	650350
14040010000	942780
14080010000	782329
14120010000	964674
14160010000	1072651
14200010000	1091173
14240010000	767035
14280010000	1078365
14320010000	806717
14360010000	998606
14400010000	646920
14440010000	691196
14480010000	942548
14520010000	1190762
14560010000	964504
14600010000	1122282
14640010000	747194
14680010000	741711
14720010000	1034181
14760010000	950374
14800010000	769759
14840010000	878827
14880010000	1039629
14920010000	749193
14960010000	1081417
15000010000	783008
15040010000	690600
15080010000	1172361
15120010000	1217382
15160010000	754741
15200010000	768318
15240010000	1135359
15280010000	586641
15320010000	973699
15360010000	1154315
15400010000	740678
15440010000	975532
15480010000	637482
15520010000	1157044
15560010000	1108006
15600010000	922218
15640010000	656295
15680010000	795036
15720010000	1126442
15760010000	776113
15800010000	833545
15840010000	914549
15880010000	637864
15920010000	921253
15960010000	1044205
16000010000	1007988
16040010000	645476
16080010000	622872
16120010000	981021
16160010000	922522
16200010000	877004
16240010000	933350
16280010000	1027074
16320010000	1192956
16360010000	758103
16400010000	734531
16440010000	876089
16480010000	694894
16520010000	674869
16560010000	1111141
16600010000	905186
16640010000	1223338
16680010000	787677
16720010000	1043665
16760010000	699359
16800010000	692219
16840010000	966198
16880010000	983083
16920010000	1134217
16960010000	758289
17000010000	955318
17040010000	1989049
17080010000	994048
17120010000	1217050
17160010000	808818
17200010000	807813
17240010000	963680
17280010000	774048
17320010000	943074
17360010000	855889
17400010000	614714
17440010000	1028787
17480010000	1202450
17520010000	1213027
17560010000	997277
17600010000	1101050
17640010000	693710
17680010000	971834
17720010000	783507
17760010000	1094443
17800010000	1182530
17840010000	725861
17880010000	952053
17920010000	807207
17960010000	962359
18000010000	597754
18040010000	979891
18080010000	1289992
18120010000	892922
18160010000	722981
18200010000	830483
18240010000	1027245
18280010000	1162685
18320010000	753890
18360010000	1150922
18400010000	729946
18440010000	1046894
18480010000	1134382
18520010000	682427
18560010000	972147
18600010000	1073613
18640010000	705687
18680010000	905571
18720010000	978386
18760010000	1188904
18800010000	620660
18840010000	1235477
18880010000	911565
18920010000	1085074
18960010000	779164
19000010000	988851
19040010000	1154294
19080010000	914710
19120010000	894931
19160010000	957432
19200010000	963694
19240010000	905988
19280010000	1135576
19320010000	614722
19360010000	1029868
19400010000	924195
19440010000	961749
19480010000	964067
19520010000	1041704
19560010000	1109705
19600010000	690674
19640010000	628281
19680010000	768348
19720010000	1290242
19760010000	877784
19800010000	971519
19840010000	1099893
19880010000	666783
19920010000	984116
19960010000	723837
20000010000	940515
20040010000	821752
20080010000	704386
20120010000	775319
20160010000	725206
20200010000	724718
20240010000	1163191
20280010000	667839
20320010000	927870
20360010000	1170048
20400010000	820225
20440010000	765306
20480010000	967212
20520010000	1184768
20560010000	913418
20600010000	1192495
20640010000	901003
20680010000	978269
20720010000	842960
20760010000	1045615
20800010000	896123
20840010000	665329
20880010000	1017601
20920010000	1053594
20960010000	1194978
21000010000	1112271
21040010000	1036069
21080010000	802510
21120010000	1042311
21160010000	829616
21200010000	996080
21240010000	975519
21280010000	963783
21320010000	853153
21360010000	1150269
21400010000	677520
21440010000	1163827
21480010000	788161
21520010000	1053954
21560010000	913399
21600010000	825923
21640010000	1045574
21680010000	1181739
21720010000	590998
21760010000	687852
21800010000	1211687
21840010000	828646
21880010000	769129
21920010000	987402
21960010000	1021881
22000010000	1117033
22040010000	761224
22080010000	1191283
22120010000	982599
22160010000	1070026
22200010000	829223
22240010000	1174313
22280010000	669456
22320010000	1073785
22360010000	742879
22400010000	1194433
22440010000	809320
22480010000	603281
22520010000	1129534
22560010000	655266
22600010000	668880
22640010000	786929
22680010000	1156463
22720010000	844745
22760010000	839845
22800010000	678910
22840010000	738787
22880010000	974602
22920010000	658805
22960010000	1058967
23000010000	759589
23040010000	665668
23080010000	833066
23120010000	649133
23160010000	939687
23200010000	1171670
23240010000	646803
23280010000	889937
23320010000	884617
23360010000	1062989
23400010000	927673
23440010000	1219137
23480010000	1023446
23520010000	1019472
23560010000	871791
23600010000	646330
23640010000	977293
23680010000	814514
23720010000	1193947
23760010000	628803
23800010000	1045027
23840010000	631179
23880010000	988994
23920010000	1099659
23960010000	1151547
24000010000	630701
24040010000	912037
24080010000	822536
24120010000	1194962
24160010000	1009013
24200010000	960957
24240010000	1018336
24280010000	701591
24320010000	933130
24360010000	1213836
24400010000	1200108
24440010000	827005
24480010000	1168850
24520010000	638192
24560010000	783031
24600010000	947100
24640010000	829141
24680010000	1203944
24720010000	978320
24760010000	675729
24800010000	618608
24840010000	857336
24880010000	1008672
24920010000	739555
24960010000	1021829
25000010000	885491
25040010000	1135311
25080010000	1052926
25120010000	764627
25160010000	888633
25200010000	653013
25240010000	647575
25280010000	1177617
25320010000	1067275
25360010000	1046926
25400010000	1132431
25440010000	990329
25480010000	751573
25520010000	1241832
25560010000	874781
25600010000	876223
25640010000	1075392
25680010000	874001
25720010000	813995
25760010000	854181
25800010000	692590
25840010000	1046912
25880010000	863174
25920010000	1089589
25960010000	787530
26000010000	1155109
26040010000	1068312
26080010000	871562
26120010000	842032
26160010000	994675
26200010000	748085
26240010000	696576
26280010000	612132
26320010000	1041950
26360010000	1036077
26400010000	1197198
26440010000	896064
26480010000	705664
26520010000	1185597
26560010000	761796
26600010000	1151361
26640010000	862884
26680010000	868332
26720010000	757488
26760010000	659258
26800010000	1202100
26840010000	941888
26880010000	1127515
26920010000	915934
26960010000	643688
27000010000	1133228
27040010000	1059612
27080010000	1034480
27120010000	934643
27160010000	635702
27200010000	948878
27240010000	855185
27280010000	656143
27320010000	1211078
27360010000	1186245
27400010000	1123025
27440010000	986790
27480010000	794494
27520010000	1026672
27560010000	1082550
27600010000	727115
27640010000	963500
27680010000	695010
27720010000	960056
27760010000	727377
27800010000	1144057
27840010000	913514
27880010000	1025700
27920010000	754228
27960010000	1064603
28000010000	748611
28040010000	1076768
28080010000	924403
28120010000	1031702
28160010000	721759
28200010000	950643
28240010000	1211307
28280010000	812093
28320010000	995706
28360010000	806043
28400010000	1196802
28440010000	1040102
28480010000	872715
28520010000	1086439
28560010000	1040289
28600010000	787293
28640010000	1087810
28680010000	998003
28720010000	733784
28760010000	1216005
28800010000	714421
28840010000	1029235
28880010000	779854
28920010000	1104579
28960010000	639285
29000010000	849442
29040010000	798506
29080010000	1143609
29120010000	861676
29160010000	936901
29200010000	1003012
29240010000	607381
29280010000	944843
29320010000	754819
29360010000	993742
29400010000	658375
29440010000	766166
29480010000	771303
29520010000	695176
29560010000	1103405
29600010000	762932
29640010000	949747
29680010000	661896
29720010000	953424
29760010000	626525
29800010000	944291
29840010000	1145471
29880010000	664814
29920010000	952643
29960010000	1133686
30000010000	930315
30040010000	1090659
30080010000	839875
30120010000	1214682
30160010000	797192
30200010000	1003586
30240010000	750399
30280010000	782158
30320010000	691400
30360010000	1002242
30400010000	642114
30440010000	799097
30480010000	960297
30520010000	1176810
30560010000	645898
30600010000	1179980
30640010000	938011
30680010000	808013
30720010000	1198005
30760010000	1196301
30800010000	1001663
30840010000	876742
30880010000	1182957
30920010000	804661
30960010000	685587
31000010000	787614
31040010000	1022278
31080010000	1022407
31120010000	977780
31160010000	1093814
31200010000	1124190
31240010000	805796
31280010000	651430
31320010000	935832
31360010000	708877
31400010000	984800
31440010000	673151
31480010000	665289
31520010000	643719
31560010000	1150051
31600010000	699439
31640010000	670425
31680010000	1158465
31720010000	629396
31760010000	1066574
31800010000	680423
31840010000	1010308
31880010000	802374
31920010000	970242
31960010000	1147723
32000010000	759640
32040010000	1122096
32080010000	1044093
32120010000	1194965
32160010000	836350
32200010000	1174828
32240010000	871999
32280010000	875442
32320010000	817626
32360010000	680681
32400010000	1057504
32440010000	926551
32480010000	1183951
32520010000	739365
32560010000	1008642
32600010000	1014468
32640010000	708740
32680010000	699109
32720010000	940272
32760010000	632192
32800010000	1119328
32840010000	1165833
32880010000	704933
32920010000	1044806
32960010000	1038654
33000010000	812055
33040010000	950279
33080010000	982210
33120010000	1175751
33160010000	875307
33200010000	1027852
33240010000	896382
33280010000	688541
33320010000	999319
33360010000	1266188
33400010000	954062
33440010000	1117696
33480010000	833040
33520010000	706037
33560010000	1122895
33600010000	723253
33640010000	988983
33680010000	726616
33720010000	1051036
33760010000	1154502
33800010000	858521
33840010000	1185917
33880010000	722891
33920010000	665276
33960010000	985922
34000010000	616436
34040010000	866300
34080010000	3069215
34120010000	1049601
34160010000	1156980
34200010000	692809
34240010000	961155
34280010000	1054266
34320010000	631028
34360010000	934690
34400010000	1133957
34440010000	710489
34480010000	959850
34520010000	856718
34560010000	1041776
34600010000	1022285
34640010000	955237
34680010000	1241057
34720010000	1103989
34760010000	822426
34800010000	1064595
34840010000	1185789
34880010000	1184961
34920010000	971185
34960010000	1110180
35000010000	1115123
35040010000	657778
35080010000	967187
35120010000	695992
35160010000	1078149
35200010000	1087028
35240010000	810852
35280010000	1092224
35320010000	782215
35360010000	630767
35400010000	758508
35440010000	764601
35480010000	1019729
35520010000	1150281
35560010000	1005662
35600010000	1225972
35640010000	1249026
35680010000	1057725
35720010000	829906
35760010000	603174
35800010000	699313
35840010000	656849
35880010000	979801
35920010000	1121244
35960010000	871062
36000010000	711302
36040010000	928116
36080010000	695728
36120010000	685242
36160010000	896381
36200010000	671405
36240010000	755883
36280010000	981399
36320010000	1061775
36360010000	1051895
36400010000	709915
36440010000	957241
36480010000	1071145
36520010000	678562
36560010000	972507
36600010000	1160798
36640010000	1011074
36680010000	1135931
36720010000	839068
36760010000	1154120
36800010000	934770
36840010000	753331
36880010000	681318
36920010000	1100696
36960010000	880385
37000010000	639530
37040010000	611643
37080010000	838840
37120010000	1174366
37160010000	740435
37200010000	1070818
37240010000	868702
37280010000	967416
37320010000	787494
37360010000	757348
37400010000	687491
37440010000	769616
37480010000	659145
37520010000	944057
37560010000	938465
37600010000	823764
37640010000	1116504
37680010000	652446
37720010000	780208
37760010000	1021103
37800010000	769384
37840010000	677684
37880010000	1116420
37920010000	678474
37960010000	865693
38000010000	911297
38040010000	611022
38080010000	1171270
38120010000	994251
38160010000	1022610
38200010000	968779
38240010000	980590
38280010000	906706
38320010000	1131056
38360010000	969925
38400010000	928455
38440010000	942504
38480010000	1061830
38520010000	1007651
38560010000	981414
38600010000	1048923
38640010000	803146
38680010000	1296920
38720010000	892575
38760010000	1001513
38800010000	788235
38840010000	1223943
38880010000	840214
38920010000	1182662
38960010000	777320
39000010000	1138650
39040010000	1205537
39080010000	896417
39120010000	908822
39160010000	1009344
39200010000	822223
39240010000	1199365
39280010000	1094121
39320010000	1174730
39360010000	1180422
39400010000	991303
39440010000	654286
39480010000	821645
39520010000	665408
39560010000	889547
39600010000	1113874
39640010000	1018579
39680010000	663177
39720010000	1083821
39760010000	962276
39800010000	1235443
39840010000	1202391
39880010000	918171
39920010000	694736
39960010000	689793
