5328	318776451
39965328	278816451
79925328	238856451
119885328	198896451
159845328	158936451
199805328	185231999
239765328	145271999
279725328	105311999
319685328	65351999
359645328	49817251
399605328	20165417
439565328	6974326
479525328	9674819
519485328	7082957
559445328	9821031
599405328	7311349
639365328	10020010
679325328	7538439
719285328	6539681
759245328	9282362
799205328	6791066
839165328	9549983
879125328	6954506
919085328	9741776
959045328	7131679
999005328	9930191
1038965328	7336313
1078925328	10017115
1118885328	7444619
1158845328	10280093
1198805328	7713972
1238765328	10349744
1278725328	7755005
1318685328	10543674
1358645328	7996406
1398605328	5447491
1438565328	8767828
1478525328	6170625
1518485328	8976992
1558445328	6281823
1598405328	8993057
1638365328	6428000
1678325328	9198283
1718285328	6629976
1758245328	9382842
1798205328	6804124
1838165328	9548853
1878125328	6952770
1918085328	9688490
1958045328	7052059
1998005328	9787338
2037965328	7231371
2077925328	10009093
2117885328	8075204
2157845328	5423567
2197805328	8183593
2237765328	5543225
2277725328	8356333
2317685328	5758662
2357645328	8531326
2397605328	5893821
2437565328	8656142
2477525328	6061641
2517485328	8807500
2557445328	6191771
2597405328	8947862
2637365328	6341363
2677325328	9125697
2717285328	6519689
2757245328	9400979
2797205328	10881215
2837165328	10255415
2877125328	7627452
2917085328	10341179
2957045328	7798349
2997005328	10640072
3036965328	8083710
3076925328	5477010
3116885328	8137668
3156845328	5550279
3196805328	8349723
3236765328	5767051
3276725328	8456855
3316685328	5895418
3356645328	8677852
3396605328	6092489
3436565328	8798844
3476525328	6224931
3516485328	5462581
3556445328	8169668
3596405328	5521581
3636365328	8212780
3676325328	5642595
3716285328	8350524
3756245328	5782048
3796205328	8576097
3836165328	5925851
3876125328	8630107
3916085328	5955525
3956045328	8687420
3996005328	6074482
4035965328	8817244
4075925328	6143445
4115885328	8840485
4155845328	6264068
4195805328	14211578
4235765328	6269766
4275725328	8955393
4315685328	6387100
4355645328	9112468
4395605328	6522144
4435565328	9273369
4475525328	6692919
4515485328	9450918
4555445328	6777782
4595405328	9512436
4635365328	6866613
4675325328	9647423
4715285328	7108825
4755245328	9935090
4795205328	7333071
4835165328	10087627
4875125328	7546631
4915085328	6427365
4955045328	9133729
4995005328	6607904
5034965328	9310358
5074925328	6737894
5114885328	9492913
5154845328	6981351
5194805328	9669501
5234765328	7155674
5274725328	9916332
5314685328	7362976
5354645328	10102991
5394605328	7489413
5434565328	10209024
5474525328	7671911
5514485328	10437209
5554445328	7926809
5594405328	11128901
5634365328	8478579
5674325328	5926120
5714285328	8691452
5754245328	6194095
5794205328	9060497
5834165328	6436521
5874125328	9133436
5914085328	6516438
5954045328	9297722
5994005328	6780242
6033965328	9484564
6073925328	6924168
6113885328	9652693
6153845328	7131258
6193805328	9805286
6233765328	7142635
6273725328	9936067
6313685328	7808906
6353645328	10543784
6393605328	7980468
6433565328	5374628
6473525328	8002729
6513485328	5376119
6553445328	8185666
6593405328	5616110
6633365328	8312526
6673325328	5662515
6713285328	8404517
6753245328	5833861
6793205328	8602185
6833165328	5929391
6873125328	8679765
6913085328	6152860
6953045328	8924717
6993005328	12362451
7032965328	9812633
7072925328	7226397
7112885328	10005032
7152845328	7357867
7192805328	10069724
7232765328	7505803
7272725328	10235577
7312685328	7717276
7352645328	10477675
7392605328	7848359
7432565328	10512027
7472525328	7906609
7512485328	5407678
7552445328	8185167
7592405328	5574082
7632365328	8379089
7672325328	5722832
7712285328	10107670
7752245328	7479151
7792205328	10233124
7832165328	7690112
7872125328	10357421
7912085328	7706867
7952045328	10521628
7992005328	7957558
8031965328	5326371
8071925328	8077572
8111885328	5461619
8151845328	8172138
8191805328	5555121
8231765328	8278811
8271725328	5699066
8311685328	8377463
8351645328	5775523
8391605328	8428720
8431565328	5888499
8471525328	8622623
8511485328	6005857
8551445328	8776510
8591405328	6209799
8631365328	8853662
8671325328	6239778
8711285328	8973131
8751245328	6411069
8791205328	9157378
8831165328	6552429
8871125328	9324350
8911085328	6787504
8951045328	9535486
8991005328	6990840
9030965328	9821295
9070925328	7223953
9110885328	6095500
9150845328	8878137
9190805328	6250184
9230765328	9056078
9270725328	6480848
9310685328	9211762
9350645328	6594131
9390605328	9325725
9430565328	6697853
9470525328	9454872
9510485328	6785103
9550445328	9620372
9590405328	7071131
9630365328	9847945
9670325328	7188515
9710285328	9948349
9750245328	7278671
9790205328	10440864
9830165328	7757342
9870125328	10471471
9910085328	7915072
9950045328	5315302
9990005328	8118681
10029965328	9723560121
10069925328	9683600121
10109885328	9643640121
10149845328	9603680121
10189805328	9563720121
10229765328	9523760121
10269725328	9483800121
10309685328	9443840121
10349645328	9403880121
10389605328	9363920121
10429565328	9323960121
10469525328	9284000121
10509485328	9244040121
10549445328	9204080121
10589405328	9164120121
10629365328	9124160121
10669325328	9084200121
10709285328	9044240121
10749245328	9004280121
10789205328	8964320121
10829165328	8924360121
10869125328	8884400121
10909085328	8844440121
10949045328	8804480121
10989005328	8764520121
11028965328	8724560121
11068925328	8684600121
11108885328	8644640121
11148845328	8604680121
11188805328	8564720121
11228765328	8524760121
11268725328	8484800121
11308685328	8444840121
11348645328	8404880121
11388605328	8364920121
11428565328	8324960121
11468525328	8285000121
11508485328	8245040121
11548445328	8205080121
11588405328	8165120121
11628365328	8125160121
11668325328	8085200121
11708285328	8045240121
11748245328	8005280121
11788205328	7965320121
11828165328	7925360121
11868125328	7885400121
11908085328	7845440121
11948045328	7805480121
11988005328	7765520121
12027965328	7725560121
12067925328	7685600121
12107885328	7645640121
12147845328	7605680121
12187805328	7565720121
12227765328	7525760121
12267725328	7485800121
12307685328	7445840121
12347645328	7405880121
12387605328	7365920121
12427565328	7325960121
12467525328	7286000121
12507485328	7246040121
12547445328	7206080121
12587405328	7166120121
12627365328	7126160121
12667325328	7086200121
12707285328	7046240121
12747245328	7006280121
12787205328	6966320121
12827165328	6926360121
12867125328	6886400121
12907085328	6846440121
12947045328	6806480121
12987005328	6766520121
13026965328	6726560121
13066925328	6686600121
13106885328	6646640121
13146845328	6606680121
13186805328	6566720121
13226765328	6526760121
13266725328	6486800121
13306685328	6446840121
13346645328	6406880121
13386605328	6366920121
13426565328	6326960121
13466525328	6287000121
13506485328	6247040121
13546445328	6207080121
13586405328	6167120121
13626365328	6127160121
13666325328	6087200121
13706285328	6047240121
13746245328	6007280121
13786205328	5967320121
13826165328	5927360121
13866125328	5887400121
13906085328	5847440121
13946045328	5807480121
13986005328	5767520121
14025965328	5727560121
14065925328	5687600121
14105885328	5647640121
14145845328	5607680121
14185805328	5567720121
14225765328	5527760121
14265725328	5487800121
14305685328	5447840121
14345645328	5407880121
14385605328	5367920121
14425565328	5327960121
14465525328	5288000121
14505485328	5248040121
14545445328	5208080121
14585405328	5168120121
14625365328	5128160121
14665325328	5088200121
14705285328	5048240121
14745245328	5008280121
14785205328	4968320121
14825165328	4928360121
14865125328	4888400121
14905085328	4848440121
14945045328	4808480121
14985005328	4768520121
15024965328	4728560121
15064925328	4688600121
15104885328	4648640121
15144845328	4608680121
15184805328	4568720121
15224765328	4528760121
15264725328	4488800121
15304685328	4448840121
15344645328	4408880121
15384605328	4368920121
15424565328	4328960121
15464525328	4289000121
15504485328	4249040121
15544445328	4209080121
15584405328	4169120121
15624365328	4129160121
15664325328	4089200121
15704285328	4049240121
15744245328	4009280121
15784205328	3969320121
15824165328	3929360121
15864125328	3889400121
15904085328	3849440121
15944045328	3809480121
15984005328	3769520121
16023965328	3729560121
16063925328	3689600121
16103885328	3649640121
16143845328	3609680121
16183805328	3569720121
16223765328	3529760121
16263725328	3489800121
16303685328	3449840121
16343645328	3409880121
16383605328	3369920121
16423565328	3329960121
16463525328	3290000121
16503485328	3250040121
16543445328	3210080121
16583405328	3170120121
16623365328	3130160121
16663325328	3090200121
16703285328	3050240121
16743245328	3010280121
16783205328	2970320121
16823165328	2930360121
16863125328	2890400121
16903085328	2850440121
16943045328	2810480121
16983005328	2770520121
17022965328	2730560121
17062925328	2690600121
17102885328	2650640121
17142845328	2610680121
17182805328	2570720121
17222765328	2530760121
17262725328	2490800121
17302685328	2450840121
17342645328	2410880121
17382605328	2370920121
17422565328	2330960121
17462525328	2291000121
17502485328	2251040121
17542445328	2211080121
17582405328	2171120121
17622365328	2131160121
17662325328	2091200121
17702285328	2051240121
17742245328	2011280121
17782205328	1971320121
17822165328	1931360121
17862125328	1891400121
17902085328	1851440121
17942045328	1811480121
17982005328	1771520121
18021965328	1731560121
18061925328	1691600121
18101885328	1651640121
18141845328	1611680121
18181805328	1571720121
18221765328	2000752751
18261725328	1960792751
18301685328	1920832751
18341645328	1880872751
18381605328	1840912751
18421565328	1800952751
18461525328	1760992751
18501485328	1721032751
18541445328	1681072751
18581405328	1641112751
18621365328	1601152751
18661325328	1561192751
18701285328	1521232751
18741245328	1481272751
18781205328	1441312751
18821165328	1401352751
18861125328	1361392751
18901085328	1321432751
18941045328	1281472751
18981005328	1241512751
19020965328	1201552751
19060925328	1161592751
19100885328	1121632751
19140845328	1081672751
19180805328	1041712751
19220765328	1001752751
19260725328	961792751
19300685328	921832751
19340645328	881872751
19380605328	841912751
19420565328	801952751
19460525328	761992751
19500485328	722032751
19540445328	682072751
19580405328	642112751
19620365328	602152751
19660325328	562192751
19700285328	522232751
19740245328	482272751
19780205328	587266808
19820165328	547306808
19860125328	507346808
19900085328	467386808
19940045328	427426808
19980005328	387466808
20019965328	347506808
20059925328	307546808
20099885328	267586808
20139845328	227626808
20179805328	187666808
20219765328	147706808
20259725328	153715875
20299685328	113755875
20339645328	73795875
20379605328	147217555
20419565328	129421539
20459525328	89461539
20499485328	49501539
20539445328	17199895
20579405328	97131673
20619365328	57171673
20659325328	23435550
20699285328	106933643
20739245328	66973643
20779205328	27013643
20819165328	106450601
20859125328	66490601
20899085328	26530601
20939045328	112527240
20979005328	72567240
21018965328	32607240
21058925328	7501132
21098885328	76182088
21138845328	36222088
21178805328	7119768
21218765328	75675378
21258725328	35715378
21298685328	6655744
21338645328	74301792
21378605328	34341792
21418565328	97030331
21458525328	74542978
21498485328	34582978
21538445328	5435189
21578405328	74286875
21618365328	34326875
21658325328	6829229
21698285328	75025422
21738245328	35065422
21778205328	5962422
21818165328	73415746
21858125328	33455746
21898085328	94159467
21938045328	71457842
21978005328	31497842
22017965328	93961833
22057925328	71668680
22097885328	31708680
22137845328	93474661
22177805328	70473028
22217765328	30513028
22257725328	97842139
22297685328	76566820
22337645328	36606820
22377605328	16680117
22417565328	87300273
22457525328	47340273
22497485328	13582304
22537445328	87812787
22577405328	47852787
22617365328	13461278
22657325328	86564157
22697285328	46604157
22737245328	12880459
22777205328	89728096
22817165328	49768096
22857125328	16103879
22897085328	88908906
22937045328	48948906
22977005328	14498835
23016965328	92555631
23056925328	52595631
23096885328	20499344
23136845328	100871456
23176805328	60911456
23216765328	20951456
23256725328	106684372
23296685328	66724372
23336645328	26764372
23376605328	108643037
23416565328	68683037
23456525328	28723037
23496485328	90397830
23536445328	68264166
23576405328	28304166
23616365328	115793306
23656325328	75833306
23696285328	35873306
23736245328	8318723
23776205328	87707259
23816165328	47747259
23856125328	16668272
23896085328	90696820
23936045328	50736820
23976005328	17033528
24015965328	90261864
24055925328	50301864
24095885328	16696981
24135845328	95686934
24175805328	55726934
24215765328	22706611
24255725328	102735854
24295685328	62775854
24335645328	22815854
24375605328	111375989
24415565328	71415989
24455525328	31455989
24495485328	6625552
24535445328	78462880
24575405328	38502880
24615365328	10799062
24655325328	89474019
24695285328	49514019
24735245328	16661030
24775205328	95654766
24815165328	55694766
24855125328	22496444
24895085328	97491564
24935045328	57531564
24975005328	24350651
25014965328	100554828
25054925328	60594828
25094885328	20634828
25134845328	119621163
25174805328	79661163
25214765328	39701163
25254725328	11012111
25294685328	91723918
25334645328	51763918
25374605328	18933148
25414565328	98267719
25454525328	58307719
25494485328	25285522
25534445328	100647806
25574405328	60687806
25614365328	20727806
25654325328	113150626
25694285328	73190626
25734245328	33230626
25774205328	5647281
25814165328	81258759
25854125328	41298759
25894085328	10516484
25934045328	87146337
25974005328	47186337
26013965328	13975404
26053925328	91029020
26093885328	51069020
26133845328	17859661
26173805328	102082699
26213765328	62122699
26253725328	22162699
26293685328	109065352
26333645328	69105352
26373605328	29145352
26413565328	94840332
26453525328	73320412
26493485328	33360412
26533445328	5716678
26573405328	87020663
26613365328	47060663
26653325328	16041789
26693285328	99326213
26733245328	59366213
26773205328	26602372
26813165328	106351899
26853125328	66391899
26893085328	26431899
26933045328	110230735
26973005328	70270735
27012965328	30310735
27052925328	97075603
27092885328	76015331
27132845328	36055331
27172805328	8548028
27212765328	90883825
27252725328	50923825
27292685328	20366666
27332645328	99650964
27372605328	59690964
27412565328	19730964
27452525328	105654651
27492485328	65694651
27532445328	25734651
27572405328	108526380
27612365328	68566380
27652325328	28606380
27692285328	98857920
27732245328	78858870
27772205328	38898870
27812165328	11665954
27852125328	85616885
27892085328	45656885
27932045328	14700667
27972005328	99753318
28011965328	59793318
28051925328	19833318
28091885328	106916494
28131845328	66956494
28171805328	26996494
28211765328	120921353
28251725328	80961353
28291685328	41001353
28331645328	8893472
28371605328	89063313
28411565328	49103313
28451525328	16535855
28491485328	96109639
28531445328	56149639
28571405328	23416082
28611365328	105643142
28651325328	65683142
28691285328	25723142
28731245328	99687330
28771205328	80258932
28811165328	40298932
28851125328	7958843
28891085328	87303849
28931045328	47343849
28971005328	14726377
29010965328	91859878
29050925328	51899878
29090885328	19476487
29130845328	99241479
29170805328	59281479
29210765328	27284372
29250725328	114213932
29290685328	74253932
29330645328	34293932
29370605328	15960855
29410565328	92866385
29450525328	52906385
29490485328	20670181
29530445328	99602321
29570405328	59642321
29610365328	19682321
29650325328	107859303
29690285328	67899303
29730245328	27939303
29770205328	100761582
29810165328	81655564
29850125328	41695564
29890085328	9591533
29930045328	89747603
29970005328	49787603
30009965328	18692122
30049925328	106922191
30089885328	66962191
30129845328	27002191
30169805328	98473016
30209765328	79050932
30249725328	39090932
30289685328	12445819
30329645328	93911914
30369605328	53951914
30409565328	22438606
30449525328	104626098
30489485328	64666098
30529445328	24706098
30569405328	114971517
30609365328	75011517
30649325328	35051517
30689285328	8608542
30729245328	90896634
30769205328	50936634
30809165328	23569963
30849125328	111927122
30889085328	71967122
30929045328	32007122
30969005328	5902404
31008965328	85834987
31048925328	45874987
31088885328	14902415
31128845328	99243473
31168805328	59283473
31208765328	28293719
31248725328	106489484
31288685328	66529484
31328645328	26569484
31368605328	123176160
31408565328	83216160
31448525328	43256160
31488485328	13542382
31528445328	91996078
31568405328	52036078
31608365328	19783646
31648325328	102050270
31688285328	62090270
31728245328	22130270
31768205328	111702522
31808165328	71742522
31848125328	31782522
31888085328	107823066
31928045328	91120846
31968005328	51160846
32007965328	20394350
32047925328	101976950
32087885328	62016950
32127845328	22056950
32167805328	104099828
32207765328	84885488
32247725328	44925488
32287685328	13158049
32327645328	95405841
32367605328	55445841
32407565328	23451115
32447525328	107863013
32487485328	67903013
32527445328	27943013
32567405328	93414743
32607365328	73058318
32647325328	33098318
32687285328	6396264
32727245328	83021526
32767205328	43061526
32807165328	11211772
32847125328	102688164
32887085328	62728164
32927045328	34279158
32967005328	124456315
33006965328	84496315
33046925328	44536315
33086885328	14949645
33126845328	95903280
33166805328	55943280
33206765328	24609640
33246725328	108506766
33286685328	68546766
33326645328	28586766
33366605328	100528357
33406565328	81771647
33446525328	41811647
33486485328	10225113
33526445328	103296813
33566405328	63336813
33606365328	36327960
33646325328	94634771
33686285328	75103916
33726245328	35143916
33766205328	8798665
33806165328	86425241
33846125328	46465241
33886085328	15508057
33926045328	100351716
33966005328	60391716
34005965328	29146435
34045925328	115547911
34085885328	75587911
34125845328	35627911
34165805328	9613898
34205765328	87827656
34245725328	47867656
34285685328	18532341
34325645328	102353930
34365605328	62393930
34405565328	22433930
34445525328	113290488
34485485328	73330488
34525445328	33370488
34565405328	7397221
34605365328	87735722
34645325328	47775722
34685285328	16505874
34725245328	96657504
34765205328	56697504
34805165328	25305288
34845125328	110041211
34885085328	70081211
34925045328	30121211
34965005328	13791830
35004965328	91470956
35044925328	51510956
35084885328	20357818
35124845328	107077061
35164805328	67117061
35204765328	27157061
35244725328	96151720
35284685328	77230755
35324645328	37270755
35364605328	11200427
35404565328	91427118
35444525328	51467118
35484485328	20446783
35524445328	103711342
35564405328	63751342
35604365328	23791342
35644325328	99914992
35684285328	82143938
35724245328	42183938
35764205328	11104751
35804165328	91788425
35844125328	51828425
35884085328	20582495
35924045328	106543729
35964005328	66583729
36003965328	26623729
36043925328	97108052
36083885328	78800124
36123845328	38840124
36163805328	13165296
36203765328	97284258
36243725328	57324258
36283685328	26730206
36323645328	116050838
36363605328	76090838
36403565328	36130838
36443525328	13475822
36483485328	94623355
36523445328	54663355
36563405328	23808273
36603365328	110805191
36643325328	70845191
36683285328	30885191
36723245328	5607986
36763205328	89859576
36803165328	49899576
36843125328	19301989
36883085328	101925843
36923045328	61965843
36963005328	22005843
37002965328	153555867
37042925328	113595867
37082885328	73635867
37122845328	160184736
37162805328	148622972
37202765328	108662972
37242725328	68702972
37282685328	28742972
37322645328	145623909
37362605328	105663909
37402565328	65703909
37442525328	156933376
37482485328	145371213
37522445328	105411213
37562405328	65451213
37602365328	146147221
37642325328	137574017
37682285328	97614017
37722245328	57654017
37762205328	142822088
37802165328	133020437
37842125328	93060437
37882085328	53100437
37922045328	148683182
37962005328	138327410
38001965328	98367410
38041925328	58407410
38081885328	138679023
38121845328	124841561
38161805328	84881561
38201765328	44921561
38241725328	126470169
38281685328	112086466
38321645328	72126466
38361605328	32166466
38401565328	148535782
38441525328	108575782
38481485328	68615782
38521445328	149482810
38561405328	134686336
38601365328	94726336
38641325328	54766336
38681285328	140058362
38721245328	125884532
38761205328	85924532
38801165328	45964532
38841125328	130941500
38881085328	116533236
38921045328	76573236
38961005328	36613236
39000965328	155178899
39040925328	115218899
39080885328	75258899
39120845328	35298899
39160805328	145489383
39200765328	105529383
39240725328	65569383
39280685328	25609383
39320645328	125352291
39360605328	85392291
39400565328	45432291
39440525328	119943533
39480485328	102461769
39520445328	62501769
39560405328	22541769
39600365328	133384947
39640325328	93424947
39680285328	53464947
39720245328	131036261
39760205328	117156034
39800165328	77196034
39840125328	37236034
39880085328	1931372015
39920045328	1891412015
