10000	42366810
40010000	8079979
80010000	932908
120010000	873604
160010000	881973
200010000	735149
240010000	779211
280010000	1051692
320010000	1173745
360010000	1095830
400010000	1146855
440010000	786577
480010000	829633
520010000	1237112
560010000	735580
600010000	651047
640010000	697560
680010000	1147609
720010000	840536
760010000	1108832
800010000	658305
840010000	851110
880010000	766021
920010000	881138
960010000	753197
1000010000	598159
1040010000	730115
1080010000	832834
1120010000	782182
1160010000	818857
1200010000	764325
1240010000	779566
1280010000	629460
1320010000	828020
1360010000	694852
1400010000	797420
1440010000	497615
1480010000	753198
1520010000	624829
1560010000	785670
1600010000	766416
1640010000	832223
1680010000	604506
1720010000	482566
1760010000	615932
1800010000	761140
1840010000	590176
1880010000	857604
1920010000	867893
1960010000	648051
2000010000	744944
2040010000	782443
2080010000	756993
2120010000	770675
2160010000	559688
2200010000	795847
2240010000	684966
2280010000	745260
2320010000	744680
2360010000	717464
2400010000	808061
2440010000	724706
2480010000	784653
2520010000	868843
2560010000	642322
2600010000	518557
2640010000	926264
2680010000	718161
2720010000	711280
2760010000	565395
2800010000	608504
2840010000	691464
2880010000	645365
2920010000	779288
2960010000	872242
3000010000	608887
3040010000	872809
3080010000	722988
3120010000	998602
3160010000	858258
3200010000	556926
3240010000	608324
3280010000	893197
3320010000	555282
3360010000	881544
3400010000	733684
3440010000	634624
3480010000	809665
3520010000	839801
3560010000	679706
3600010000	797264
3640010000	635902
3680010000	526110
3720010000	610561
3760010000	867824
3800010000	585730
3840010000	799296
3880010000	504059
3920010000	802997
3960010000	687368
4000010000	828416
4040010000	631330
4080010000	468934
4120010000	715180
4160010000	932819
4200010000	460429
4240010000	565692
4280010000	889562
4320010000	666489
4360010000	779164
4400010000	806167
4440010000	852520
4480010000	574048
4520010000	862386
4560010000	835957
4600010000	541400
4640010000	633130
4680010000	807494
4720010000	660978
4760010000	706629
4800010000	933464
4840010000	520970
4880010000	666978
4920010000	957170
4960010000	773449
5000010000	695981
5040010000	518127
5080010000	585985
5120010000	948960
5160010000	798318
5200010000	464870
5240010000	690728
5280010000	842382
5320010000	832615
5360010000	774604
5400010000	918375
5440010000	646732
5480010000	726188
5520010000	786279
5560010000	806235
5600010000	1011614
5640010000	680558
5680010000	652444
5720010000	859723
5760010000	514920
5800010000	849427
5840010000	778114
5880010000	1009433
5920010000	661548
5960010000	707021
6000010000	768525
6040010000	686030
6080010000	908039
6120010000	834032
6160010000	474817
6200010000	487620
6240010000	738576
6280010000	691148
6320010000	719514
6360010000	857969
6400010000	830434
6440010000	528103
6480010000	460451
6520010000	714248
6560010000	529993
6600010000	500931
6640010000	679668
6680010000	698065
6720010000	788367
6760010000	710716
6800010000	1020058
6840010000	898948
6880010000	741751
6920010000	749464
6960010000	502301
7000010000	583475
7040010000	734866
7080010000	642596
7120010000	503509
7160010000	795083
7200010000	525577
7240010000	499304
7280010000	687147
7320010000	749249
7360010000	487877
7400010000	887403
7440010000	542729
7480010000	927722
7520010000	930089
7560010000	462479
7600010000	506407
7640010000	589868
7680010000	549117
7720010000	744860
7760010000	523040
7800010000	838328
7840010000	732615
7880010000	626250
7920010000	602862
7960010000	662957
8000010000	912700
8040010000	835982
8080010000	654609
8120010000	625091
8160010000	931588
8200010000	711829
8240010000	806313
8280010000	684187
8320010000	943976
8360010000	463120
8400010000	547729
8440010000	456133
8480010000	677264
8520010000	841129
8560010000	673176
8600010000	953919
8640010000	876930
8680010000	522410
8720010000	642376
8760010000	810089
8800010000	744128
8840010000	459400
8880010000	757387
8920010000	499435
8960010000	707131
9000010000	744043
9040010000	612464
9080010000	879010
9120010000	487491
9160010000	802883
9200010000	809581
9240010000	693939
9280010000	483434
9320010000	682599
9360010000	696286
9400010000	794234
9440010000	797653
9480010000	895811
9520010000	906209
9560010000	801223
9600010000	627728
9640010000	712321
9680010000	813236
9720010000	758280
9760010000	709073
9800010000	654278
9840010000	501886
9880010000	649909
9920010000	847980
9960010000	700118
10000010000	6096469
10040010000	716739
10080010000	564439
10120010000	922645
10160010000	819150
10200010000	705670
10240010000	967499
10280010000	560977
10320010000	978814
10360010000	523774
10400010000	662337
10440010000	516877
10480010000	702056
10520010000	826400
10560010000	784299
10600010000	807602
10640010000	773506
10680010000	738082
10720010000	623602
10760010000	902422
10800010000	863228
10840010000	519191
10880010000	811216
10920010000	574665
10960010000	669440
11000010000	879068
11040010000	627966
11080010000	895410
11120010000	797790
11160010000	847642
11200010000	675839
11240010000	461267
11280010000	829886
11320010000	954218
11360010000	512779
11400010000	747616
11440010000	468074
11480010000	716264
11520010000	881803
11560010000	777355
11600010000	959822
11640010000	827666
11680010000	826497
11720010000	846840
11760010000	696858
11800010000	663169
11840010000	578928
11880010000	811305
11920010000	830575
11960010000	485934
12000010000	579997
12040010000	859854
12080010000	945147
12120010000	605652
12160010000	681048
12200010000	614413
12240010000	515968
12280010000	754770
12320010000	695070
12360010000	616965
12400010000	867943
12440010000	463651
12480010000	478132
12520010000	844801
12560010000	841204
12600010000	480971
12640010000	516549
12680010000	585805
12720010000	610965
12760010000	683991
12800010000	829960
12840010000	563593
12880010000	554751
12920010000	740111
12960010000	899649
13000010000	592435
13040010000	507352
13080010000	785828
13120010000	547151
13160010000	549705
13200010000	703467
13240010000	1074730
13280010000	874033
13320010000	710555
13360010000	687556
13400010000	590433
13440010000	704811
13480010000	963784
13520010000	467512
13560010000	761614
13600010000	528875
13640010000	894033
13680010000	892531
13720010000	496060
13760010000	543993
13800010000	561059
13840010000	996912
13880010000	662080
13920010000	488479
13960010000	969087
14000010000	745773
14040010000	562795
14080010000	681479
14120010000	841313
14160010000	771405
14200010000	753328
14240010000	666887
14280010000	610822
14320010000	888457
14360010000	706141
14400010000	657297
14440010000	464153
14480010000	477583
14520010000	504432
14560010000	687470
14600010000	621413
14640010000	891042
14680010000	674313
14720010000	864557
14760010000	474308
14800010000	734564
14840010000	848472
14880010000	612765
14920010000	465732
14960010000	888819
15000010000	551890
15040010000	829184
15080010000	756932
15120010000	645082
15160010000	757557
15200010000	795488
15240010000	544743
15280010000	677225
15320010000	661878
15360010000	751078
15400010000	478992
15440010000	832528
15480010000	649597
15520010000	519069
15560010000	707539
15600010000	667376
15640010000	697218
15680010000	515961
15720010000	658464
15760010000	922083
15800010000	685549
15840010000	484483
15880010000	528240
15920010000	523323
15960010000	727533
16000010000	734345
16040010000	617665
16080010000	919698
16120010000	865451
16160010000	764586
16200010000	963668
16240010000	932458
16280010000	863684
16320010000	764416
16360010000	600975
16400010000	586201
16440010000	628436
16480010000	510217
16520010000	982225
16560010000	460296
16600010000	801804
16640010000	909884
16680010000	789543
16720010000	669484
16760010000	696854
16800010000	493417
16840010000	598943
16880010000	686373
16920010000	859282
16960010000	710965
17000010000	973414
17040010000	2005474
17080010000	920783
17120010000	540887
17160010000	531313
17200010000	698558
17240010000	882735
17280010000	704869
17320010000	664548
17360010000	667307
17400010000	685955
17440010000	499174
17480010000	721930
17520010000	792193
17560010000	801541
17600010000	668970
17640010000	618593
17680010000	612551
17720010000	777076
17760010000	810916
17800010000	863705
17840010000	775386
17880010000	922576
17920010000	629955
17960010000	711769
18000010000	499793
18040010000	524095
18080010000	851201
18120010000	900201
18160010000	577501
18200010000	641252
18240010000	832689
18280010000	911131
18320010000	489676
18360010000	923326
18400010000	718269
18440010000	725767
18480010000	706221
18520010000	508531
18560010000	635679
18600010000	780384
18640010000	574556
18680010000	813715
18720010000	679124
18760010000	622772
18800010000	726917
18840010000	761881
18880010000	815975
18920010000	764943
18960010000	629988
19000010000	562313
19040010000	870823
19080010000	703348
19120010000	647791
19160010000	475199
19200010000	691023
19240010000	829477
19280010000	661515
19320010000	463373
19360010000	924021
19400010000	776306
19440010000	574351
19480010000	837863
19520010000	574327
19560010000	559012
19600010000	913815
19640010000	850003
19680010000	658213
19720010000	817628
19760010000	953998
19800010000	541603
19840010000	632741
19880010000	661020
19920010000	802313
19960010000	909207
20000010000	620463
20040010000	604615
20080010000	473029
20120010000	957639
20160010000	822286
20200010000	909502
20240010000	980964
20280010000	704774
20320010000	931845
20360010000	880839
20400010000	719946
20440010000	482124
20480010000	740900
20520010000	555954
20560010000	723775
20600010000	484493
20640010000	596487
20680010000	734822
20720010000	540808
20760010000	715157
20800010000	551846
20840010000	698739
20880010000	816292
20920010000	653527
20960010000	474220
21000010000	812045
21040010000	727190
21080010000	784129
21120010000	513372
21160010000	931040
21200010000	755925
21240010000	809843
21280010000	508920
21320010000	633213
21360010000	577323
21400010000	600506
21440010000	795755
21480010000	748548
21520010000	550499
21560010000	743622
21600010000	473997
21640010000	835929
21680010000	677857
21720010000	801430
21760010000	626509
21800010000	771111
21840010000	625549
21880010000	766626
21920010000	886359
21960010000	887677
22000010000	522765
22040010000	838370
22080010000	782676
22120010000	517728
22160010000	820408
22200010000	883805
22240010000	664344
22280010000	553658
22320010000	839287
22360010000	693470
22400010000	851548
22440010000	816318
22480010000	726191
22520010000	655147
22560010000	785126
22600010000	571703
22640010000	788070
22680010000	732399
22720010000	581673
22760010000	576128
22800010000	555427
22840010000	732520
22880010000	621946
22920010000	842227
22960010000	918478
23000010000	565599
23040010000	767539
23080010000	460103
23120010000	455693
23160010000	750541
23200010000	720638
23240010000	822574
23280010000	520336
23320010000	872900
23360010000	859377
23400010000	703577
23440010000	759802
23480010000	948733
23520010000	496705
23560010000	783359
23600010000	929662
23640010000	690003
23680010000	617598
23720010000	734832
23760010000	659325
23800010000	504454
23840010000	567703
23880010000	843426
23920010000	819087
23960010000	985669
24000010000	695492
24040010000	803442
24080010000	741274
24120010000	731819
24160010000	816463
24200010000	606997
24240010000	790140
24280010000	951778
24320010000	616877
24360010000	888855
24400010000	780011
24440010000	588818
24480010000	831269
24520010000	936770
24560010000	926135
24600010000	987174
24640010000	594046
24680010000	794515
24720010000	590496
24760010000	805405
24800010000	822556
24840010000	571540
24880010000	596063
24920010000	709372
24960010000	788575
25000010000	516606
25040010000	602473
25080010000	968004
25120010000	499343
25160010000	774865
25200010000	650991
25240010000	636062
25280010000	632396
25320010000	630097
25360010000	682069
25400010000	720937
25440010000	553326
25480010000	629166
25520010000	738664
25560010000	639504
25600010000	582751
25640010000	741176
25680010000	668500
25720010000	775652
25760010000	503817
25800010000	548492
25840010000	673413
25880010000	943563
25920010000	516285
25960010000	683543
26000010000	670159
26040010000	786342
26080010000	631576
26120010000	752358
26160010000	719715
26200010000	635808
26240010000	747767
26280010000	920267
26320010000	875811
26360010000	889545
26400010000	488900
26440010000	518379
26480010000	659837
26520010000	654748
26560010000	774859
26600010000	899398
26640010000	715398
26680010000	728061
26720010000	770034
26760010000	608220
26800010000	547947
26840010000	704551
26880010000	761526
26920010000	953440
26960010000	456101
27000010000	513727
27040010000	784741
27080010000	592329
27120010000	527276
27160010000	656701
27200010000	647190
27240010000	768459
27280010000	879400
27320010000	559765
27360010000	903447
27400010000	884476
27440010000	918215
27480010000	691662
27520010000	480330
27560010000	504802
27600010000	649231
27640010000	574440
27680010000	545319
27720010000	798294
27760010000	581023
27800010000	564825
27840010000	621314
27880010000	783121
27920010000	979350
27960010000	1000296
28000010000	633953
28040010000	919866
28080010000	942887
28120010000	648656
28160010000	703455
28200010000	613774
28240010000	1005867
28280010000	616751
28320010000	548585
28360010000	785372
28400010000	795084
28440010000	984498
28480010000	513745
28520010000	682812
28560010000	548169
28600010000	823650
28640010000	707192
28680010000	680987
28720010000	591981
28760010000	675281
28800010000	904484
28840010000	898210
28880010000	900169
28920010000	645222
28960010000	567209
29000010000	486482
29040010000	682928
29080010000	850840
29120010000	862001
29160010000	472387
29200010000	567972
29240010000	482064
29280010000	809316
29320010000	657587
29360010000	497644
29400010000	448137
29440010000	802291
29480010000	503695
29520010000	846016
29560010000	583527
29600010000	722510
29640010000	797239
29680010000	525481
29720010000	869769
29760010000	655220
29800010000	674346
29840010000	753789
29880010000	778959
29920010000	776032
29960010000	609840
30000010000	1738823
30040010000	559176
30080010000	595757
30120010000	791693
30160010000	627072
30200010000	580226
30240010000	460938
30280010000	821279
30320010000	461192
30360010000	487326
30400010000	813521
30440010000	681913
30480010000	589544
30520010000	896910
30560010000	800664
30600010000	582211
30640010000	692329
30680010000	485113
30720010000	834916
30760010000	757006
30800010000	726283
30840010000	548608
30880010000	669816
30920010000	798060
30960010000	603394
31000010000	834620
31040010000	772129
31080010000	662743
31120010000	600831
31160010000	863386
31200010000	733897
31240010000	464394
31280010000	666009
31320010000	816602
31360010000	728023
31400010000	832177
31440010000	459029
31480010000	853081
31520010000	770479
31560010000	812302
31600010000	714291
31640010000	714995
31680010000	480013
31720010000	693795
31760010000	733048
31800010000	840385
31840010000	681154
31880010000	638719
31920010000	533762
31960010000	454635
32000010000	760423
32040010000	667059
32080010000	773570
32120010000	697070
32160010000	935537
32200010000	671039
32240010000	584690
32280010000	894401
32320010000	584206
32360010000	628474
32400010000	558438
32440010000	834529
32480010000	736404
32520010000	882694
32560010000	591745
32600010000	703819
32640010000	922025
32680010000	584317
32720010000	820862
32760010000	561889
32800010000	682095
32840010000	940001
32880010000	459986
32920010000	850413
32960010000	940927
33000010000	874275
33040010000	714652
33080010000	623235
33120010000	868861
33160010000	545632
33200010000	485331
33240010000	870045
33280010000	716562
33320010000	483343
33360010000	632825
33400010000	880895
33440010000	551334
33480010000	931762
33520010000	596435
33560010000	672120
33600010000	768792
33640010000	775857
33680010000	845989
33720010000	629995
33760010000	835731
33800010000	732400
33840010000	933195
33880010000	526758
33920010000	759016
33960010000	532741
34000010000	569865
34040010000	902911
34080010000	3493566
34120010000	841315
34160010000	661003
34200010000	665779
34240010000	757895
34280010000	670044
34320010000	795213
34360010000	858474
34400010000	542558
34440010000	464186
34480010000	769138
34520010000	605618
34560010000	764666
34600010000	476749
34640010000	700770
34680010000	881333
34720010000	671906
34760010000	823724
34800010000	896147
34840010000	490499
34880010000	865112
34920010000	849489
34960010000	890307
35000010000	806190
35040010000	876459
35080010000	780105
35120010000	572057
35160010000	919801
35200010000	684006
35240010000	585933
35280010000	533654
35320010000	608781
35360010000	467184
35400010000	777621
35440010000	820382
35480010000	641428
35520010000	467046
35560010000	514466
35600010000	598276
35640010000	517321
35680010000	701987
35720010000	695439
35760010000	669021
35800010000	780815
35840010000	584021
35880010000	532848
35920010000	815038
35960010000	827256
36000010000	641635
36040010000	930344
36080010000	944615
36120010000	563861
36160010000	556223
36200010000	530925
36240010000	903152
36280010000	569850
36320010000	768210
36360010000	669600
36400010000	976307
36440010000	780214
36480010000	501655
36520010000	709157
36560010000	467671
36600010000	813476
36640010000	692480
36680010000	869243
36720010000	801898
36760010000	639397
36800010000	685180
36840010000	786058
36880010000	621525
36920010000	568900
36960010000	756492
37000010000	602882
37040010000	878031
37080010000	828409
37120010000	887518
37160010000	602717
37200010000	693481
37240010000	713030
37280010000	755682
37320010000	507614
37360010000	530936
37400010000	462343
37440010000	935744
37480010000	679583
37520010000	477273
37560010000	660011
37600010000	715205
37640010000	545319
37680010000	938274
37720010000	833074
37760010000	651974
37800010000	755880
37840010000	728199
37880010000	518165
37920010000	485300
37960010000	767675
38000010000	518989
38040010000	552588
38080010000	686427
38120010000	555855
38160010000	763193
38200010000	714599
38240010000	903943
38280010000	698517
38320010000	938733
38360010000	759748
38400010000	458336
38440010000	790865
38480010000	488596
38520010000	741798
38560010000	898267
38600010000	620367
38640010000	696983
38680010000	599975
38720010000	616818
38760010000	605245
38800010000	455723
38840010000	518037
38880010000	892593
38920010000	765010
38960010000	590741
39000010000	778936
39040010000	543022
39080010000	720621
39120010000	913040
39160010000	751902
39200010000	703526
39240010000	853993
39280010000	789635
39320010000	725036
39360010000	609810
39400010000	469805
39440010000	761962
39480010000	765576
39520010000	776360
39560010000	484391
39600010000	651392
39640010000	585937
39680010000	570417
39720010000	722284
39760010000	774677
39800010000	919537
39840010000	754962
39880010000	622923
39920010000	616839
39960010000	644360
