16000	11476566
40016000	10311531
80016000	13701843
120016000	9430180
160016000	12290938
200016000	8165958
240016000	11080616
280016000	14071902
320016000	9894879
360016000	12694359
400016000	8417267
440016000	11409761
480016000	7284198
520016000	10454720
560016000	13519772
600016000	9474558
640016000	12554362
680016000	8493440
720016000	11645797
760016000	7623947
800016000	10637510
840016000	13657353
880016000	9551291
920016000	12780581
960016000	8681178
1000016000	11829858
1040016000	7763877
1080016000	10737539
1120016000	13873995
1160016000	9828544
1200016000	12899393
1240016000	8761290
1280016000	11977077
1320016000	7872512
1360016000	10963790
1400016000	14069896
1440016000	10038159
1480016000	13119439
1520016000	9070973
1560016000	12136906
1600016000	8096490
1640016000	11243012
1680016000	7233599
1720016000	10283560
1760016000	13405630
1800016000	9305880
1840016000	12395119
1880016000	8327964
1920016000	11416568
1960016000	7425564
2000016000	10490031
2040016000	13563681
2080016000	9439289
2120016000	7432435
2160016000	10278771
2200016000	13150359
2240016000	8797734
2280016000	11673020
2320016000	7438742
2360016000	10344896
2400016000	13320503
2440016000	9083202
2480016000	12188577
2520016000	8111425
2560016000	11218448
2600016000	14318641
2640016000	10354560
2680016000	13434623
2720016000	9390444
2760016000	12492995
2800016000	8429285
2840016000	11486873
2880016000	7363664
2920016000	10322092
2960016000	13472326
3000016000	9337148
3040016000	12441136
3080016000	8351986
3120016000	11507712
3160016000	7469023
3200016000	10582146
3240016000	13716884
3280016000	9585577
3320016000	12660904
3360016000	8659091
3400016000	11748263
3440016000	7646327
3480016000	10715980
3520016000	13722747
3560016000	9647273
3600016000	12717110
3640016000	8693116
3680016000	11781488
3720016000	7663921
3760016000	10757795
3800016000	13873800
3840016000	9833973
3880016000	13010654
3920016000	8911817
3960016000	12108509
4000016000	8062177
4040016000	11161864
4080016000	14127379
4120016000	9976477
4160016000	13102882
4200016000	12493481
4240016000	8237087
4280016000	11196198
4320016000	14175664
4360016000	9938607
4400016000	12886515
4440016000	8668883
4480016000	11528589
4520016000	7298585
4560016000	10219936
4600016000	13157213
4640016000	8898714
4680016000	11754664
4720016000	7527109
4760016000	10381353
4800016000	13331056
4840016000	9295791
4880016000	12462169
4920016000	8322482
4960016000	11477615
5000016000	7338386
5040016000	10460582
5080016000	13586730
5120016000	9619582
5160016000	12722364
5200016000	8646810
5240016000	11745151
5280016000	7731130
5320016000	10714932
5360016000	13793007
5400016000	9686927
5440016000	12767606
5480016000	8689031
5520016000	11808251
5560016000	7720240
5600016000	10906409
5640016000	13984428
5680016000	9856817
5720016000	13005692
5760016000	9038888
5800016000	12136207
5840016000	8218242
5880016000	11157794
5920016000	14258066
5960016000	10164399
6000016000	13185089
6040016000	9101992
6080016000	12269618
6120016000	8215822
6160016000	11347486
6200016000	7266407
6240016000	10331954
6280016000	13482823
6320016000	11332140
6360016000	14337583
6400016000	10062270
6440016000	12989883
6480016000	8796870
6520016000	11661117
6560016000	7435246
6600016000	10408403
6640016000	13362590
6680016000	9042406
6720016000	12042649
6760016000	8012673
6800016000	11198110
6840016000	14361499
6880016000	10181040
6920016000	13267411
6960016000	9132072
7000016000	12252586
7040016000	8163443
7080016000	11330355
7120016000	7160677
7160016000	10182039
7200016000	13274414
7240016000	9215491
7280016000	12251353
7320016000	8221763
7360016000	11395288
7400016000	7199289
7440016000	10332469
7480016000	13435472
7520016000	9320232
7560016000	12430843
7600016000	8390800
7640016000	11485244
7680016000	7524687
7720016000	10617412
7760016000	13635913
7800016000	9544625
7840016000	12668759
7880016000	8553951
7920016000	11707944
7960016000	7570053
8000016000	10700574
8040016000	13716980
8080016000	9617715
8120016000	12769560
8160016000	8660399
8200016000	11826052
8240016000	7718091
8280016000	10845439
8320016000	14187179
8360016000	9936846
8400016000	9920235
8440016000	12807565
8480016000	8568141
8520016000	11501892
8560016000	7225721
8600016000	10185040
8640016000	13078992
8680016000	8824595
8720016000	11766381
8760016000	7587907
8800016000	10500695
8840016000	13430539
8880016000	9179447
8920016000	12099136
8960016000	7814423
9000016000	10725730
9040016000	13618707
9080016000	9399478
9120016000	12500089
9160016000	8402149
9200016000	11471740
9240016000	7563648
9280016000	10526161
9320016000	13862945
9360016000	9655311
9400016000	12566880
9440016000	8465430
9480016000	11595868
9520016000	7441648
9560016000	10526332
9600016000	13682591
9640016000	9646500
9680016000	12755337
9720016000	8689246
9760016000	11785537
9800016000	7693620
9840016000	10763234
9880016000	13782462
9920016000	9710428
9960016000	12714038
10000016000	67950610
10040016000	35095306
10080016000	9406078
10120016000	12384637
10160016000	8175721
10200016000	11164416
10240016000	14126853
10280016000	9938223
10320016000	12829722
10360016000	8521081
10400016000	11415060
10440016000	7198429
10480016000	10145994
10520016000	13580674
10560016000	9334787
10600016000	12209437
10640016000	8000225
10680016000	10939404
10720016000	13769098
10760016000	9529757
10800016000	12385448
10840016000	8337515
10880016000	11395543
10920016000	7311288
10960016000	10371292
11000016000	13491943
11040016000	9410076
11080016000	12595482
11120016000	8532094
11160016000	11598349
11200016000	7525683
11240016000	10590188
11280016000	13661407
11320016000	9519916
11360016000	13142127
11400016000	9121169
11440016000	12213573
11480016000	8077259
11520016000	11168847
11560016000	14345473
11600016000	10820025
11640016000	13736807
11680016000	9520879
11720016000	12756812
11760016000	8648786
11800016000	11832600
11840016000	7824845
11880016000	10882242
11920016000	13958406
11960016000	9847059
12000016000	13017280
12040016000	8899844
12080016000	12054829
12120016000	7988388
12160016000	11118456
12200016000	14236611
12240016000	10116751
12280016000	13140953
12320016000	9227652
12360016000	12307426
12400016000	8364009
12440016000	11383231
12480016000	7324739
12520016000	10355508
12560016000	13489685
12600016000	8264856
12640016000	11181095
12680016000	14089188
12720016000	9839302
12760016000	12613133
12800016000	8386035
12840016000	11332120
12880016000	14260371
12920016000	9985180
12960016000	12928192
13000016000	8644315
13040016000	11549548
13080016000	7352356
13120016000	10225152
13160016000	13080814
13200016000	8740728
13240016000	11637452
13280016000	7392332
13320016000	10272681
13360016000	13137691
13400016000	8845367
13440016000	11772351
13480016000	7517551
13520016000	10434363
13560016000	13345717
13600016000	9090664
13640016000	12016637
13680016000	7941818
13720016000	11100376
13760016000	14217133
13800016000	10099340
13840016000	13102030
13880016000	9100520
13920016000	12293007
13960016000	8162228
14000016000	11245070
14040016000	7249122
14080016000	10310026
14120016000	13452184
14160016000	9310826
14200016000	12432737
14240016000	8356994
14280016000	11454792
14320016000	7511138
14360016000	10594277
14400016000	13701438
14440016000	9659756
14480016000	12740175
14520016000	8591956
14560016000	11784022
14600016000	7697743
14640016000	10653712
14680016000	16288045
14720016000	12503006
14760016000	8257449
14800016000	11200322
14840016000	14005120
14880016000	9765301
14920016000	12736923
14960016000	8573770
15000016000	11459789
15040016000	7169888
15080016000	10148488
15120016000	13042941
15160016000	8798819
15200016000	11702186
15240016000	7412833
15280016000	10430044
15320016000	13763480
15360016000	9457696
15400016000	12504240
15440016000	8463474
15480016000	11577365
15520016000	7539404
15560016000	10627342
15600016000	13623581
15640016000	9654257
15680016000	12619171
15720016000	8532321
15760016000	11671916
15800016000	7647294
15840016000	10774725
15880016000	13845293
15920016000	9685138
15960016000	12714744
16000016000	8673477
16040016000	11782218
16080016000	7709815
16120016000	10803356
16160016000	13880899
16200016000	9717658
16240016000	12843012
16280016000	8850709
16320016000	12032930
16360016000	7826173
16400016000	10892049
16440016000	14033809
16480016000	9909769
16520016000	13062708
16560016000	8946282
16600016000	12092227
16640016000	8016213
16680016000	11073897
16720016000	14207417
16760016000	10156679
16800016000	11124347
16840016000	14041998
16880016000	9788908
16920016000	12701161
16960016000	8538247
17000016000	11524434
17040016000	7319347
17080016000	10195914
17120016000	13141177
17160016000	8865040
17200016000	11821414
17240016000	7548585
17280016000	10329137
17320016000	13200371
17360016000	8990277
17400016000	11849330
17440016000	7572122
17480016000	10456602
17520016000	13421483
17560016000	9153684
17600016000	12071665
17640016000	7803791
17680016000	10747593
17720016000	13767573
17760016000	9719295
17800016000	12741467
17840016000	8993318
17880016000	12135563
17920016000	8041453
17960016000	11153976
18000016000	14246867
18040016000	10214840
18080016000	13326081
18120016000	9205191
18160016000	12279842
18200016000	8124524
18240016000	11341826
18280016000	7288116
18320016000	10345292
18360016000	13455612
18400016000	9334143
18440016000	12412601
18480016000	8285097
18520016000	11464042
18560016000	7290223
18600016000	10398683
18640016000	13480301
18680016000	9364924
18720016000	12495431
18760016000	8454282
18800016000	11536070
18840016000	7557711
18880016000	13470825
18920016000	9254732
18960016000	12194735
19000016000	7869447
19040016000	10698874
19080016000	13526038
19120016000	9305694
19160016000	12208939
19200016000	7939332
19240016000	10891975
19280016000	13780426
19320016000	9529189
19360016000	12470645
19400016000	8354659
19440016000	11457086
19480016000	7314336
19520016000	10382189
19560016000	13512664
19600016000	9420281
19640016000	12526977
19680016000	8486210
19720016000	11613086
19760016000	7464054
19800016000	10498361
19840016000	13610868
19880016000	9609090
19920016000	12673337
19960016000	8547178
20000016000	11766885
20040016000	7663489
20080016000	10752365
20120016000	13739871
20160016000	9757350
20200016000	12933647
20240016000	8827748
20280016000	12045226
20320016000	7974823
20360016000	11052435
20400016000	14013186
20440016000	9982800
20480016000	13218869
20520016000	9166132
20560016000	12348978
20600016000	8191921
20640016000	11287824
20680016000	7287532
20720016000	10361881
20760016000	13381569
20800016000	9313699
20840016000	12429099
20880016000	8367368
20920016000	11530734
20960016000	7338164
21000016000	9169703
21040016000	12008694
21080016000	7802493
21120016000	10713556
21160016000	13554239
21200016000	9407796
21240016000	12261391
21280016000	8046777
21320016000	11033182
21360016000	13955428
21400016000	9715802
21440016000	12627268
21480016000	8436920
21520016000	11340912
21560016000	14264875
21600016000	10026660
21640016000	12989386
21680016000	8838917
21720016000	11739280
21760016000	7426367
21800016000	10302416
21840016000	13197275
21880016000	8901491
21920016000	11887413
21960016000	7735336
22000016000	10796449
22040016000	13946173
22080016000	9941020
22120016000	13079562
22160016000	9002749
22200016000	12276865
22240016000	8186563
22280016000	11277816
22320016000	14480566
22360016000	10388620
22400016000	13490534
22440016000	9455127
22480016000	12567819
22520016000	8484360
22560016000	11600795
22600016000	7514152
22640016000	10529048
22680016000	13646288
22720016000	9550350
22760016000	12632911
22800016000	8534872
22840016000	11646320
22880016000	7567268
22920016000	10548353
22960016000	13558211
23000016000	9453680
23040016000	12602775
23080016000	11431866
23120016000	7161123
23160016000	10071852
23200016000	12964212
23240016000	8652103
23280016000	11566491
23320016000	7330949
23360016000	10233288
23400016000	13109305
23440016000	8783326
23480016000	11664159
23520016000	7433136
23560016000	10330120
23600016000	13301997
23640016000	9264630
23680016000	12337535
23720016000	8315537
23760016000	11390471
23800016000	7290601
23840016000	10334519
23880016000	13472942
23920016000	9335968
23960016000	12545202
24000016000	8524483
24040016000	11752646
24080016000	7622467
24120016000	10758081
24160016000	13774258
24200016000	9681374
24240016000	12809748
24280016000	8763130
24320016000	12529570
24360016000	8321898
24400016000	11234849
24440016000	14193885
24480016000	10183065
24520016000	13208632
24560016000	9134826
24600016000	12190853
24640016000	8242330
24680016000	11304086
24720016000	14359135
24760016000	10259799
24800016000	13261728
24840016000	9164676
24880016000	12175723
24920016000	8135020
24960016000	11188838
25000016000	14242702
25040016000	10088801
25080016000	13132700
25120016000	9157127
25160016000	12216106
25200016000	13993708
25240016000	9750707
25280016000	12641234
25320016000	8360385
25360016000	11263795
25400016000	14177101
25440016000	9894291
25480016000	12788432
25520016000	8501024
25560016000	11532848
25600016000	7275618
25640016000	10201116
25680016000	13179764
25720016000	8929951
25760016000	11861607
25800016000	7620428
25840016000	10505789
25880016000	13335539
25920016000	9072832
25960016000	11978410
26000016000	7598806
26040016000	10472757
26080016000	13367501
26120016000	9073703
26160016000	11946887
26200016000	7704534
26240016000	10595211
26280016000	13503710
26320016000	9321128
26360016000	12392273
26400016000	8294945
26440016000	11443323
26480016000	7385627
26520016000	10439665
26560016000	13452373
26600016000	9479964
26640016000	12524876
26680016000	8424276
26720016000	11558658
26760016000	7449060
26800016000	10622589
26840016000	13700187
26880016000	9568605
26920016000	12747492
26960016000	8688014
27000016000	11713652
27040016000	7687595
27080016000	10873243
27120016000	14008504
27160016000	9988859
27200016000	13160405
27240016000	8934048
27280016000	7294818
27320016000	10179135
27360016000	13050046
27400016000	8774462
27440016000	11710608
27480016000	7537864
27520016000	10434438
27560016000	13343695
27600016000	9037881
27640016000	11955170
27680016000	7752101
27720016000	10632604
27760016000	13588897
27800016000	9508773
27840016000	12525753
27880016000	8538389
27920016000	11625179
27960016000	7577528
28000016000	10633914
28040016000	13762266
28080016000	10388980
28120016000	13302401
28160016000	9048714
28200016000	12128879
28240016000	8013092
28280016000	11126834
28320016000	14293391
28360016000	10217699
28400016000	13304574
28440016000	9297777
28480016000	12382640
28520016000	8241971
28560016000	11423246
28600016000	7343691
28640016000	10463149
28680016000	13621797
28720016000	9434461
28760016000	12434303
28800016000	8285135
28840016000	11366830
28880016000	7327197
28920016000	10431990
28960016000	13536187
29000016000	9435390
29040016000	12565837
29080016000	8459969
29120016000	11439593
29160016000	7304933
29200016000	10352282
29240016000	13403406
29280016000	9332745
29320016000	12422148
29360016000	10847692
29400016000	7710865
29440016000	10655198
29480016000	13524807
29520016000	9227253
29560016000	12122126
29600016000	7885394
29640016000	10735286
29680016000	13671016
29720016000	9406922
29760016000	12371802
29800016000	8153901
29840016000	11013656
29880016000	13951377
29920016000	9667634
29960016000	12644005
30000016000	11117508
30040016000	14072513
30080016000	10047030
30120016000	13177713
30160016000	9085033
30200016000	12214440
30240016000	8158248
30280016000	11234371
30320016000	14306874
30360016000	10185615
30400016000	13363257
30440016000	9298564
30480016000	12369856
30520016000	8372564
30560016000	11502081
30600016000	7444317
30640016000	10464722
30680016000	13502368
30720016000	9387075
30760016000	12476787
30800016000	8436907
30840016000	11642838
30880016000	7614304
30920016000	10707832
30960016000	13792175
31000016000	9613034
31040016000	12778737
31080016000	8752240
31120016000	11898337
31160016000	7798253
31200016000	10880108
31240016000	14035350
31280016000	9933646
31320016000	13373458
31360016000	9093844
31400016000	12152342
31440016000	8129939
31480016000	14139641
31520016000	9862767
31560016000	12708436
31600016000	8458047
31640016000	11394687
31680016000	7203784
31720016000	10127007
31760016000	13028506
31800016000	8798817
31840016000	11698330
31880016000	7457589
31920016000	10390943
31960016000	13360863
32000016000	9055517
32040016000	12199285
32080016000	8119423
32120016000	11233975
32160016000	14275659
32200016000	10341561
32240016000	13333632
32280016000	9216001
32320016000	12530627
32360016000	8348615
32400016000	11390126
32440016000	7302197
32480016000	10385845
32520016000	13390257
32560016000	9263995
32600016000	12394793
32640016000	8320991
32680016000	11367654
32720016000	7323345
32760016000	10461995
32800016000	13627640
32840016000	9571287
32880016000	12664813
32920016000	8622553
32960016000	11844129
33000016000	7690974
33040016000	10751046
33080016000	13763246
33120016000	9648835
33160016000	12767455
33200016000	8639961
33240016000	11663669
33280016000	7569677
33320016000	10825891
33360016000	13829422
33400016000	9696273
33440016000	12867172
33480016000	8781996
33520016000	11795396
33560016000	13036192
33600016000	9557480
33640016000	12498829
33680016000	8258650
33720016000	11141529
33760016000	14085207
33800016000	9890366
33840016000	12818254
33880016000	8554794
33920016000	11490097
33960016000	7167301
34000016000	10196583
34040016000	13009175
34080016000	8740981
34120016000	11580410
34160016000	7299394
34200016000	10130817
34240016000	12946480
34280016000	8640717
34320016000	11549745
34360016000	7247520
34400016000	10156011
34440016000	13016904
34480016000	8724574
34520016000	11614831
34560016000	7364016
34600016000	10351182
34640016000	13469475
34680016000	9427753
34720016000	12477334
34760016000	8413565
34800016000	11525104
34840016000	7540471
34880016000	10473655
34920016000	13649135
34960016000	9499947
35000016000	12669378
35040016000	8497487
35080016000	11636641
35120016000	7615156
35160016000	10723138
35200016000	13809395
35240016000	9769053
35280016000	12809432
35320016000	8652324
35360016000	11801036
35400016000	7706890
35440016000	10890371
35480016000	14012418
35520016000	9890955
35560016000	12993898
35600016000	8875987
35640016000	11964694
35680016000	10247304
35720016000	13106260
35760016000	8812678
35800016000	11704912
35840016000	7483717
35880016000	10404052
35920016000	13269771
35960016000	9055627
36000016000	11957959
36040016000	7726639
36080016000	10568221
36120016000	13644331
36160016000	9573235
36200016000	12723532
36240016000	8657793
36280016000	11788202
36320016000	7720327
36360016000	10875335
36400016000	13843436
36440016000	9745297
36480016000	12934435
36520016000	8826693
36560016000	11957470
36600016000	7910323
36640016000	11008916
36680016000	14208918
36720016000	10049071
36760016000	13171792
36800016000	8990239
36840016000	12085645
36880016000	7918564
36920016000	11082960
36960016000	14225893
37000016000	10097390
37040016000	13058754
37080016000	9100551
37120016000	12147492
37160016000	8080917
37200016000	11142110
37240016000	14270816
37280016000	10123343
37320016000	13364849
37360016000	9143595
37400016000	12232483
37440016000	8165014
37480016000	11277347
37520016000	14334821
37560016000	10308305
37600016000	13527778
37640016000	9420207
37680016000	12573470
37720016000	8501243
37760016000	8366372
37800016000	11247737
37840016000	14113394
37880016000	9871641
37920016000	12805744
37960016000	8556519
38000016000	11458956
38040016000	7297008
38080016000	10214156
38120016000	13131994
38160016000	8897418
38200016000	11791153
38240016000	7558144
38280016000	10381373
38320016000	13314613
38360016000	9033122
38400016000	11880141
38440016000	7640947
38480016000	10718143
38520016000	13865705
38560016000	9851639
38600016000	12954668
38640016000	8891354
38680016000	11987386
38720016000	7915444
38760016000	11080945
38800016000	14178315
38840016000	10054920
38880016000	13128950
38920016000	9025287
38960016000	12227056
39000016000	8161941
39040016000	11304616
39080016000	7245677
39120016000	10410360
39160016000	13483854
39200016000	9374269
39240016000	12426364
39280016000	8433071
39320016000	11532009
39360016000	7440549
39400016000	10606418
39440016000	13678636
39480016000	9567101
39520016000	12659254
39560016000	8583841
39600016000	11666404
39640016000	7511971
39680016000	10607999
39720016000	13755089
39760016000	9641338
39800016000	12721980
39840016000	8623213
39880016000	7315697
39920016000	10249552
39960016000	13140668
