10000	41510353
40010000	6356005
80010000	1142829
120010000	1378161
160010000	1025107
200010000	1359223
240010000	1424789
280010000	1062621
320010000	1574913
360010000	1503746
400010000	1097255
440010000	849531
480010000	1380810
520010000	1454722
560010000	1124933
600010000	1096990
640010000	1159904
680010000	1464951
720010000	1028115
760010000	886996
800010000	1397371
840010000	1383372
880010000	1012726
920010000	890551
960010000	685670
1000010000	1212273
1040010000	947037
1080010000	1006961
1120010000	1245962
1160010000	729958
1200010000	753307
1240010000	710450
1280010000	1333661
1320010000	730648
1360010000	1024285
1400010000	1029741
1440010000	1260503
1480010000	808592
1520010000	750421
1560010000	836498
1600010000	1178032
1640010000	1197788
1680010000	1098472
1720010000	1208624
1760010000	1238904
1800010000	960020
1840010000	925069
1880010000	1171440
1920010000	1240612
1960010000	1224839
2000010000	1328466
2040010000	1289255
2080010000	1272625
2120010000	670810
2160010000	692300
2200010000	1105769
2240010000	1165672
2280010000	1215774
2320010000	970628
2360010000	740110
2400010000	843634
2440010000	1157835
2480010000	742545
2520010000	796068
2560010000	1253733
2600010000	712851
2640010000	705601
2680010000	740989
2720010000	919698
2760010000	1195971
2800010000	1163669
2840010000	1168016
2880010000	1243882
2920010000	1131941
2960010000	929802
3000010000	722612
3040010000	949628
3080010000	1106470
3120010000	1103735
3160010000	1060077
3200010000	1190951
3240010000	1154969
3280010000	1194518
3320010000	696666
3360010000	864046
3400010000	1374059
3440010000	1253139
3480010000	1266670
3520010000	1281969
3560010000	1299077
3600010000	789738
3640010000	857057
3680010000	999826
3720010000	1164920
3760010000	652109
3800010000	856997
3840010000	1136706
3880010000	1052293
3920010000	969784
3960010000	833620
4000010000	1221358
4040010000	699521
4080010000	1183118
4120010000	1225264
4160010000	1038808
4200010000	1118615
4240010000	1300848
4280010000	639007
4320010000	1267113
4360010000	839229
4400010000	1045123
4440010000	1159065
4480010000	1265993
4520010000	1155280
4560010000	725923
4600010000	709958
4640010000	806865
4680010000	827994
4720010000	822242
4760010000	1201569
4800010000	1043283
4840010000	1350842
4880010000	1231975
4920010000	776765
4960010000	1034613
5000010000	1168976
5040010000	726978
5080010000	882102
5120010000	863716
5160010000	1043576
5200010000	1102883
5240010000	1164953
5280010000	1035677
5320010000	970868
5360010000	646065
5400010000	1238363
5440010000	734881
5480010000	1247310
5520010000	693743
5560010000	881153
5600010000	1286201
5640010000	1300038
5680010000	1315045
5720010000	1239865
5760010000	1258116
5800010000	1053258
5840010000	987802
5880010000	1066104
5920010000	1181754
5960010000	1196430
6000010000	760015
6040010000	996276
6080010000	1116989
6120010000	1099578
6160010000	1195308
6200010000	1266083
6240010000	729949
6280010000	1142503
6320010000	844819
6360010000	1072324
6400010000	727138
6440010000	1176652
6480010000	1259854
6520010000	1234170
6560010000	1061527
6600010000	1325389
6640010000	1097533
6680010000	959704
6720010000	828338
6760010000	888316
6800010000	1063545
6840010000	623931
6880010000	749843
6920010000	1255954
6960010000	1145944
7000010000	1269549
7040010000	845316
7080010000	973270
7120010000	1271495
7160010000	803902
7200010000	1314021
7240010000	1096794
7280010000	874151
7320010000	962443
7360010000	1123463
7400010000	1277975
7440010000	909288
7480010000	868748
7520010000	1228569
7560010000	1015266
7600010000	1168509
7640010000	824964
7680010000	1183772
7720010000	1107449
7760010000	893838
7800010000	921376
7840010000	1092844
7880010000	782577
7920010000	749434
7960010000	746852
8000010000	885702
8040010000	974623
8080010000	987275
8120010000	1040113
8160010000	1008305
8200010000	1089574
8240010000	1238057
8280010000	1246277
8320010000	872545
8360010000	788334
8400010000	1366944
8440010000	723976
8480010000	1036601
8520010000	1289947
8560010000	795438
8600010000	705848
8640010000	704779
8680010000	686043
8720010000	1152037
8760010000	1153309
8800010000	1208761
8840010000	703601
8880010000	1313496
8920010000	645827
8960010000	1225614
9000010000	752163
9040010000	1359621
9080010000	657607
9120010000	884961
9160010000	793502
9200010000	892413
9240010000	1071395
9280010000	1336065
9320010000	864345
9360010000	1122106
9400010000	827480
9440010000	904538
9480010000	1019068
9520010000	1013535
9560010000	1374480
9600010000	946161
9640010000	1245058
9680010000	1263071
9720010000	1355344
9760010000	636450
9800010000	686395
9840010000	706471
9880010000	773437
9920010000	1286684
9960010000	1079994
10000010000	3121184
10040010000	1167749
10080010000	696611
10120010000	1002998
10160010000	1281714
10200010000	1096736
10240010000	1175227
10280010000	1221965
10320010000	675157
10360010000	753201
10400010000	920128
10440010000	933965
10480010000	877667
10520010000	943783
10560010000	990151
10600010000	970918
10640010000	1105260
10680010000	725198
10720010000	705985
10760010000	1283709
10800010000	743757
10840010000	863430
10880010000	856237
10920010000	1226601
10960010000	1162410
11000010000	1074122
11040010000	1172537
11080010000	1222006
11120010000	1030045
11160010000	1262662
11200010000	1083312
11240010000	1075271
11280010000	1036324
11320010000	1138230
11360010000	1151550
11400010000	1160337
11440010000	1083870
11480010000	1055095
11520010000	1030772
11560010000	1169327
11600010000	670253
11640010000	1292902
11680010000	671648
11720010000	762192
11760010000	792576
11800010000	1199564
11840010000	1268276
11880010000	1059824
11920010000	674111
11960010000	674635
12000010000	1265850
12040010000	1236735
12080010000	706451
12120010000	849706
12160010000	1051401
12200010000	721121
12240010000	813215
12280010000	1190436
12320010000	1239627
12360010000	962143
12400010000	1143445
12440010000	726494
12480010000	887732
12520010000	955181
12560010000	1158781
12600010000	1214771
12640010000	975047
12680010000	1027649
12720010000	994433
12760010000	720621
12800010000	760486
12840010000	729374
12880010000	817353
12920010000	945566
12960010000	1191508
13000010000	689703
13040010000	896101
13080010000	739976
13120010000	831819
13160010000	1126974
13200010000	1358712
13240010000	964622
13280010000	1226311
13320010000	1298862
13360010000	963199
13400010000	1230406
13440010000	1136268
13480010000	1287393
13520010000	838214
13560010000	1020817
13600010000	639419
13640010000	861243
13680010000	1183555
13720010000	1001570
13760010000	1049713
13800010000	1336234
13840010000	1026546
13880010000	1179147
13920010000	933724
13960010000	1020977
14000010000	1193276
14040010000	1146061
14080010000	1108527
14120010000	646715
14160010000	1290616
14200010000	1310575
14240010000	770993
14280010000	736768
14320010000	1084658
14360010000	863834
14400010000	1016550
14440010000	1197438
14480010000	1290960
14520010000	1143794
14560010000	1110602
14600010000	1250006
14640010000	811893
14680010000	983104
14720010000	1169620
14760010000	1156462
14800010000	1156834
14840010000	1264345
14880010000	1210557
14920010000	1150282
14960010000	1284532
15000010000	716815
15040010000	1078861
15080010000	1277848
15120010000	867752
15160010000	1292554
15200010000	711528
15240010000	674428
15280010000	787494
15320010000	756598
15360010000	678895
15400010000	752223
15440010000	839171
15480010000	839933
15520010000	840712
15560010000	1160142
15600010000	910720
15640010000	1248069
15680010000	730828
15720010000	999615
15760010000	929631
15800010000	1021060
15840010000	1267715
15880010000	1332529
15920010000	1005683
15960010000	940860
16000010000	1021997
16040010000	1162125
16080010000	630229
16120010000	867694
16160010000	925912
16200010000	1020177
16240010000	1188248
16280010000	1089928
16320010000	637743
16360010000	883212
16400010000	808893
16440010000	1024416
16480010000	1032250
16520010000	1041007
16560010000	944594
16600010000	1209757
16640010000	1151628
16680010000	639684
16720010000	892333
16760010000	796066
16800010000	833543
16840010000	834271
16880010000	902718
16920010000	1196053
16960010000	1209439
17000010000	778237
17040010000	2250322
17080010000	651031
17120010000	945744
17160010000	1171364
17200010000	736338
17240010000	949408
17280010000	1201490
17320010000	1378654
17360010000	1255553
17400010000	916960
17440010000	1347526
17480010000	920028
17520010000	824460
17560010000	728148
17600010000	790309
17640010000	873339
17680010000	1034412
17720010000	1297304
17760010000	697054
17800010000	1113352
17840010000	1264633
17880010000	763068
17920010000	811006
17960010000	650388
18000010000	860762
18040010000	757800
18080010000	685172
18120010000	909472
18160010000	1270337
18200010000	875420
18240010000	1282349
18280010000	783698
18320010000	1184240
18360010000	720740
18400010000	1066714
18440010000	781174
18480010000	1111437
18520010000	1113941
18560010000	885156
18600010000	748619
18640010000	954320
18680010000	1185066
18720010000	778159
18760010000	1179471
18800010000	1235912
18840010000	1150630
18880010000	829493
18920010000	885062
18960010000	1238701
19000010000	797705
19040010000	1216625
19080010000	1295386
19120010000	892515
19160010000	1068930
19200010000	1248427
19240010000	694501
19280010000	1111840
19320010000	703066
19360010000	867960
19400010000	1181480
19440010000	1296142
19480010000	832374
19520010000	947919
19560010000	629138
19600010000	1259555
19640010000	986488
19680010000	1165992
19720010000	1217281
19760010000	1186554
19800010000	650088
19840010000	780909
19880010000	883051
19920010000	1166909
19960010000	628053
20000010000	1284048
20040010000	942956
20080010000	846699
20120010000	891854
20160010000	1228577
20200010000	1333790
20240010000	1236793
20280010000	796268
20320010000	752998
20360010000	1117655
20400010000	1355870
20440010000	1044695
20480010000	1275376
20520010000	1287082
20560010000	898478
20600010000	1251389
20640010000	869289
20680010000	1114464
20720010000	1237639
20760010000	752103
20800010000	977077
20840010000	682165
20880010000	794669
20920010000	823692
20960010000	1064358
21000010000	1221348
21040010000	765141
21080010000	794878
21120010000	1185507
21160010000	753036
21200010000	975692
21240010000	1224997
21280010000	898135
21320010000	775064
21360010000	1114093
21400010000	1248588
21440010000	1138125
21480010000	1056204
21520010000	831915
21560010000	1245233
21600010000	1009960
21640010000	1311354
21680010000	921923
21720010000	1216871
21760010000	1001920
21800010000	1258170
21840010000	1264612
21880010000	879489
21920010000	747371
21960010000	1128075
22000010000	1258757
22040010000	1302901
22080010000	957122
22120010000	1236009
22160010000	1247206
22200010000	776110
22240010000	833547
22280010000	1079789
22320010000	1055103
22360010000	1264184
22400010000	786817
22440010000	1357362
22480010000	1250011
22520010000	724263
22560010000	998230
22600010000	950373
22640010000	1114897
22680010000	1260580
22720010000	729142
22760010000	1085055
22800010000	1185042
22840010000	646841
22880010000	1339644
22920010000	896712
22960010000	950562
23000010000	1036575
23040010000	706503
23080010000	863139
23120010000	702144
23160010000	970180
23200010000	1000938
23240010000	1081289
23280010000	1298014
23320010000	876504
23360010000	1045898
23400010000	1331719
23440010000	1053468
23480010000	1203966
23520010000	972457
23560010000	1122106
23600010000	960735
23640010000	1047271
23680010000	1175117
23720010000	665361
23760010000	1109292
23800010000	1235175
23840010000	1297951
23880010000	1134170
23920010000	1391297
23960010000	1207826
24000010000	1266412
24040010000	1250942
24080010000	888604
24120010000	1197685
24160010000	659489
24200010000	816562
24240010000	1212919
24280010000	702304
24320010000	777060
24360010000	1073647
24400010000	831187
24440010000	1252310
24480010000	773659
24520010000	991275
24560010000	1268523
24600010000	1213192
24640010000	816518
24680010000	837353
24720010000	931269
24760010000	1185003
24800010000	1323048
24840010000	653906
24880010000	914571
24920010000	1217890
24960010000	1192808
25000010000	1258526
25040010000	787346
25080010000	1054387
25120010000	925087
25160010000	1146344
25200010000	1324097
25240010000	788924
25280010000	912070
25320010000	1186295
25360010000	1045798
25400010000	1292693
25440010000	916277
25480010000	1148995
25520010000	689461
25560010000	1051466
25600010000	1213273
25640010000	837697
25680010000	1261088
25720010000	1234124
25760010000	853305
25800010000	1143901
25840010000	852508
25880010000	742031
25920010000	1003406
25960010000	1186520
26000010000	900412
26040010000	1057649
26080010000	640425
26120010000	875954
26160010000	1292886
26200010000	950343
26240010000	953684
26280010000	1301093
26320010000	763635
26360010000	849073
26400010000	876219
26440010000	865136
26480010000	1140482
26520010000	769758
26560010000	918515
26600010000	1164484
26640010000	696458
26680010000	1047487
26720010000	717565
26760010000	1307012
26800010000	937181
26840010000	1142555
26880010000	711671
26920010000	938310
26960010000	1232543
27000010000	682591
27040010000	898377
27080010000	927225
27120010000	1174190
27160010000	1259842
27200010000	682414
27240010000	766768
27280010000	1187612
27320010000	1149376
27360010000	1239135
27400010000	961218
27440010000	1242736
27480010000	880420
27520010000	920553
27560010000	872874
27600010000	1033827
27640010000	1321209
27680010000	673720
27720010000	942784
27760010000	1255008
27800010000	748387
27840010000	847239
27880010000	1059731
27920010000	1271916
27960010000	766017
28000010000	1208420
28040010000	1140399
28080010000	798451
28120010000	1035528
28160010000	1172710
28200010000	811303
28240010000	1003776
28280010000	1238293
28320010000	1106849
28360010000	671996
28400010000	888166
28440010000	1052121
28480010000	1070867
28520010000	620259
28560010000	671056
28600010000	877270
28640010000	1135889
28680010000	652619
28720010000	1355258
28760010000	767164
28800010000	884009
28840010000	1190835
28880010000	640961
28920010000	726364
28960010000	849010
29000010000	1061170
29040010000	1299701
29080010000	642708
29120010000	934137
29160010000	1249364
29200010000	1224684
29240010000	774769
29280010000	979254
29320010000	1194842
29360010000	1292625
29400010000	822090
29440010000	687993
29480010000	979545
29520010000	1225788
29560010000	894510
29600010000	972582
29640010000	1048320
29680010000	753161
29720010000	882697
29760010000	1197077
29800010000	1243736
29840010000	1199284
29880010000	671268
29920010000	1031885
29960010000	1231705
30000010000	1325659
30040010000	652478
30080010000	932925
30120010000	821711
30160010000	1224517
30200010000	1105242
30240010000	1206192
30280010000	689967
30320010000	740718
30360010000	1027666
30400010000	1254879
30440010000	969126
30480010000	1143317
30520010000	882689
30560010000	986753
30600010000	690612
30640010000	1240672
30680010000	637597
30720010000	1301026
30760010000	705156
30800010000	931278
30840010000	1239440
30880010000	732528
30920010000	994941
30960010000	1237473
31000010000	636292
31040010000	1215275
31080010000	1268584
31120010000	806469
31160010000	1014486
31200010000	1072869
31240010000	616825
31280010000	1358289
31320010000	754498
31360010000	791317
31400010000	1097675
31440010000	703309
31480010000	638541
31520010000	764471
31560010000	773863
31600010000	859256
31640010000	878200
31680010000	818411
31720010000	836945
31760010000	958194
31800010000	1180067
31840010000	1345417
31880010000	859168
31920010000	1301102
31960010000	722063
32000010000	876589
32040010000	863248
32080010000	944276
32120010000	1124055
32160010000	723868
32200010000	1262126
32240010000	697047
32280010000	832902
32320010000	1108410
32360010000	1285684
32400010000	1189075
32440010000	771051
32480010000	1086288
32520010000	844381
32560010000	1313437
32600010000	1110535
32640010000	1322388
32680010000	1059164
32720010000	1290604
32760010000	723202
32800010000	1096485
32840010000	860809
32880010000	1026312
32920010000	841954
32960010000	718218
33000010000	914679
33040010000	1093439
33080010000	1180335
33120010000	1118579
33160010000	795801
33200010000	792482
33240010000	1015983
33280010000	1020694
33320010000	1313370
33360010000	1163385
33400010000	1269192
33440010000	1178471
33480010000	1033621
33520010000	1228584
33560010000	988314
33600010000	1075164
33640010000	1247891
33680010000	644857
33720010000	945812
33760010000	1023078
33800010000	1038411
33840010000	783482
33880010000	938507
33920010000	1011167
33960010000	1253877
34000010000	1308214
34040010000	744315
34080010000	3338953
34120010000	1363222
34160010000	1177434
34200010000	1090169
34240010000	650754
34280010000	709130
34320010000	661230
34360010000	1228449
34400010000	820328
34440010000	1167424
34480010000	1066130
34520010000	1176531
34560010000	1320408
34600010000	812485
34640010000	1051824
34680010000	886721
34720010000	921106
34760010000	1093709
34800010000	1299377
34840010000	711305
34880010000	759180
34920010000	709301
34960010000	754181
35000010000	937431
35040010000	1231247
35080010000	1304490
35120010000	745618
35160010000	1195520
35200010000	1226026
35240010000	798981
35280010000	740819
35320010000	751661
35360010000	727605
35400010000	1292604
35440010000	1219546
35480010000	707447
35520010000	722418
35560010000	864948
35600010000	939199
35640010000	1251495
35680010000	1110855
35720010000	1090430
35760010000	1191723
35800010000	714524
35840010000	818369
35880010000	1045374
35920010000	687622
35960010000	811885
36000010000	956797
36040010000	1073345
36080010000	1191247
36120010000	1295894
36160010000	821215
36200010000	885052
36240010000	929267
36280010000	1267681
36320010000	1233350
36360010000	718967
36400010000	882591
36440010000	1032567
36480010000	1246039
36520010000	1310079
36560010000	768604
36600010000	687420
36640010000	790940
36680010000	838792
36720010000	1254562
36760010000	669951
36800010000	1194142
36840010000	1073476
36880010000	1318609
36920010000	1247199
36960010000	677619
37000010000	793440
37040010000	1173792
37080010000	690850
37120010000	742209
37160010000	1298072
37200010000	785340
37240010000	675401
37280010000	666299
37320010000	656339
37360010000	740208
37400010000	911989
37440010000	1189229
37480010000	1194861
37520010000	788877
37560010000	894315
37600010000	936682
37640010000	1096438
37680010000	1201396
37720010000	1217483
37760010000	1203723
37800010000	1122672
37840010000	1196661
37880010000	1288713
37920010000	1265834
37960010000	1067873
38000010000	1263360
38040010000	1219374
38080010000	700422
38120010000	890567
38160010000	1053066
38200010000	1028798
38240010000	1202244
38280010000	1065558
38320010000	639174
38360010000	1153353
38400010000	1324182
38440010000	897240
38480010000	858631
38520010000	871989
38560010000	673257
38600010000	840255
38640010000	833549
38680010000	1263337
38720010000	708956
38760010000	854668
38800010000	940135
38840010000	1013654
38880010000	1178240
38920010000	673562
38960010000	835221
39000010000	1125917
39040010000	1247942
39080010000	821321
39120010000	784043
39160010000	1030888
39200010000	979931
39240010000	1012705
39280010000	1013954
39320010000	1242519
39360010000	882737
39400010000	1064674
39440010000	1214498
39480010000	1101352
39520010000	1084102
39560010000	1239015
39600010000	872558
39640010000	1089211
39680010000	658691
39720010000	1054128
39760010000	1187094
39800010000	1284663
39840010000	871948
39880010000	1252238
39920010000	720282
39960010000	852861
