16000	5702789
40016000	1102157
80016000	1395617
120016000	815809
160016000	810467
200016000	1038057
240016000	743757
280016000	1321443
320016000	992068
360016000	776054
400016000	1089869
440016000	1063921
480016000	1058783
520016000	1218491
560016000	779342
600016000	885128
640016000	813267
680016000	747233
720016000	731987
760016000	1091807
800016000	1206814
840016000	1037723
880016000	833572
920016000	724596
960016000	1255857
1000016000	986616
1040016000	796554
1080016000	686798
1120016000	1231677
1160016000	1242542
1200016000	1177474
1240016000	669609
1280016000	881137
1320016000	725876
1360016000	1269561
1400016000	1218849
1440016000	1010119
1480016000	966827
1520016000	1142134
1560016000	1127248
1600016000	960187
1640016000	676581
1680016000	1203863
1720016000	1170386
1760016000	963387
1800016000	955341
1840016000	692065
1880016000	1156113
1920016000	918535
1960016000	713027
2000016000	690266
2040016000	1219687
2080016000	1154953
2120016000	1259966
2160016000	1200022
2200016000	1055729
2240016000	1220710
2280016000	731026
2320016000	981848
2360016000	695674
2400016000	1271230
2440016000	1172530
2480016000	1070262
2520016000	923093
2560016000	843687
2600016000	657204
2640016000	923677
2680016000	1269683
2720016000	1025825
2760016000	1059638
2800016000	1116474
2840016000	1166976
2880016000	930839
2920016000	678463
2960016000	1067791
3000016000	953050
3040016000	728150
3080016000	1153837
3120016000	968132
3160016000	657377
3200016000	1056686
3240016000	837250
3280016000	933721
3320016000	921685
3360016000	1078445
3400016000	1123893
3440016000	716281
3480016000	1232962
3520016000	971230
3560016000	1077069
3600016000	839409
3640016000	762870
3680016000	1271771
3720016000	1156842
3760016000	1220365
3800016000	926462
3840016000	811058
3880016000	1118231
3920016000	926461
3960016000	772591
4000016000	672145
4040016000	1007164
4080016000	880316
4120016000	841077
4160016000	1237194
4200016000	3307545
4240016000	764443
4280016000	894051
4320016000	723348
4360016000	1247613
4400016000	1012630
4440016000	914285
4480016000	1204528
4520016000	1250796
4560016000	1221774
4600016000	1152290
4640016000	861020
4680016000	724802
4720016000	1223109
4760016000	859349
4800016000	1001695
4840016000	668731
4880016000	1084386
4920016000	1069656
4960016000	893209
5000016000	665291
5040016000	1108086
5080016000	858889
5120016000	877773
5160016000	762011
5200016000	1177641
5240016000	819559
5280016000	805022
5320016000	1267803
5360016000	809194
5400016000	1025288
5440016000	807842
5480016000	1261112
5520016000	1005450
5560016000	1181480
5600016000	1270037
5640016000	766400
5680016000	1242729
5720016000	776780
5760016000	779134
5800016000	869435
5840016000	835316
5880016000	894228
5920016000	1245947
5960016000	930432
6000016000	845779
6040016000	655444
6080016000	764221
6120016000	1205925
6160016000	683216
6200016000	1061269
6240016000	1293780
6280016000	1249901
6320016000	1184332
6360016000	1021234
6400016000	934677
6440016000	748480
6480016000	1209560
6520016000	1067492
6560016000	687951
6600016000	964320
6640016000	684233
6680016000	816328
6720016000	1217272
6760016000	934640
6800016000	900449
6840016000	1190703
6880016000	1216424
6920016000	1247964
6960016000	1211143
7000016000	1121882
7040016000	1182207
7080016000	839206
7120016000	674444
7160016000	659008
7200016000	1065016
7240016000	664951
7280016000	864274
7320016000	673739
7360016000	1179704
7400016000	941296
7440016000	745190
7480016000	677257
7520016000	718864
7560016000	696173
7600016000	704662
7640016000	951762
7680016000	1155608
7720016000	1115250
7760016000	1068744
7800016000	1167982
7840016000	848031
7880016000	1206757
7920016000	924538
7960016000	1120249
8000016000	671045
8040016000	1213138
8080016000	1071584
8120016000	908963
8160016000	829883
8200016000	1109368
8240016000	782868
8280016000	811496
8320016000	1215809
8360016000	990145
8400016000	977253
8440016000	688772
8480016000	951311
8520016000	874322
8560016000	1135162
8600016000	803049
8640016000	727948
8680016000	1277531
8720016000	694417
8760016000	690079
8800016000	729484
8840016000	860381
8880016000	990045
8920016000	1040012
8960016000	848759
9000016000	929882
9040016000	914255
9080016000	805570
9120016000	777988
9160016000	1206046
9200016000	1103571
9240016000	957406
9280016000	1240951
9320016000	709442
9360016000	1162510
9400016000	1261770
9440016000	685412
9480016000	903186
9520016000	715448
9560016000	660250
9600016000	701583
9640016000	1226928
9680016000	1236087
9720016000	1255318
9760016000	993998
9800016000	1038500
9840016000	816745
9880016000	1280082
9920016000	656830
9960016000	657622
10000016000	1267766305
10040016000	1276446608
10080016000	1236446608
10120016000	1196446608
10160016000	1156446608
10200016000	1116446608
10240016000	1076446608
10280016000	1036446608
10320016000	996446608
10360016000	956446608
10400016000	916446608
10440016000	876446608
10480016000	836446608
10520016000	796446608
10560016000	756446608
10600016000	716446608
10640016000	676446608
10680016000	636446608
10720016000	596446608
10760016000	556446608
10800016000	516446608
10840016000	476446608
10880016000	436446608
10920016000	396446608
10960016000	356446608
11000016000	316446608
11040016000	276446608
11080016000	236446608
11120016000	196446608
11160016000	156446608
11200016000	116446608
11240016000	76446608
11280016000	41328646
11320016000	2333219
11360016000	1381892
11400016000	947269
11440016000	1062592
11480016000	1107489
11520016000	1043106
11560016000	1293244
11600016000	1403804
11640016000	799941
11680016000	1021089
11720016000	976843
11760016000	969980
11800016000	1395227
11840016000	808647
11880016000	976823
11920016000	957693
11960016000	1070927
12000016000	1240128
12040016000	1260148
12080016000	1388211
12120016000	830707
12160016000	702959
12200016000	1004555
12240016000	1178854
12280016000	769345
12320016000	1002352
12360016000	1256143
12400016000	1422823
12440016000	837835
12480016000	852255
12520016000	1401517
12560016000	923121
12600016000	869347
12640016000	1070746
12680016000	1174972
12720016000	1182918
12760016000	1251925
12800016000	769724
12840016000	863865
12880016000	716566
12920016000	885369
12960016000	896259
13000016000	1268117
13040016000	1297237
13080016000	851746
13120016000	760629
13160016000	1227239
13200016000	1399957
13240016000	919165
13280016000	1405380
13320016000	1365198
13360016000	1245360
13400016000	1290149
13440016000	1404914
13480016000	1173718
13520016000	1293159
13560016000	708832
13600016000	1364438
13640016000	1271067
13680016000	1202374
13720016000	1134054
13760016000	1046552
13800016000	1043813
13840016000	1193165
13880016000	1127810
13920016000	1149818
13960016000	1100963
14000016000	1135262
14040016000	1106433
14080016000	1137206
14120016000	1277453
14160016000	1350813
14200016000	1268034
14240016000	1216573
14280016000	854637
14320016000	931479
14360016000	902433
14400016000	1061452
14440016000	832791
14480016000	756312
14520016000	819210
14560016000	874289
14600016000	914063
14640016000	790984
14680016000	751058
14720016000	802358
14760016000	744558
14800016000	888336
14840016000	735680
14880016000	714284
14920016000	717533
14960016000	765837
15000016000	838533
15040016000	785267
15080016000	838788
15120016000	752716
15160016000	902858
15200016000	1123868
15240016000	962967
15280016000	757865
15320016000	1266359
15360016000	1246581
15400016000	1391984
15440016000	1358518
15480016000	732837
15520016000	727762
15560016000	998591
15600016000	1074714
15640016000	1080133
15680016000	2589607
15720016000	1373694
15760016000	1318603
15800016000	709575
15840016000	1283085
15880016000	1181555
15920016000	1069823
15960016000	1031021
16000016000	1104440
16040016000	1048971
16080016000	1174020
16120016000	1288962
16160016000	1227709
16200016000	1359787
16240016000	810594
16280016000	815426
16320016000	2200274
16360016000	907035
16400016000	1050133
16440016000	1274767
16480016000	1306883
16520016000	1004138
16560016000	1098756
16600016000	979526
16640016000	919100
16680016000	904165
16720016000	775644
16760016000	1023033
16800016000	1183214
16840016000	1086173
16880016000	889793
16920016000	1141356
16960016000	1057730
17000016000	742494
17040016000	805667
17080016000	841953
17120016000	1373009
17160016000	1147670
17200016000	1299930
17240016000	855640
17280016000	1256920
17320016000	1420861
17360016000	742716
17400016000	1004970
17440016000	1190995
17480016000	1302692
17520016000	1355145
17560016000	1440551
17600016000	1413314
17640016000	1468363
17680016000	883140
17720016000	767087
17760016000	1388424
17800016000	854572
17840016000	771190
17880016000	1424733
17920016000	1387438
17960016000	801004
18000016000	736596
18040016000	910734
18080016000	1446776
18120016000	1261340
18160016000	1334397
18200016000	806237
18240016000	740056
18280016000	848303
18320016000	918747
18360016000	775321
18400016000	866463
18440016000	808796
18480016000	991577
18520016000	874231
18560016000	914737
18600016000	808387
18640016000	740091
18680016000	939196
18720016000	1105256
18760016000	971415
18800016000	798392
18840016000	1148223
18880016000	1237024
18920016000	1124660
18960016000	962552
19000016000	751964
19040016000	1357983
19080016000	1397149
19120016000	1380818
19160016000	1248759
19200016000	1256991
19240016000	948745
19280016000	875726
19320016000	971900
19360016000	935918
19400016000	848660
19440016000	1258530
19480016000	1193907
19520016000	1017538
19560016000	983640
19600016000	1341887
19640016000	1236954
19680016000	1165056
19720016000	900414
19760016000	1262855
19800016000	718962
19840016000	1319288
19880016000	1112280
19920016000	1029170
19960016000	1015879
20000016000	1102212
20040016000	5686555
20080016000	10837899
20120016000	12835437
20160016000	15741607
20200016000	18674220
20240016000	17236924
20280016000	20221386
20320016000	23233235
20360016000	2556046
20400016000	24655087
20440016000	27584817
20480016000	7018855
20520016000	30102286
20560016000	33398042
20600016000	12853436
20640016000	35219270
20680016000	38592728
20720016000	17075829
20760016000	41784391
20800016000	2738186
20840016000	5184945
20880016000	3975148
20920016000	7166091
20960016000	10849856
21000016000	17284449
21040016000	22002336
21080016000	25766030
21120016000	5290276
21160016000	28176702
21200016000	31002396
21240016000	10559007
21280016000	33927387
21320016000	37118212
21360016000	16750486
21400016000	39592059
21440016000	1224751
21480016000	2969906
21520016000	2261934
21560016000	5685874
21600016000	8976110
21640016000	7934210
21680016000	10774702
21720016000	13981873
21760016000	13138810
21800016000	16460787
21840016000	19523688
21880016000	17092886
21920016000	21981481
21960016000	25365966
22000016000	5040279
22040016000	27974700
22080016000	30840852
22120016000	10281725
22160016000	32725375
22200016000	36181864
22240016000	15741741
22280016000	39424411
22320016000	1067261
22360016000	2819145
22400016000	1811496
22440016000	5195745
22480016000	8532544
22520016000	7646597
22560016000	11406145
22600016000	15142130
22640016000	14443226
22680016000	17557582
22720016000	20256161
22760016000	1291522
22800016000	23784767
22840016000	27593333
22880016000	7317223
22920016000	31191551
22960016000	34977298
23000016000	14781090
23040016000	41082278
23080016000	2641699
23120016000	6252820
23160016000	5623127
23200016000	8999668
23240016000	13003920
23280016000	12550527
23320016000	16327862
23360016000	20319643
23400016000	1192075
23440016000	24468029
23480016000	28767908
23520016000	8605798
23560016000	32342398
23600016000	36553252
23640016000	16254379
23680016000	39644268
23720016000	1162888
23760016000	3623146
23800016000	3908562
23840016000	7867514
23880016000	11904194
23920016000	11530184
23960016000	15788396
24000016000	20598495
24040016000	1097794
24080016000	943928
24120016000	984085
24160016000	866293
24200016000	862632
24240016000	886821
24280016000	738040
24320016000	803164
24360016000	893354
24400016000	992675
24440016000	1124841
24480016000	1082768
24520016000	1256050
24560016000	835669
24600016000	645797
24640016000	778203
24680016000	677901
24720016000	1209960
24760016000	1077907
24800016000	987411
24840016000	972624
24880016000	1252343
24920016000	705630
24960016000	1274875
25000016000	805595
25040016000	730441
25080016000	736667
25120016000	1295170
25160016000	1132786
25200016000	1050329
25240016000	1142195
25280016000	1270365
25320016000	724331
25360016000	697145
25400016000	1177681
25440016000	1058194
25480016000	1034793
25520016000	666237
25560016000	1218208
25600016000	1208676
25640016000	1073259
25680016000	905892
25720016000	898776
25760016000	736866
25800016000	812355
25840016000	846200
25880016000	737243
25920016000	873819
25960016000	802898
26000016000	1120568
26040016000	1080206
26080016000	1139644
26120016000	853842
26160016000	744896
26200016000	670260
26240016000	1149678
26280016000	832389
26320016000	795061
26360016000	885822
26400016000	818085
26440016000	744045
26480016000	675102
26520016000	939787
26560016000	973956
26600016000	838834
26640016000	694818
26680016000	705418
26720016000	868283
26760016000	706983
26800016000	850932
26840016000	776840
26880016000	719755
26920016000	729257
26960016000	1271398
27000016000	1173214
27040016000	975473
27080016000	966022
27120016000	700235
27160016000	1120710
27200016000	1177588
27240016000	974998
27280016000	1229660
27320016000	1213259
27360016000	1179038
27400016000	884432
27440016000	830642
27480016000	1250155
27520016000	1043749
27560016000	882683
27600016000	761450
27640016000	1287125
27680016000	1102659
27720016000	923182
27760016000	1151719
27800016000	1107358
27840016000	958820
27880016000	763463
27920016000	685972
27960016000	1129972
28000016000	829957
28040016000	666711
28080016000	878649
28120016000	1152133
28160016000	811785
28200016000	753071
28240016000	652750
28280016000	913357
28320016000	1270491
28360016000	1054756
28400016000	665569
28440016000	1239145
28480016000	1005761
28520016000	842250
28560016000	895850
28600016000	772318
28640016000	1150281
28680016000	1029157
28720016000	756534
28760016000	1372664
28800016000	958912
28840016000	890637
28880016000	1201658
28920016000	840412
28960016000	1181797
29000016000	1221654
29040016000	742556
29080016000	780514
29120016000	978403
29160016000	881887
29200016000	847356
29240016000	1205467
29280016000	792500
29320016000	1283180
29360016000	946447
29400016000	1165576
29440016000	957126
29480016000	696775
29520016000	788224
29560016000	1146724
29600016000	753402
29640016000	1074955
29680016000	951045
29720016000	722284
29760016000	1248261
29800016000	866091
29840016000	712027
29880016000	1197000
29920016000	932700
29960016000	796414
30000016000	153724456
30040016000	120723637
30080016000	80723637
30120016000	40723637
30160016000	42124764
30200016000	4554674
30240016000	7723863
30280016000	11638868
30320016000	15101137
30360016000	18714873
30400016000	21408671
30440016000	24371411
30480016000	1314921
30520016000	1193257
30560016000	841379
30600016000	1030699
30640016000	1117214
30680016000	1285439
30720016000	1233740
30760016000	1312528
30800016000	947126
30840016000	892200
30880016000	1027088
30920016000	1169018
30960016000	1000512
31000016000	1080510
31040016000	1154351
31080016000	1072099
31120016000	988462
31160016000	1004300
31200016000	1121250
31240016000	804047
31280016000	1159626
31320016000	1221470
31360016000	798701
31400016000	916374
31440016000	978170
31480016000	720887
31520016000	1050989
31560016000	1202019
31600016000	1139425
31640016000	1052161
31680016000	1151138
31720016000	1191578
31760016000	1286459
31800016000	773181
31840016000	766333
31880016000	1355346
31920016000	705405
31960016000	968685
32000016000	1092223
32040016000	1101843
32080016000	1284286
32120016000	1322407
32160016000	1390184
32200016000	1356117
32240016000	1210462
32280016000	892883
32320016000	965104
32360016000	1140626
32400016000	1289489
32440016000	797029
32480016000	858285
32520016000	1035873
32560016000	956112
32600016000	922326
32640016000	978796
32680016000	732572
32720016000	936612
32760016000	870589
32800016000	844908
32840016000	822518
32880016000	980559
32920016000	1220438
32960016000	1277046
33000016000	1121532
33040016000	1069374
33080016000	891705
33120016000	830801
33160016000	771272
33200016000	761020
33240016000	719990
33280016000	1111982
33320016000	987660
33360016000	878530
33400016000	827157
33440016000	876951
33480016000	1302277
33520016000	1228874
33560016000	3813062
33600016000	1248382
33640016000	1278869
33680016000	757590
33720016000	781349
33760016000	886780
33800016000	803959
33840016000	784658
33880016000	1370906
33920016000	820933
33960016000	953520
34000016000	1340904
34040016000	1363721
34080016000	728608
34120016000	723349
34160016000	1297108
34200016000	705799
34240016000	1322866
34280016000	764305
34320016000	846728
34360016000	1133678
34400016000	1280801
34440016000	1294758
34480016000	1359839
34520016000	795914
34560016000	790411
34600016000	737896
34640016000	1029849
34680016000	863928
34720016000	754265
34760016000	1377504
34800016000	741724
34840016000	1082401
34880016000	836120
34920016000	1065174
34960016000	795242
35000016000	799826
35040016000	1159381
35080016000	1328305
35120016000	864448
35160016000	1187540
35200016000	873457
35240016000	1203964
35280016000	997834
35320016000	1256207
35360016000	780885
35400016000	962852
35440016000	1002401
35480016000	1255487
35520016000	728980
35560016000	831843
35600016000	957662
35640016000	1051060
35680016000	1209203
35720016000	1069613
35760016000	1131811
35800016000	1275765
35840016000	773350
35880016000	1070087
35920016000	1222581
35960016000	1118959
36000016000	1277568
36040016000	1338468
36080016000	920743
36120016000	1069271
36160016000	1085019
36200016000	985962
36240016000	893855
36280016000	704752
36320016000	776741
36360016000	883091
36400016000	971283
36440016000	997395
36480016000	874959
36520016000	1060684
36560016000	1207462
36600016000	1387644
36640016000	738824
36680016000	763902
36720016000	671740
36760016000	749888
36800016000	1186316
36840016000	1169926
36880016000	1105077
36920016000	1312654
36960016000	712783
37000016000	1172425
37040016000	1253425
37080016000	1303812
37120016000	1312253
37160016000	1282123
37200016000	1254339
37240016000	1198250
37280016000	1238524
37320016000	1164501
37360016000	1333979
37400016000	1324273
37440016000	724119
37480016000	729563
37520016000	744254
37560016000	1053049
37600016000	1078586
37640016000	1141160
37680016000	871410
37720016000	1118785
37760016000	889148
37800016000	760541
37840016000	705394
37880016000	787505
37920016000	892521
37960016000	1055950
38000016000	1035756
38040016000	1303196
38080016000	1278888
38120016000	768067
38160016000	889033
38200016000	991991
38240016000	1273033
38280016000	933011
38320016000	1113620
38360016000	1066083
38400016000	1097782
38440016000	1365761
38480016000	843730
38520016000	997097
38560016000	1136225
38600016000	709919
38640016000	844863
38680016000	1089592
38720016000	1245975
38760016000	1340904
38800016000	1148743
38840016000	870463
38880016000	832340
38920016000	1098775
38960016000	1292613
39000016000	1347910
39040016000	1290636
39080016000	969026
39120016000	1148416
39160016000	1283268
39200016000	1362023
39240016000	759985
39280016000	1144357
39320016000	950457
39360016000	1158074
39400016000	958656
39440016000	1286077
39480016000	1200248
39520016000	688494
39560016000	1323327
39600016000	784924
39640016000	1018616
39680016000	1187223
39720016000	1226862
39760016000	1339795
39800016000	1033038
39840016000	1056995
39880016000	772079
39920016000	732797
39960016000	1338707
