16000	10448477
40016000	14817891
80016000	962652
120016000	1405114
160016000	1102206
200016000	1044831
240016000	1245763
280016000	1011631
320016000	1201189
360016000	1123108
400016000	1059011
440016000	1045373
480016000	797037
520016000	1160744
560016000	1319445
600016000	954199
640016000	771307
680016000	1155177
720016000	899892
760016000	1077508
800016000	951363
840016000	1348726
880016000	1331613
920016000	1180085
960016000	911153
1000016000	1416714
1040016000	870831
1080016000	941202
1120016000	1451156
1160016000	1099774
1200016000	1283488
1240016000	961723
1280016000	842236
1320016000	1174586
1360016000	1208568
1400016000	1313579
1440016000	960680
1480016000	1141544
1520016000	1199458
1560016000	1426916
1600016000	693540
1640016000	899576
1680016000	1454944
1720016000	1096934
1760016000	758313
1800016000	845689
1840016000	1211522
1880016000	1157609
1920016000	918212
1960016000	879408
2000016000	890047
2040016000	1151498
2080016000	1271134
2120016000	1381980
2160016000	1191507
2200016000	963836
2240016000	1515295
2280016000	885621
2320016000	1207344
2360016000	1236681
2400016000	1253691
2440016000	954340
2480016000	966012
2520016000	1372556
2560016000	1002647
2600016000	1001614
2640016000	1247708
2680016000	924602
2720016000	811866
2760016000	959232
2800016000	1469402
2840016000	835887
2880016000	736125
2920016000	1122708
2960016000	807699
3000016000	1272186
3040016000	1118379
3080016000	839454
3120016000	1131122
3160016000	1086164
3200016000	1039500
3240016000	1199908
3280016000	1162017
3320016000	1246781
3360016000	1053948
3400016000	792209
3440016000	833657
3480016000	797310
3520016000	1055695
3560016000	1080573
3600016000	1007823
3640016000	1307245
3680016000	1160489
3720016000	1462911
3760016000	962485
3800016000	1388274
3840016000	794841
3880016000	1276403
3920016000	822175
3960016000	1052291
4000016000	930764
4040016000	1335892
4080016000	1189271
4120016000	1182138
4160016000	958580
4200016000	2153769
4240016000	1433855
4280016000	1028343
4320016000	1319694
4360016000	1079782
4400016000	1378851
4440016000	1041323
4480016000	1297878
4520016000	1221611
4560016000	1370616
4600016000	1049930
4640016000	1326859
4680016000	1304947
4720016000	1083505
4760016000	940630
4800016000	1250452
4840016000	973973
4880016000	921412
4920016000	1330430
4960016000	1087884
5000016000	1075473
5040016000	809656
5080016000	1387272
5120016000	799309
5160016000	999207
5200016000	1242644
5240016000	1207904
5280016000	1174117
5320016000	750135
5360016000	1026206
5400016000	789900
5440016000	835116
5480016000	2625511
5520016000	810883
5560016000	912680
5600016000	1235160
5640016000	1164566
5680016000	1276918
5720016000	862740
5760016000	782062
5800016000	1178982
5840016000	995159
5880016000	1103573
5920016000	692509
5960016000	1274004
6000016000	1286904
6040016000	1482626
6080016000	1168886
6120016000	997786
6160016000	811073
6200016000	726140
6240016000	858581
6280016000	924026
6320016000	1669943
6360016000	1134883
6400016000	840013
6440016000	1038341
6480016000	747533
6520016000	912224
6560016000	1325705
6600016000	789731
6640016000	737557
6680016000	1038481
6720016000	1115854
6760016000	1000605
6800016000	964065
6840016000	864894
6880016000	1147196
6920016000	853354
6960016000	1046682
7000016000	708579
7040016000	732264
7080016000	1164079
7120016000	1176991
7160016000	1305815
7200016000	734499
7240016000	1133735
7280016000	1108914
7320016000	916825
7360016000	1050503
7400016000	1054412
7440016000	1191082
7480016000	1389320
7520016000	757027
7560016000	960788
7600016000	899332
7640016000	1298861
7680016000	609199
7720016000	901348
7760016000	803936
7800016000	1107002
7840016000	1758024
7880016000	946097
7920016000	1226540
7960016000	821882
8000016000	779350
8040016000	743428
8080016000	1191800
8120016000	987095
8160016000	1358055
8200016000	629890
8240016000	644279
8280016000	848984
8320016000	1102219
8360016000	924334
8400016000	1317890
8440016000	1123758
8480016000	746750
8520016000	1230343
8560016000	750736
8600016000	1192303
8640016000	795170
8680016000	657887
8720016000	1031156
8760016000	1306304
8800016000	1039269
8840016000	752973
8880016000	898720
8920016000	1450590
8960016000	769300
9000016000	1183928
9040016000	1292714
9080016000	940489
9120016000	1380601
9160016000	1184687
9200016000	1365104
9240016000	1236447
9280016000	993079
9320016000	1181017
9360016000	1046055
9400016000	1115800
9440016000	1167673
9480016000	901656
9520016000	969980
9560016000	1135778
9600016000	1301736
9640016000	978123
9680016000	859160
9720016000	1338852
9760016000	1200212
9800016000	1289472
9840016000	954378
9880016000	922375
9920016000	1101062
9960016000	971569
10000016000	2831764555
10040016000	2791764555
10080016000	2751764555
10120016000	2711764555
10160016000	2671764555
10200016000	2631764555
10240016000	2591764555
10280016000	2551764555
10320016000	2511764555
10360016000	2471764555
10400016000	2431764555
10440016000	2391764555
10480016000	2351764555
10520016000	2311764555
10560016000	2271764555
10600016000	2231764555
10640016000	2191764555
10680016000	2151764555
10720016000	2111764555
10760016000	2071764555
10800016000	2031764555
10840016000	1991764555
10880016000	1951764555
10920016000	1911764555
10960016000	1871764555
11000016000	1831764555
11040016000	1791764555
11080016000	1751764555
11120016000	1711764555
11160016000	1671764555
11200016000	1631764555
11240016000	1591764555
11280016000	1551764555
11320016000	1511764555
11360016000	1471764555
11400016000	1431764555
11440016000	1391764555
11480016000	1351764555
11520016000	1311764555
11560016000	1271764555
11600016000	1231764555
11640016000	1191764555
11680016000	1151764555
11720016000	1111764555
11760016000	1071764555
11800016000	1031764555
11840016000	991764555
11880016000	951764555
11920016000	911764555
11960016000	871764555
12000016000	831764555
12040016000	791764555
12080016000	751764555
12120016000	711764555
12160016000	671764555
12200016000	631764555
12240016000	591764555
12280016000	551764555
12320016000	511764555
12360016000	471764555
12400016000	431764555
12440016000	391764555
12480016000	351764555
12520016000	311764555
12560016000	271764555
12600016000	231764555
12640016000	191764555
12680016000	151764555
12720016000	111764555
12760016000	83827808
12800016000	43827808
12840016000	5380028
12880016000	1481901
12920016000	1153443
12960016000	1239942
13000016000	1235496
13040016000	1091500
13080016000	1280259
13120016000	1322490
13160016000	1340630
13200016000	1264764
13240016000	975825
13280016000	1432287
13320016000	994898
13360016000	1047446
13400016000	842746
13440016000	990605
13480016000	951783
13520016000	943517
13560016000	1070221
13600016000	1087477
13640016000	1289118
13680016000	1234040
13720016000	1479855
13760016000	943970
13800016000	1061452
13840016000	1188915
13880016000	1380337
13920016000	927814
13960016000	1107490
14000016000	979712
14040016000	1169870
14080016000	926901
14120016000	947445
14160016000	1382755
14200016000	1159089
14240016000	713005
14280016000	989965
14320016000	916519
14360016000	1383522
14400016000	889092
14440016000	1540634
14480016000	1163400
14520016000	1463176
14560016000	904637
14600016000	1117794
14640016000	859486
14680016000	1971448
14720016000	1135130
14760016000	1524971
14800016000	1174099
14840016000	1221793
14880016000	781987
14920016000	1206644
14960016000	1124218
15000016000	891474
15040016000	1385337
15080016000	1111992
15120016000	1211543
15160016000	981161
15200016000	1136025
15240016000	1212308
15280016000	703359
15320016000	744390
15360016000	931930
15400016000	692147
15440016000	1002169
15480016000	1436557
15520016000	1151405
15560016000	930983
15600016000	1057710
15640016000	708762
15680016000	968002
15720016000	1366208
15760016000	1536047
15800016000	1191153
15840016000	818556
15880016000	936366
15920016000	1053892
15960016000	1421948
16000016000	1430133
16040016000	1042508
16080016000	1384474
16120016000	848893
16160016000	1178502
16200016000	1168994
16240016000	1043618
16280016000	751153
16320016000	1253839
16360016000	839655
16400016000	1294632
16440016000	1304644
16480016000	720205
16520016000	1124042
16560016000	1165129
16600016000	939747
16640016000	1467497
16680016000	856120
16720016000	1092492
16760016000	1117461
16800016000	990823
16840016000	1167540
16880016000	1231706
16920016000	907690
16960016000	806180
17000016000	1239872
17040016000	1283042
17080016000	1225319
17120016000	992061
17160016000	1051197
17200016000	1314540
17240016000	1224089
17280016000	1187195
17320016000	1477617
17360016000	1387271
17400016000	1365404
17440016000	862620
17480016000	1378537
17520016000	1452817
17560016000	1025379
17600016000	971875
17640016000	1207584
17680016000	1039482
17720016000	1117063
17760016000	1149902
17800016000	878904
17840016000	1051200
17880016000	1049794
17920016000	926887
17960016000	1529796
18000016000	776390
18040016000	798768
18080016000	1090777
18120016000	1092205
18160016000	852640
18200016000	736215
18240016000	1213494
18280016000	1327132
18320016000	1173956
18360016000	1300019
18400016000	1193642
18440016000	1175677
18480016000	968805
18520016000	1428894
18560016000	910299
18600016000	1363961
18640016000	1017616
18680016000	897769
18720016000	1291248
18760016000	1358129
18800016000	950027
18840016000	1011789
18880016000	1401877
18920016000	1571317
18960016000	922194
19000016000	1413366
19040016000	1569921
19080016000	815271
19120016000	1332110
19160016000	1171409
19200016000	1397240
19240016000	1067446
19280016000	1253912
19320016000	1168777
19360016000	795097
19400016000	1495945
19440016000	1005134
19480016000	1335209
19520016000	866886
19560016000	1101395
19600016000	1139192
19640016000	1059161
19680016000	894971
19720016000	1373836
19760016000	1168043
19800016000	1327947
19840016000	1189477
19880016000	850837
19920016000	1186735
19960016000	1098698
20000016000	1153165
20040016000	50539306
20080016000	10539306
20120016000	60660774
20160016000	20660774
20200016000	16219131
20240016000	12302280
20280016000	60329360
20320016000	20329360
20360016000	68560300
20400016000	28560300
20440016000	23160159
20480016000	17441813
20520016000	64807249
20560016000	24807249
20600016000	72712625
20640016000	32712625
20680016000	26499042
20720016000	20349955
20760016000	67676335
20800016000	27676335
20840016000	75297594
20880016000	35297594
20920016000	29762406
20960016000	28459203
21000016000	76995694
21040016000	36995694
21080016000	83650348
21120016000	43650348
21160016000	3650348
21200016000	31046754
21240016000	77662993
21280016000	37662993
21320016000	84480790
21360016000	44480790
21400016000	4480790
21440016000	32515200
21480016000	80365643
21520016000	40365643
21560016000	1315539
21600016000	48032515
21640016000	8032515
21680016000	2077465
21720016000	82427402
21760016000	42427402
21800016000	3419418
21840016000	50297504
21880016000	10297504
21920016000	4482948
21960016000	82835790
22000016000	46335615
22040016000	6335615
22080016000	53798040
22120016000	13798040
22160016000	7318624
22200016000	1902620
22240016000	48651412
22280016000	8651412
22320016000	55536124
22360016000	15536124
22400016000	9724747
22440016000	3233296
22480016000	51757344
22520016000	11757344
22560016000	59712850
22600016000	19712850
22640016000	13980383
22680016000	7746296
22720016000	55765224
22760016000	15765224
22800016000	63842457
22840016000	23842457
22880016000	17635252
22920016000	11557147
22960016000	59688627
23000016000	19688627
23040016000	70713466
23080016000	30713466
23120016000	24429359
23160016000	18517570
23200016000	65643943
23240016000	25643943
23280016000	74005469
23320016000	34005469
23360016000	28110571
23400016000	21991741
23440016000	70805672
23480016000	30805672
23520016000	78609608
23560016000	38609608
23600016000	30890564
23640016000	26685783
23680016000	75252011
23720016000	35252011
23760016000	83862261
23800016000	43862261
23840016000	3862261
23880016000	30385364
23920016000	80682429
23960016000	40682429
24000016000	1642586
24040016000	48856403
24080016000	8856403
24120016000	3099479
24160016000	84739323
24200016000	44739323
24240016000	4739323
24280016000	52491468
24320016000	12491468
24360016000	6872592
24400016000	2032823
24440016000	50262349
24480016000	10262349
24520016000	58958065
24560016000	18958065
24600016000	13392367
24640016000	7495007
24680016000	55774041
24720016000	15774041
24760016000	64596447
24800016000	24596447
24840016000	19656826
24880016000	14254458
24920016000	64292351
24960016000	24292351
25000016000	73341051
25040016000	33341051
25080016000	27789702
25120016000	21892552
25160016000	75633846
25200016000	35633846
25240016000	84268823
25280016000	44268823
25320016000	4268823
25360016000	31577351
25400016000	82691354
25440016000	42691354
25480016000	3741089
25520016000	52212718
25560016000	12212718
25600016000	6640496
25640016000	2055338
25680016000	50752812
25720016000	10752812
25760016000	59803257
25800016000	19803257
25840016000	14498365
25880016000	8324351
25920016000	57463003
25960016000	17463003
26000016000	66789586
26040016000	26789586
26080016000	21429489
26120016000	16094768
26160016000	64489267
26200016000	24489267
26240016000	74165151
26280016000	34165151
26320016000	28504310
26360016000	23265859
26400016000	72541328
26440016000	32541328
26480016000	81354333
26520016000	41354333
26560016000	2371762
26600016000	30740257
26640016000	79780272
26680016000	39780272
26720016000	1650681
26760016000	49449220
26800016000	9449220
26840016000	4516403
26880016000	851002
26920016000	49794568
26960016000	9794568
27000016000	59488059
27040016000	19488059
27080016000	14059141
27120016000	8402172
27160016000	57931600
27200016000	17931600
27240016000	70346358
27280016000	30346358
27320016000	26004173
27360016000	20922532
27400016000	70306730
27440016000	30306730
27480016000	80259293
27520016000	40259293
27560016000	1370005
27600016000	30869867
27640016000	81105981
27680016000	41105981
27720016000	2135221
27760016000	51928668
27800016000	11928668
27840016000	7276892
27880016000	2517928
27920016000	1074575
27960016000	997398
28000016000	1119407
28040016000	704840
28080016000	1303824
28120016000	1393014
28160016000	1044174
28200016000	1443724
28240016000	1184403
28280016000	825537
28320016000	754053
28360016000	814947
28400016000	1044279
28440016000	856847
28480016000	669482
28520016000	1145266
28560016000	941466
28600016000	1514646
28640016000	1112858
28680016000	918559
28720016000	1277699
28760016000	988918
28800016000	1337347
28840016000	1121841
28880016000	1157017
28920016000	1032933
28960016000	1088500
29000016000	1135321
29040016000	1308127
29080016000	1422892
29120016000	1225829
29160016000	909659
29200016000	1171500
29240016000	1350573
29280016000	1250167
29320016000	973155
29360016000	975073
29400016000	1020863
29440016000	814736
29480016000	977426
29520016000	1394782
29560016000	1488852
29600016000	1150746
29640016000	986768
29680016000	1244657
29720016000	1434716
29760016000	709727
29800016000	833751
29840016000	857934
29880016000	1358814
29920016000	1065939
29960016000	994150
30000016000	317469829
30040016000	290670785
30080016000	250670785
30120016000	210670785
30160016000	170670785
30200016000	130670785
30240016000	90670785
30280016000	50670785
30320016000	95122202
30360016000	59212247
30400016000	19212247
30440016000	67042719
30480016000	27042719
30520016000	74326857
30560016000	34326857
30600016000	81737313
30640016000	41737313
30680016000	85270179
30720016000	49161423
30760016000	9161423
30800016000	56802690
30840016000	16802690
30880016000	64676962
30920016000	24676962
30960016000	810457
31000016000	1205449
31040016000	1199097
31080016000	1292684
31120016000	1474529
31160016000	1104693
31200016000	891906
31240016000	894307
31280016000	776902
31320016000	717214
31360016000	1525077
31400016000	1059976
31440016000	1089036
31480016000	1088799
31520016000	879675
31560016000	1341975
31600016000	1047274
31640016000	1085454
31680016000	867473
31720016000	1193087
31760016000	1352362
31800016000	1119169
31840016000	1144677
31880016000	1315093
31920016000	1117762
31960016000	1015565
32000016000	856563
32040016000	750929
32080016000	1130845
32120016000	906856
32160016000	729199
32200016000	1401604
32240016000	1021855
32280016000	1109467
32320016000	945228
32360016000	772153
32400016000	949827
32440016000	1371132
32480016000	923524
32520016000	1417119
32560016000	1195621
32600016000	1319809
32640016000	1333646
32680016000	1029755
32720016000	1243644
32760016000	851573
32800016000	885531
32840016000	1153745
32880016000	1197678
32920016000	964235
32960016000	916352
33000016000	1322029
33040016000	1242938
33080016000	1069722
33120016000	1129621
33160016000	1196512
33200016000	1053875
33240016000	1142993
33280016000	1167850
33320016000	891590
33360016000	1253895
33400016000	778143
33440016000	1117150
33480016000	1281041
33520016000	767455
33560016000	2331111
33600016000	945195
33640016000	1263733
33680016000	1328053
33720016000	943892
33760016000	1065914
33800016000	954129
33840016000	1206140
33880016000	832894
33920016000	1162379
33960016000	1022876
34000016000	1228484
34040016000	861302
34080016000	1253335
34120016000	1476533
34160016000	1097171
34200016000	1031368
34240016000	1272772
34280016000	1304958
34320016000	1358522
34360016000	905217
34400016000	1122942
34440016000	753038
34480016000	804182
34520016000	1173306
34560016000	1130889
34600016000	831750
34640016000	1209648
34680016000	1250521
34720016000	963360
34760016000	1469369
34800016000	1235123
34840016000	1435186
34880016000	1420726
34920016000	1471686
34960016000	1328713
35000016000	777725
35040016000	1312664
35080016000	1126188
35120016000	1118253
35160016000	775181
35200016000	915178
35240016000	958548
35280016000	839328
35320016000	1000195
35360016000	1103781
35400016000	1210026
35440016000	1309787
35480016000	1252265
35520016000	840720
35560016000	1203118
35600016000	1060288
35640016000	1314059
35680016000	1012112
35720016000	871357
35760016000	1285020
35800016000	1206993
35840016000	913334
35880016000	1256180
35920016000	1317097
35960016000	860796
36000016000	1469352
36040016000	1020536
36080016000	1291970
36120016000	838065
36160016000	741107
36200016000	1061318
36240016000	734327
36280016000	1281163
36320016000	1233306
36360016000	1397910
36400016000	759920
36440016000	1105403
36480016000	1357699
36520016000	1098025
36560016000	917246
36600016000	929859
36640016000	1130677
36680016000	1248976
36720016000	1148231
36760016000	1240382
36800016000	1359931
36840016000	957391
36880016000	1277291
36920016000	1407560
36960016000	1357700
37000016000	944195
37040016000	1493964
37080016000	1259517
37120016000	785314
37160016000	761012
37200016000	1185255
37240016000	1201330
37280016000	1412025
37320016000	904617
37360016000	996830
37400016000	1141367
37440016000	1248105
37480016000	933752
37520016000	1045628
37560016000	961993
37600016000	766807
37640016000	1256411
37680016000	1110151
37720016000	1335539
37760016000	1426954
37800016000	1345886
37840016000	1231965
37880016000	1230384
37920016000	939290
37960016000	1159288
38000016000	839414
38040016000	1380851
38080016000	1382380
38120016000	879241
38160016000	1321327
38200016000	1008869
38240016000	1238599
38280016000	1499480
38320016000	1287030
38360016000	996937
38400016000	1235074
38440016000	1129104
38480016000	744754
38520016000	969389
38560016000	1258236
38600016000	955160
38640016000	663990
38680016000	983078
38720016000	714121
38760016000	944916
38800016000	1415683
38840016000	1383356
38880016000	1112952
38920016000	956865
38960016000	1012133
39000016000	1021723
39040016000	1017484
39080016000	1475138
39120016000	932586
39160016000	1042610
39200016000	736162
39240016000	1085848
39280016000	662329
39320016000	1208356
39360016000	1310584
39400016000	911913
39440016000	1273242
39480016000	1415147
39520016000	1031328
39560016000	1174335
39600016000	1298915
39640016000	1073359
39680016000	1173140
39720016000	702042
39760016000	742167
39800016000	873751
39840016000	1304887
39880016000	949197
39920016000	1215958
39960016000	949920
