20000	48086796
40020000	15004589
80020000	1689535
120020000	1435748
160020000	2754884
200020000	2649320
240020000	2236552
280020000	1541294
320020000	2321517
360020000	1391639
400020000	2432548
440020000	1590104
480020000	2783233
520020000	2234832
560020000	1523874
600020000	1047399
640020000	1933399
680020000	1429422
720020000	1276392
760020000	1241253
800020000	2120238
840020000	1404668
880020000	1483934
920020000	1959134
960020000	1712663
1000020000	1123868
1040020000	1422227
1080020000	1178793
1120020000	1809481
1160020000	2013946
1200020000	1841550
1240020000	2070467
1280020000	1655881
1320020000	1157548
1360020000	1879904
1400020000	1288280
1440020000	1748507
1480020000	1440857
1520020000	1157865
1560020000	1204880
1600020000	1628431
1640020000	1178592
1680020000	2076349
1720020000	1944974
1760020000	1227274
1800020000	1257545
1840020000	1866737
1880020000	1389904
1920020000	1096483
1960020000	1842791
2000020000	1561444
2040020000	1506764
2080020000	1210340
2120020000	1743926
2160020000	1254009
2200020000	1281516
2240020000	1857435
2280020000	1571368
2320020000	1382594
2360020000	1874680
2400020000	1719352
2440020000	1603533
2480020000	1389218
2520020000	2026036
2560020000	1479046
2600020000	1319455
2640020000	1402880
2680020000	1178363
2720020000	1507614
2760020000	1413173
2800020000	1429600
2840020000	1230254
2880020000	1692704
2920020000	1096730
2960020000	2073820
3000020000	1911645
3040020000	1589660
3080020000	1167248
3120020000	1011680
3160020000	1869004
3200020000	1500201
3240020000	1873455
3280020000	1644164
3320020000	1335032
3360020000	1248485
3400020000	1167053
3440020000	1060855
3480020000	2017097
3520020000	1063994
3560020000	1034560
3600020000	2139512
3640020000	1876996
3680020000	1562530
3720020000	1407523
3760020000	1279818
3800020000	2063013
3840020000	1714781
3880020000	1239902
3920020000	1653131
3960020000	1387027
4000020000	1308194
4040020000	1151993
4080020000	1143952
4120020000	1696720
4160020000	1104070
4200020000	1088772
4240020000	1085619
4280020000	1120531
4320020000	1389029
4360020000	1878453
4400020000	1088783
4440020000	1995871
4480020000	1837633
4520020000	1841576
4560020000	1639051
4600020000	1202531
4640020000	1027099
4680020000	1616101
4720020000	1445598
4760020000	1430538
4800020000	1198151
4840020000	1184893
4880020000	2113068
4920020000	1895492
4960020000	1837066
5000020000	1678388
5040020000	1636764
5080020000	1553725
5120020000	1425572
5160020000	2079296
5200020000	2071645
5240020000	1873357
5280020000	1077602
5320020000	1803941
5360020000	1515339
5400020000	1471454
5440020000	1050849
5480020000	1793619
5520020000	2092199
5560020000	1086820
5600020000	1637649
5640020000	1098419
5680020000	1621929
5720020000	1415820
5760020000	1333379
5800020000	1506641
5840020000	1467960
5880020000	2076533
5920020000	2018057
5960020000	1843277
6000020000	1699750
6040020000	1351348
6080020000	1072657
6120020000	1865784
6160020000	1358678
6200020000	2020704
6240020000	1902096
6280020000	1901784
6320020000	1934463
6360020000	1170098
6400020000	1088459
6440020000	1333696
6480020000	2085528
6520020000	1967450
6560020000	1921951
6600020000	1398315
6640020000	1136390
6680020000	1236450
6720020000	1089172
6760020000	1074320
6800020000	1509404
6840020000	1114964
6880020000	1778516
6920020000	1646805
6960020000	1171528
7000020000	1591987
7040020000	1286798
7080020000	2149153
7120020000	1377875
7160020000	1305652
7200020000	1336280
7240020000	1073554
7280020000	1701334
7320020000	1644178
7360020000	1667337
7400020000	1293789
7440020000	1816836
7480020000	1302091
7520020000	1090681
7560020000	1238391
7600020000	1159814
7640020000	1384268
7680020000	1359704
7720020000	1855882
7760020000	1790646
7800020000	1318100
7840020000	1362756
7880020000	1867500
7920020000	1553556
7960020000	2101201
8000020000	1777333
8040020000	1595640
8080020000	1856380
8120020000	1663791
8160020000	1451916
8200020000	1662160
8240020000	1394941
8280020000	1056040
8320020000	1763955
8360020000	1752314
8400020000	1449017
8440020000	1134112
8480020000	1455431
8520020000	1258659
8560020000	1128482
8600020000	1087741
8640020000	1870679
8680020000	1881117
8720020000	1831958
8760020000	1610886
8800020000	1186645
8840020000	1264495
8880020000	1897764
8920020000	1894359
8960020000	1684253
9000020000	1610741
9040020000	1177656
9080020000	1815985
9120020000	1355477
9160020000	1471336
9200020000	1357341
9240020000	1440546
9280020000	1562245
9320020000	1299937
9360020000	1899469
9400020000	1785771
9440020000	1178019
9480020000	1836650
9520020000	1955905
9560020000	1146560
9600020000	1776772
9640020000	1474895
9680020000	1199182
9720020000	1048444
9760020000	2005279
9800020000	1357041
9840020000	1844511
9880020000	1668937
9920020000	1797573
9960020000	1971149
10000020000	3704745
10040020000	1441226
10080020000	1412422
10120020000	1329045
10160020000	1476990
10200020000	1509258
10240020000	1288291
10280020000	1666354
10320020000	1688248
10360020000	1182225
10400020000	1170801
10440020000	1936357
10480020000	1209985
10520020000	2052871
10560020000	1226793
10600020000	1548595
10640020000	1873072
10680020000	1100666
10720020000	1315828
10760020000	1637321
10800020000	1345095
10840020000	1421863
10880020000	1191557
10920020000	1270154
10960020000	2056092
11000020000	2091931
11040020000	1978082
11080020000	1190524
11120020000	2072919
11160020000	1104829
11200020000	1346606
11240020000	1502946
11280020000	1767714
11320020000	1959093
11360020000	1392927
11400020000	1622921
11440020000	1227960
11480020000	1170527
11520020000	1070748
11560020000	1987343
11600020000	2016177
11640020000	1945006
11680020000	1356450
11720020000	1648999
11760020000	1725036
11800020000	1768018
11840020000	1806815
11880020000	1049272
11920020000	1123649
11960020000	2078740
12000020000	1053020
12040020000	1189244
12080020000	1138872
12120020000	1973085
12160020000	2129186
12200020000	1471466
12240020000	1709962
12280020000	1088162
12320020000	1989061
12360020000	2019609
12400020000	1727771
12440020000	2047561
12480020000	2017116
12520020000	1338409
12560020000	1563931
12600020000	1691267
12640020000	1584884
12680020000	1799717
12720020000	1095135
12760020000	2004016
12800020000	1517341
12840020000	1710008
12880020000	1602077
12920020000	1545661
12960020000	1717988
13000020000	1395575
13040020000	1523287
13080020000	1881809
13120020000	2108825
13160020000	1152383
13200020000	1104462
13240020000	1220581
13280020000	1129081
13320020000	1122920
13360020000	1230132
13400020000	1273301
13440020000	1336396
13480020000	1311177
13520020000	1149494
13560020000	1390675
13600020000	1330861
13640020000	1087793
13680020000	1989854
13720020000	1202320
13760020000	1066149
13800020000	1122858
13840020000	1064067
13880020000	1508246
13920020000	1167828
13960020000	1095448
14000020000	1250701
14040020000	1298054
14080020000	1811889
14120020000	1993622
14160020000	1914594
14200020000	1207478
14240020000	1840829
14280020000	1479153
14320020000	1629697
14360020000	1359284
14400020000	1343022
14440020000	1617071
14480020000	1103135
14520020000	1962035
14560020000	1194992
14600020000	1178874
14640020000	1335280
14680020000	1589139
14720020000	1250260
14760020000	1320521
14800020000	1220384
14840020000	1201065
14880020000	1520283
14920020000	1576021
14960020000	1617781
15000020000	1496493
15040020000	1968556
15080020000	1815037
15120020000	1726455
15160020000	1674147
15200020000	1883328
15240020000	1124115
15280020000	1080151
15320020000	1892613
15360020000	1734335
15400020000	1575051
15440020000	1887139
15480020000	2007911
15520020000	1187731
15560020000	1952998
15600020000	2058490
15640020000	1844411
15680020000	2003579
15720020000	1013323
15760020000	1318864
15800020000	1512538
15840020000	1671146
15880020000	1933898
15920020000	1536487
15960020000	1833721
16000020000	1478772
16040020000	1442185
16080020000	1323493
16120020000	1311162
16160020000	1475533
16200020000	1451673
16240020000	1785031
16280020000	1027055
16320020000	1239241
16360020000	1519618
16400020000	1360363
16440020000	1930322
16480020000	1067623
16520020000	1919687
16560020000	1110274
16600020000	1483892
16640020000	1548209
16680020000	1527469
16720020000	1629859
16760020000	1297327
16800020000	1141100
16840020000	1472245
16880020000	1363798
16920020000	1364066
16960020000	1298557
17000020000	1218991
17040020000	1185890
17080020000	1424881
17120020000	1332931
17160020000	1141789
17200020000	1891482
17240020000	1799749
17280020000	1845410
17320020000	1953379
17360020000	2015618
17400020000	1334061
17440020000	1512264
17480020000	1741129
17520020000	2122982
17560020000	1351221
17600020000	1351421
17640020000	1632461
17680020000	1888596
17720020000	1310535
17760020000	2031240
17800020000	1071254
17840020000	2143266
17880020000	1887775
17920020000	1814383
17960020000	1689534
18000020000	1811197
18040020000	2070899
18080020000	1765042
18120020000	1730928
18160020000	1774415
18200020000	1552105
18240020000	1433605
18280020000	1593437
18320020000	1515803
18360020000	1122807
18400020000	1718532
18440020000	1581292
18480020000	1804232
18520020000	1749660
18560020000	1286758
18600020000	1846921
18640020000	1954060
18680020000	2017652
18720020000	1064954
18760020000	1114092
18800020000	2068350
18840020000	2023578
18880020000	1049283
18920020000	1241303
18960020000	1350961
19000020000	1781795
19040020000	1879606
19080020000	1653597
19120020000	1637266
19160020000	1181626
19200020000	1276688
19240020000	1474695
19280020000	1592823
19320020000	1191789
19360020000	1760716
19400020000	2006321
19440020000	1988048
19480020000	1161638
19520020000	1117127
19560020000	1093182
19600020000	1767061
19640020000	2105797
19680020000	1152191
19720020000	1295541
19760020000	1487069
19800020000	1818351
19840020000	1750501
19880020000	1766285
19920020000	1560901
19960020000	1618953
20000020000	1765973
20040020000	1499497
20080020000	1976583
20120020000	2090343
20160020000	1554955
20200020000	1684896
20240020000	1980320
20280020000	1967476
20320020000	1612510
20360020000	1899471
20400020000	1505282
20440020000	1080420
20480020000	1915585
20520020000	1845551
20560020000	1813474
20600020000	1553182
20640020000	1430015
20680020000	1285816
20720020000	1804128
20760020000	1705515
20800020000	1196758
20840020000	1991163
20880020000	1865462
20920020000	1669495
20960020000	1736190
21000020000	1763494
21040020000	1888602
21080020000	1834722
21120020000	1440781
21160020000	1890650
21200020000	1457969
21240020000	1938995
21280020000	1821449
21320020000	1256886
21360020000	1680006
21400020000	1354182
21440020000	1968986
21480020000	1382571
21520020000	1292011
21560020000	1217350
21600020000	2122577
21640020000	1938198
21680020000	1429043
21720020000	2105696
21760020000	2120065
21800020000	1520623
21840020000	1128872
21880020000	1707880
21920020000	1426185
21960020000	1116199
22000020000	1874332
22040020000	1698507
22080020000	1323885
22120020000	1266399
22160020000	1885672
22200020000	1356390
22240020000	1138074
22280020000	1485219
22320020000	1951914
22360020000	1624927
22400020000	1285671
22440020000	2014961
22480020000	1579328
22520020000	2089046
22560020000	1691898
22600020000	1498322
22640020000	1648513
22680020000	1306134
22720020000	1983564
22760020000	1230009
22800020000	1838720
22840020000	1981228
22880020000	1170783
22920020000	1737628
22960020000	1527450
23000020000	1187477
23040020000	1971229
23080020000	1732945
23120020000	1297373
23160020000	1926352
23200020000	1652471
23240020000	1244818
23280020000	2063243
23320020000	1135927
23360020000	1245395
23400020000	1943169
23440020000	1695236
23480020000	1666024
23520020000	1336658
23560020000	2013465
23600020000	1745771
23640020000	1213391
23680020000	2061591
23720020000	1725886
23760020000	1500096
23800020000	2039728
23840020000	1416138
23880020000	1087388
23920020000	2029984
23960020000	1854707
24000020000	1507044
24040020000	1993745
24080020000	1576870
24120020000	1293317
24160020000	1025985
24200020000	1053636
24240020000	1923263
24280020000	1761407
24320020000	1652423
24360020000	1310240
24400020000	1229416
24440020000	1780923
24480020000	1259718
24520020000	1617950
24560020000	1460476
24600020000	1078703
24640020000	1230564
24680020000	1944243
24720020000	1534561
24760020000	1086277
24800020000	1647845
24840020000	1371534
24880020000	1295429
24920020000	1933720
24960020000	1171081
25000020000	1917090
25040020000	1740759
25080020000	1372887
25120020000	2072827
25160020000	1955294
25200020000	1486960
25240020000	2046055
25280020000	1754034
25320020000	1666379
25360020000	1437814
25400020000	1292074
25440020000	1912034
25480020000	1451658
25520020000	2066658
25560020000	1702366
25600020000	1246032
25640020000	1922750
25680020000	1720003
25720020000	1087606
25760020000	2005226
25800020000	1792998
25840020000	1201962
25880020000	1903197
25920020000	1409600
25960020000	1973905
26000020000	1638966
26040020000	1683177
26080020000	1125245
26120020000	2032234
26160020000	1848248
26200020000	1330286
26240020000	1380141
26280020000	1586020
26320020000	1924617
26360020000	1325115
26400020000	1178207
26440020000	1623224
26480020000	1347454
26520020000	1447095
26560020000	1474758
26600020000	1282795
26640020000	1071143
26680020000	1547532
26720020000	2044550
26760020000	1595401
26800020000	1702753
26840020000	1468275
26880020000	2034103
26920020000	1812181
26960020000	1839942
27000020000	1355252
27040020000	1352831
27080020000	1962520
27120020000	1628491
27160020000	1715761
27200020000	1593058
27240020000	1299734
27280020000	1883054
27320020000	1121797
27360020000	1105628
27400020000	1845408
27440020000	2023290
27480020000	1957974
27520020000	1144853
27560020000	1157912
27600020000	1267927
27640020000	2045617
27680020000	1825731
27720020000	1764135
27760020000	1287803
27800020000	2032310
27840020000	2051923
27880020000	1639286
27920020000	1543525
27960020000	1251864
28000020000	1891779
28040020000	1372766
28080020000	1205005
28120020000	1119900
28160020000	1344644
28200020000	1328507
28240020000	1186240
28280020000	1069294
28320020000	1446253
28360020000	1619608
28400020000	1534569
28440020000	1494040
28480020000	1362693
28520020000	1980116
28560020000	1481348
28600020000	1084904
28640020000	1898822
28680020000	1814881
28720020000	1288272
28760020000	1101354
28800020000	1765340
28840020000	2189640
28880020000	1053415
28920020000	1732951
28960020000	1153229
29000020000	1912005
29040020000	2083773
29080020000	1726826
29120020000	1933771
29160020000	1802533
29200020000	1691869
29240020000	1108947
29280020000	1380187
29320020000	1981729
29360020000	1305770
29400020000	1729478
29440020000	1373093
29480020000	1165496
29520020000	1017653
29560020000	1978928
29600020000	1680340
29640020000	1302405
29680020000	2007142
29720020000	2001028
29760020000	1735121
29800020000	1532185
29840020000	1106926
29880020000	1873715
29920020000	1722922
29960020000	1481456
30000020000	1122669
30040020000	1569165
30080020000	1179441
30120020000	1356185
30160020000	1480767
30200020000	1527817
30240020000	1584460
30280020000	1610021
30320020000	1727538
30360020000	1495662
30400020000	1265715
30440020000	2043017
30480020000	1958858
30520020000	1941539
30560020000	1878979
30600020000	1928507
30640020000	2100600
30680020000	2036730
30720020000	1888691
30760020000	1844163
30800020000	1812795
30840020000	1761854
30880020000	1995067
30920020000	1582248
30960020000	1493061
31000020000	1758721
31040020000	2106050
31080020000	1973191
31120020000	2075144
31160020000	1344023
31200020000	1547698
31240020000	1442634
31280020000	1136641
31320020000	1303717
31360020000	1062124
31400020000	1900497
31440020000	1141469
31480020000	1846984
31520020000	1024867
31560020000	1314615
31600020000	1131123
31640020000	1070117
31680020000	1670878
31720020000	1349842
31760020000	1500112
31800020000	1616010
31840020000	1204928
31880020000	2088822
31920020000	1934300
31960020000	1697053
32000020000	1859234
32040020000	1681697
32080020000	1198770
32120020000	1819981
32160020000	1815277
32200020000	1976058
32240020000	1880210
32280020000	1852698
32320020000	1029968
32360020000	1764267
32400020000	1588004
32440020000	1722019
32480020000	1764613
32520020000	1511575
32560020000	1475876
32600020000	1176774
32640020000	1241514
32680020000	1126488
32720020000	1757943
32760020000	1583172
32800020000	1350177
32840020000	1911695
32880020000	1556874
32920020000	1759509
32960020000	1215683
33000020000	1148570
33040020000	1119187
33080020000	1485602
33120020000	1579662
33160020000	1482241
33200020000	1266537
33240020000	1398775
33280020000	1336874
33320020000	1153700
33360020000	1089116
33400020000	2154637
33440020000	1951231
33480020000	1519911
33520020000	1427975
33560020000	1615551
33600020000	1708458
33640020000	1335357
33680020000	1880469
33720020000	1742553
33760020000	1710548
33800020000	1453072
33840020000	1524620
33880020000	1653954
33920020000	2055616
33960020000	1199200
34000020000	2134709
34040020000	1994211
34080020000	4096800
34120020000	1255695
34160020000	2043707
34200020000	1769651
34240020000	1778862
34280020000	1110064
34320020000	2062321
34360020000	1999862
34400020000	1205435
34440020000	1531624
34480020000	1416815
34520020000	1598118
34560020000	1774207
34600020000	1842904
34640020000	1664906
34680020000	1325658
34720020000	1669511
34760020000	1679042
34800020000	1696279
34840020000	1460642
34880020000	1431106
34920020000	1262678
34960020000	1234525
35000020000	1053463
35040020000	1281252
35080020000	1214938
35120020000	1334699
35160020000	1095541
35200020000	2127140
35240020000	1210785
35280020000	1306862
35320020000	1504452
35360020000	1406569
35400020000	1703510
35440020000	1325723
35480020000	2073763
35520020000	2115457
35560020000	1065803
35600020000	1449554
35640020000	1710569
35680020000	1734060
35720020000	2044221
35760020000	2034241
35800020000	2037415
35840020000	1790187
35880020000	1705207
35920020000	1759245
35960020000	1682995
36000020000	1904775
36040020000	1599878
36080020000	1297841
36120020000	1024063
36160020000	1136510
36200020000	1962647
36240020000	1953162
36280020000	1087065
36320020000	1056215
36360020000	1109444
36400020000	1760297
36440020000	1552936
36480020000	1445852
36520020000	1501593
36560020000	1621681
36600020000	1463321
36640020000	1299268
36680020000	1889995
36720020000	1211538
36760020000	1460946
36800020000	1427598
36840020000	1249488
36880020000	1082266
36920020000	1255173
36960020000	1473803
37000020000	1330376
37040020000	1204040
37080020000	1135783
37120020000	1119310
37160020000	1055166
37200020000	2006604
37240020000	1577655
37280020000	1429583
37320020000	1401455
37360020000	1292805
37400020000	1198519
37440020000	1023118
37480020000	1971291
37520020000	1915796
37560020000	1281458
37600020000	1186462
37640020000	2202515
37680020000	1785684
37720020000	2010757
37760020000	1701317
37800020000	1327465
37840020000	1792519
37880020000	1891169
37920020000	2128372
37960020000	1101593
38000020000	1186102
38040020000	2041547
38080020000	1977893
38120020000	1185452
38160020000	1065104
38200020000	2011646
38240020000	1982476
38280020000	2069188
38320020000	2052114
38360020000	1739557
38400020000	1993589
38440020000	1971879
38480020000	1383391
38520020000	1866776
38560020000	1882584
38600020000	1642328
38640020000	1506669
38680020000	1490194
38720020000	1443813
38760020000	1367816
38800020000	1407912
38840020000	1514842
38880020000	1344546
38920020000	1851885
38960020000	1408255
39000020000	1312226
39040020000	2051285
39080020000	1950798
39120020000	1641863
39160020000	1540910
39200020000	1456160
39240020000	1452320
39280020000	1465805
39320020000	1445221
39360020000	1048508
39400020000	1332065
39440020000	1463943
39480020000	1266457
39520020000	1341909
39560020000	1241453
39600020000	2100325
39640020000	1749691
39680020000	1535809
39720020000	1764653
39760020000	1723549
39800020000	1931044
39840020000	1441802
39880020000	1647665
39920020000	1746413
39960020000	1369695
