20000	47979136
40020000	15134449
80020000	2595792
120020000	3200215
160020000	1787997
200020000	2708687
240020000	2627026
280020000	2687398
320020000	3054835
360020000	2607133
400020000	2739885
440020000	3082192
480020000	3121611
520020000	2817200
560020000	2648471
600020000	2844718
640020000	1811809
680020000	1744013
720020000	2068586
760020000	2698510
800020000	2102458
840020000	2641389
880020000	1913529
920020000	2472528
960020000	3070366
1000020000	2177103
1040020000	2975429
1080020000	2083861
1120020000	2951198
1160020000	1952147
1200020000	2678595
1240020000	2018638
1280020000	2474998
1320020000	1535697
1360020000	2068535
1400020000	1528208
1440020000	2172057
1480020000	2876598
1520020000	2029463
1560020000	2663424
1600020000	1853056
1640020000	2489855
1680020000	1691319
1720020000	1955179
1760020000	2674772
1800020000	2956348
1840020000	1819596
1880020000	2418313
1920020000	2757439
1960020000	1654773
2000020000	2043499
2040020000	2217242
2080020000	1600226
2120020000	1996782
2160020000	2315643
2200020000	2732677
2240020000	1753017
2280020000	2196694
2320020000	2713032
2360020000	1545017
2400020000	2115736
2440020000	2722769
2480020000	1615871
2520020000	2127044
2560020000	2509982
2600020000	2877914
2640020000	1551869
2680020000	2134043
2720020000	2497649
2760020000	2819209
2800020000	1853909
2840020000	2277118
2880020000	2391397
2920020000	3061614
2960020000	1933975
3000020000	2217250
3040020000	2484513
3080020000	3001182
3120020000	1793574
3160020000	2161786
3200020000	2682838
3240020000	1643498
3280020000	2097572
3320020000	2754931
3360020000	1548792
3400020000	1973405
3440020000	2607585
3480020000	2874503
3520020000	1972857
3560020000	2594238
3600020000	3010644
3640020000	1856778
3680020000	2412725
3720020000	1816166
3760020000	2161603
3800020000	2492030
3840020000	2925893
3880020000	1960072
3920020000	2326183
3960020000	2786521
4000020000	1836930
4040020000	2190875
4080020000	2333508
4120020000	2674479
4160020000	3009664
4200020000	1944067
4240020000	2397228
4280020000	2805313
4320020000	3014321
4360020000	1967872
4400020000	2877237
4440020000	1728558
4480020000	2343719
4520020000	2470423
4560020000	2890819
4600020000	1803807
4640020000	2105152
4680020000	2536001
4720020000	2969245
4760020000	1795971
4800020000	2112775
4840020000	2509462
4880020000	2975618
4920020000	1737436
4960020000	2267509
5000020000	2757699
5040020000	1705436
5080020000	2206114
5120020000	2734052
5160020000	1580161
5200020000	2259671
5240020000	2744303
5280020000	3003542
5320020000	2531658
5360020000	2050396
5400020000	2729119
5440020000	2050328
5480020000	2363292
5520020000	2808524
5560020000	1752579
5600020000	1863172
5640020000	2347151
5680020000	3043327
5720020000	1953225
5760020000	2480745
5800020000	2832461
5840020000	1676665
5880020000	1998114
5920020000	2515095
5960020000	2839015
6000020000	1591496
6040020000	2130758
6080020000	2717597
6120020000	1616473
6160020000	2033010
6200020000	2993440
6240020000	1723828
6280020000	1933893
6320020000	2447113
6360020000	2896891
6400020000	1864332
6440020000	2122076
6480020000	2858772
6520020000	1680999
6560020000	2375440
6600020000	2931154
6640020000	1799466
6680020000	2345628
6720020000	2885967
6760020000	1618743
6800020000	2110654
6840020000	2720117
6880020000	3005785
6920020000	2046622
6960020000	2329992
7000020000	2703042
7040020000	3186670
7080020000	2232859
7120020000	2600439
7160020000	3086370
7200020000	1977208
7240020000	2336785
7280020000	2592087
7320020000	2896082
7360020000	2033669
7400020000	2464218
7440020000	2824857
7480020000	1965417
7520020000	2337116
7560020000	2841178
7600020000	1734428
7640020000	2004572
7680020000	2640723
7720020000	1744850
7760020000	2217221
7800020000	2378423
7840020000	2775018
7880020000	2771974
7920020000	1743340
7960020000	2350346
8000020000	2572225
8040020000	2924178
8080020000	1904831
8120020000	2474811
8160020000	2629629
8200020000	1710973
8240020000	2174533
8280020000	2395079
8320020000	2978818
8360020000	1665729
8400020000	2283488
8440020000	2623008
8480020000	1656496
8520020000	2116224
8560020000	2585482
8600020000	2927954
8640020000	1976053
8680020000	2562759
8720020000	2865271
8760020000	1617470
8800020000	1962970
8840020000	2435988
8880020000	2743849
8920020000	1667126
8960020000	2504143
9000020000	1838515
9040020000	2620795
9080020000	3004358
9120020000	2186354
9160020000	2392479
9200020000	3032201
9240020000	1972496
9280020000	2355840
9320020000	2714122
9360020000	1849207
9400020000	2078219
9440020000	2780079
9480020000	1743558
9520020000	2122341
9560020000	2730243
9600020000	3014468
9640020000	2006477
9680020000	2915576
9720020000	2085221
9760020000	2991708
9800020000	2078977
9840020000	2504549
9880020000	3070752
9920020000	1984060
9960020000	2610864
10000020000	8232079
10040020000	2904049
10080020000	2070447
10120020000	1659482
10160020000	2556154
10200020000	2138494
10240020000	2781518
10280020000	1745073
10320020000	2763610
10360020000	2200920
10400020000	1597304
10440020000	2515709
10480020000	1839370
10520020000	2779801
10560020000	2087306
10600020000	2929321
10640020000	2146779
10680020000	3094686
10720020000	2407957
10760020000	3212558
10800020000	2591510
10840020000	1943612
10880020000	3085170
10920020000	2380367
10960020000	1898909
11000020000	2838693
11040020000	2209177
11080020000	2048844
11120020000	1930551
11160020000	1935163
11200020000	1824838
11240020000	1785384
11280020000	1606643
11320020000	2897537
11360020000	2937669
11400020000	2411679
11440020000	2991009
11480020000	2070282
11520020000	2988768
11560020000	2401385
11600020000	1822170
11640020000	3010816
11680020000	2558484
11720020000	1865935
11760020000	2765671
11800020000	1952861
11840020000	2754849
11880020000	1957298
11920020000	2756451
11960020000	1986114
12000020000	2848248
12040020000	1667671
12080020000	2666511
12120020000	2097040
12160020000	2759866
12200020000	2376299
12240020000	2064860
12280020000	1667783
12320020000	2717206
12360020000	2468827
12400020000	1976419
12440020000	2894258
12480020000	2084185
12520020000	2873933
12560020000	2350671
12600020000	1653862
12640020000	2796119
12680020000	2071110
12720020000	3030736
12760020000	2199037
12800020000	1656214
12840020000	2600272
12880020000	1742323
12920020000	2489736
12960020000	1614172
13000020000	2361568
13040020000	1887007
13080020000	2627220
13120020000	2970332
13160020000	2421429
13200020000	1897224
13240020000	2855591
13280020000	2251888
13320020000	1999332
13360020000	2860089
13400020000	2262002
13440020000	1657350
13480020000	2820406
13520020000	2057323
13560020000	1593281
13600020000	2532340
13640020000	2064797
13680020000	1524483
13720020000	2550164
13760020000	1690954
13800020000	2320838
13840020000	3108276
13880020000	2572883
13920020000	1770016
13960020000	2448978
14000020000	1620786
14040020000	2367451
14080020000	3021296
14120020000	2321437
14160020000	3040806
14200020000	2139689
14240020000	3039543
14280020000	2241221
14320020000	3169502
14360020000	2496570
14400020000	1932438
14440020000	3037807
14480020000	2458055
14520020000	1829245
14560020000	2834117
14600020000	2093567
14640020000	2976225
14680020000	2211305
14720020000	3106079
14760020000	2348267
14800020000	3150362
14840020000	2302124
14880020000	1733925
14920020000	2709054
14960020000	2185645
15000020000	1726186
15040020000	2888355
15080020000	2130921
15120020000	2870932
15160020000	2311035
15200020000	2034214
15240020000	3145778
15280020000	2681955
15320020000	2150237
15360020000	1707917
15400020000	2953069
15440020000	2315364
15480020000	1695568
15520020000	2444880
15560020000	1637100
15600020000	2641630
15640020000	1778624
15680020000	2758669
15720020000	2323968
15760020000	2980361
15800020000	2808157
15840020000	2523717
15880020000	2153075
15920020000	1845743
15960020000	1853120
16000020000	3008423
16040020000	2459759
16080020000	1892885
16120020000	2871047
16160020000	2366651
16200020000	1582089
16240020000	2840892
16280020000	2339473
16320020000	1644952
16360020000	2345073
16400020000	3099927
16440020000	2290670
16480020000	1546737
16520020000	2350848
16560020000	3142547
16600020000	2189576
16640020000	2990200
16680020000	2230973
16720020000	1547851
16760020000	2145422
16800020000	3135590
16840020000	2673143
16880020000	1812055
16920020000	2683841
16960020000	2085760
17000020000	2987366
17040020000	1979778
17080020000	2759370
17120020000	1888451
17160020000	2751162
17200020000	2185986
17240020000	3091193
17280020000	2433023
17320020000	1773706
17360020000	2670341
17400020000	1833365
17440020000	2887493
17480020000	2279565
17520020000	3186757
17560020000	2346255
17600020000	1853590
17640020000	2616419
17680020000	2176858
17720020000	1584701
17760020000	2576249
17800020000	2346474
17840020000	1597266
17880020000	2611650
17920020000	1600897
17960020000	2530849
18000020000	2050137
18040020000	3088253
18080020000	2656765
18120020000	2153719
18160020000	1692112
18200020000	2688299
18240020000	2155370
18280020000	1688877
18320020000	2924374
18360020000	2276204
18400020000	1539855
18440020000	2288184
18480020000	2996531
18520020000	2348314
18560020000	1576209
18600020000	2336831
18640020000	1583472
18680020000	2798585
18720020000	2018242
18760020000	3049721
18800020000	2263896
18840020000	1522475
18880020000	2498822
18920020000	2104941
18960020000	3020714
19000020000	2654984
19040020000	1900844
19080020000	2827710
19120020000	2123336
19160020000	3010576
19200020000	2534781
19240020000	1967376
19280020000	2538183
19320020000	1759653
19360020000	2435964
19400020000	1515441
19440020000	2176388
19480020000	2981964
19520020000	2077622
19560020000	2908956
19600020000	1991457
19640020000	2858299
19680020000	2135834
19720020000	2911201
19760020000	2294476
19800020000	1747139
19840020000	2676855
19880020000	2174679
19920020000	1645001
19960020000	2861693
20000020000	2250713
20040020000	2672545
20080020000	2904911
20120020000	2999045
20160020000	1641336
20200020000	2108350
20240020000	2290872
20280020000	2553109
20320020000	2591029
20360020000	2606700
20400020000	2592542
20440020000	1832372
20480020000	2133802
20520020000	2433803
20560020000	2812947
20600020000	1611779
20640020000	2024743
20680020000	2506011
20720020000	3010826
20760020000	2097822
20800020000	2481564
20840020000	3081728
20880020000	1888918
20920020000	2252528
20960020000	2782129
21000020000	1803675
21040020000	2275373
21080020000	2956477
21120020000	1954171
21160020000	2316335
21200020000	3047253
21240020000	1941112
21280020000	2436340
21320020000	2938638
21360020000	2023848
21400020000	2210928
21440020000	2684273
21480020000	2947486
21520020000	1886195
21560020000	2444590
21600020000	2996868
21640020000	3157738
21680020000	1982849
21720020000	2182750
21760020000	2665217
21800020000	1606686
21840020000	2134859
21880020000	2709435
21920020000	1610325
21960020000	1663751
22000020000	2271402
22040020000	2868765
22080020000	1973253
22120020000	2422828
22160020000	2809417
22200020000	1634286
22240020000	2204128
22280020000	2519476
22320020000	2873782
22360020000	1819060
22400020000	2583919
22440020000	2873738
22480020000	1732018
22520020000	2342890
22560020000	2749841
22600020000	2911257
22640020000	1885591
22680020000	2648369
22720020000	1526552
22760020000	1961211
22800020000	2246142
22840020000	2883150
22880020000	1694280
22920020000	1849298
22960020000	2277197
23000020000	2762142
23040020000	1616789
23080020000	2169502
23120020000	2601740
23160020000	2958000
23200020000	1757516
23240020000	2158974
23280020000	2717044
23320020000	1608175
23360020000	1956962
23400020000	2331753
23440020000	2817126
23480020000	3118436
23520020000	1872769
23560020000	2461550
23600020000	2244589
23640020000	2492404
23680020000	3023812
23720020000	2009322
23760020000	2356438
23800020000	2859449
23840020000	2005641
23880020000	2566250
23920020000	2800530
23960020000	1959830
24000020000	2095872
24040020000	2466715
24080020000	2961790
24120020000	1843461
24160020000	2242634
24200020000	2687439
24240020000	1857575
24280020000	2448911
24320020000	3001595
24360020000	1823177
24400020000	2265918
24440020000	2961096
24480020000	1717412
24520020000	1974589
24560020000	2497263
24600020000	3094251
24640020000	2010964
24680020000	2555824
24720020000	1748720
24760020000	2263099
24800020000	2845417
24840020000	1789141
24880020000	2166724
24920020000	2532652
24960020000	3022049
25000020000	2053561
25040020000	2423692
25080020000	2560301
25120020000	2680447
25160020000	3101268
25200020000	2167909
25240020000	2264181
25280020000	2638429
25320020000	3075467
25360020000	3049492
25400020000	1933476
25440020000	2170440
25480020000	2727850
25520020000	1644574
25560020000	1970118
25600020000	2511435
25640020000	1792800
25680020000	2507197
25720020000	2753189
25760020000	1623312
25800020000	2017148
25840020000	2424033
25880020000	2888327
25920020000	1955969
25960020000	2243990
26000020000	2678441
26040020000	2963226
26080020000	1825535
26120020000	2473559
26160020000	2686238
26200020000	1666377
26240020000	1790082
26280020000	2088190
26320020000	2720181
26360020000	1602561
26400020000	2024076
26440020000	2549107
26480020000	2832814
26520020000	1716178
26560020000	1965489
26600020000	2363147
26640020000	2779451
26680020000	1738768
26720020000	2202814
26760020000	2849000
26800020000	1616686
26840020000	1884070
26880020000	2495207
26920020000	3183241
26960020000	1920701
27000020000	2115861
27040020000	2677385
27080020000	3141265
27120020000	2013538
27160020000	2230070
27200020000	2572224
27240020000	3057709
27280020000	2010948
27320020000	2562695
27360020000	3087133
27400020000	1987388
27440020000	2697837
27480020000	1621831
27520020000	2279563
27560020000	2722632
27600020000	2890010
27640020000	1914015
27680020000	2627339
27720020000	2990795
27760020000	1921167
27800020000	2175805
27840020000	2729312
27880020000	1851178
27920020000	2413985
27960020000	2787567
28000020000	1611748
28040020000	2069290
28080020000	2413583
28120020000	2672013
28160020000	3019000
28200020000	1917953
28240020000	2508951
28280020000	2758073
28320020000	1776089
28360020000	2265490
28400020000	2600413
28440020000	2920632
28480020000	2087514
28520020000	2356320
28560020000	2863988
28600020000	1796010
28640020000	2295298
28680020000	2944863
28720020000	1977506
28760020000	2539499
28800020000	2846996
28840020000	3198279
28880020000	2261450
28920020000	2952730
28960020000	2422998
29000020000	1766378
29040020000	2627758
29080020000	1570526
29120020000	2217837
29160020000	3044864
29200020000	2794133
29240020000	1601306
29280020000	2754536
29320020000	1778741
29360020000	2578715
29400020000	1979189
29440020000	2812495
29480020000	2063409
29520020000	2897272
29560020000	1950098
29600020000	2885313
29640020000	2362855
29680020000	2782801
29720020000	1853302
29760020000	2393055
29800020000	2780300
29840020000	1624709
29880020000	1940829
29920020000	2270290
29960020000	2783693
30000020000	1638646
30040020000	3168271
30080020000	2433604
30120020000	1664025
30160020000	2306112
30200020000	1852412
30240020000	2578900
30280020000	1871600
30320020000	2572942
30360020000	1742623
30400020000	2670885
30440020000	1733939
30480020000	2193904
30520020000	2898465
30560020000	2308725
30600020000	1687641
30640020000	2472653
30680020000	1802898
30720020000	2721874
30760020000	1923310
30800020000	2771921
30840020000	1988167
30880020000	2922375
30920020000	2126087
30960020000	2874872
31000020000	2327295
31040020000	1674531
31080020000	2670763
31120020000	2044387
31160020000	3005788
31200020000	2496895
31240020000	1725415
31280020000	2391868
31320020000	2914879
31360020000	2405923
31400020000	1956415
31440020000	3087430
31480020000	2695235
31520020000	1801804
31560020000	2485231
31600020000	1683161
31640020000	2263556
31680020000	1696855
31720020000	2601416
31760020000	1914492
31800020000	2814452
31840020000	2692411
31880020000	2124702
31920020000	2178225
31960020000	2164704
32000020000	1829353
32040020000	1638365
32080020000	1686583
32120020000	2960045
32160020000	2675207
32200020000	2883997
32240020000	2696648
32280020000	2294060
32320020000	1960893
32360020000	1815774
32400020000	2501922
32440020000	3254559
32480020000	2297751
32520020000	3151200
32560020000	2491240
32600020000	1698484
32640020000	2706803
32680020000	2187353
32720020000	2900857
32760020000	1823885
32800020000	2788015
32840020000	1861444
32880020000	2970829
32920020000	2192224
32960020000	1553803
33000020000	2503737
33040020000	1797945
33080020000	2735518
33120020000	2052934
33160020000	2963811
33200020000	2076121
33240020000	2822563
33280020000	1978223
33320020000	2893060
33360020000	2251839
33400020000	2890033
33440020000	2281486
33480020000	2988586
33520020000	2183753
33560020000	2923950
33600020000	2455143
33640020000	1916631
33680020000	2801248
33720020000	2366344
33760020000	1946769
33800020000	2920116
33840020000	2362797
33880020000	2983857
33920020000	2074441
33960020000	2901994
34000020000	2120075
34040020000	2803821
34080020000	4916393
34120020000	1616568
34160020000	2708996
34200020000	2228721
34240020000	1571071
34280020000	2514075
34320020000	1574929
34360020000	2123336
34400020000	3083704
34440020000	2479006
34480020000	1773125
34520020000	2693167
34560020000	1981466
34600020000	2862107
34640020000	1894963
34680020000	1981061
34720020000	2927004
34760020000	2242035
34800020000	3203083
34840020000	2713856
34880020000	2257502
34920020000	3051761
34960020000	2399559
35000020000	1526039
35040020000	2508413
35080020000	1650654
35120020000	2574913
35160020000	2006256
35200020000	1640156
35240020000	2444135
35280020000	1705803
35320020000	2457642
35360020000	1834209
35400020000	2710962
35440020000	1731164
35480020000	2527904
35520020000	1751977
35560020000	2457947
35600020000	1881166
35640020000	2525074
35680020000	1814034
35720020000	2668498
35760020000	1956143
35800020000	2875165
35840020000	2060901
35880020000	3039498
35920020000	2422612
35960020000	1740775
36000020000	2759378
36040020000	2113093
36080020000	3110514
36120020000	2216856
36160020000	2993631
36200020000	2386681
36240020000	1715539
36280020000	2240094
36320020000	1608084
36360020000	2336037
36400020000	1726747
36440020000	2636989
36480020000	1885709
36520020000	2832137
36560020000	2013853
36600020000	2657723
36640020000	1792391
36680020000	2774783
36720020000	3006594
36760020000	2855837
36800020000	2613798
36840020000	2206314
36880020000	1760805
36920020000	1543886
36960020000	2786038
37000020000	2514131
37040020000	1895815
37080020000	2806880
37120020000	1953880
37160020000	2529843
37200020000	2373502
37240020000	2815809
37280020000	2068403
37320020000	2918724
37360020000	2071422
37400020000	2861056
37440020000	1861063
37480020000	2735177
37520020000	2178681
37560020000	1727538
37600020000	2767208
37640020000	2172147
37680020000	1965276
37720020000	2878732
37760020000	1948386
37800020000	2972944
37840020000	2136606
37880020000	3115787
37920020000	2606492
37960020000	2036415
38000020000	2843607
38040020000	2172502
38080020000	2957330
38120020000	2253339
38160020000	2901937
38200020000	2176383
38240020000	2708799
38280020000	1820842
38320020000	2609297
38360020000	1683622
38400020000	2514462
38440020000	1979461
38480020000	2817199
38520020000	2457556
38560020000	2848156
38600020000	2283356
38640020000	1677766
38680020000	2477851
38720020000	1877851
38760020000	2817404
38800020000	2285787
38840020000	1659764
38880020000	2271670
38920020000	2874899
38960020000	2317252
39000020000	3049285
39040020000	2319042
39080020000	3081296
39120020000	2296003
39160020000	2922834
39200020000	2102437
39240020000	2924394
39280020000	2426664
39320020000	3241438
39360020000	2062810
39400020000	2551760
39440020000	1634810
39480020000	2816734
39520020000	2389310
39560020000	2158969
39600020000	1693242
39640020000	2258852
39680020000	1788369
39720020000	2378809
39760020000	2137251
39800020000	1849492
39840020000	2694726
39880020000	2002085
39920020000	3008810
39960020000	2360877
