20000	3127701
40020000	1116403
80020000	1695911
120020000	1267747
160020000	1390674
200020000	1651673
240020000	885427
280020000	1103022
320020000	1666713
360020000	1318204
400020000	936632
440020000	1402763
480020000	1274670
520020000	1297991
560020000	1293600
600020000	1222255
640020000	1323844
680020000	1218702
720020000	1483682
760020000	1470809
800020000	1226444
840020000	1616771
880020000	1666480
920020000	1015170
960020000	1138754
1000020000	1449190
1040020000	1417821
1080020000	1460174
1120020000	1397024
1160020000	1419848
1200020000	847898
1240020000	1351133
1280020000	1663022
1320020000	1682586
1360020000	1576260
1400020000	1313307
1440020000	1618447
1480020000	916360
1520020000	889054
1560020000	1491835
1600020000	1552040
1640020000	1368221
1680020000	912054
1720020000	1448742
1760020000	1103421
1800020000	1335656
1840020000	1373538
1880020000	1395149
1920020000	1074127
1960020000	1039605
2000020000	966035
2040020000	843144
2080020000	1473548
2120020000	1557296
2160020000	894588
2200020000	1337988
2240020000	1276757
2280020000	1597106
2320020000	2170734
2360020000	1623703
2400020000	935832
2440020000	1179480
2480020000	1278915
2520020000	1468893
2560020000	1086760
2600020000	1212946
2640020000	1192999
2680020000	1069941
2720020000	873823
2760020000	1395225
2800020000	1279605
2840020000	1396763
2880020000	1329339
2920020000	1359171
2960020000	1191595
3000020000	1059068
3040020000	1414747
3080020000	1126944
3120020000	1376249
3160020000	1156356
3200020000	1141639
3240020000	1229715
3280020000	983755
3320020000	900772
3360020000	1397452
3400020000	1227289
3440020000	1414534
3480020000	899282
3520020000	927430
3560020000	1583289
3600020000	1229628
3640020000	1044137
3680020000	1546785
3720020000	1262729
3760020000	1179732
3800020000	1157371
3840020000	1354615
3880020000	1032899
3920020000	1491670
3960020000	1396295
4000020000	1173740
4040020000	948058
4080020000	1450828
4120020000	1255157
4160020000	1153604
4200020000	878715
4240020000	1542186
4280020000	1264742
4320020000	1239018
4360020000	749940
4400020000	1329902
4440020000	1464119
4480020000	1023073
4520020000	972818
4560020000	1563829
4600020000	1407155
4640020000	1303142
4680020000	1229663
4720020000	1196392
4760020000	1548751
4800020000	1504119
4840020000	866620
4880020000	1150487
4920020000	1582476
4960020000	1392687
5000020000	1067513
5040020000	1293354
5080020000	1473323
5120020000	1712038
5160020000	1418830
5200020000	1616952
5240020000	1518216
5280020000	1612081
5320020000	1329337
5360020000	870191
5400020000	1042108
5440020000	1405229
5480020000	1287462
5520020000	972021
5560020000	1027066
5600020000	1604328
5640020000	893797
5680020000	1377407
5720020000	1109470
5760020000	1061878
5800020000	941077
5840020000	883559
5880020000	1531920
5920020000	1417791
5960020000	1297903
6000020000	1161472
6040020000	1063208
6080020000	1594568
6120020000	1544921
6160020000	1313419
6200020000	1655934
6240020000	1432988
6280020000	1577264
6320020000	1357360
6360020000	1425112
6400020000	848181
6440020000	897821
6480020000	1023039
6520020000	1559353
6560020000	942701
6600020000	1272536
6640020000	1014903
6680020000	987948
6720020000	937304
6760020000	1582474
6800020000	1069111
6840020000	908937
6880020000	1243245
6920020000	1045106
6960020000	1049283
7000020000	1519942
7040020000	1173448
7080020000	816689
7120020000	1429543
7160020000	1135937
7200020000	1043282
7240020000	1170124
7280020000	1647962
7320020000	1376599
7360020000	1485885
7400020000	1607366
7440020000	1366210
7480020000	1198057
7520020000	977086
7560020000	1530393
7600020000	1682473
7640020000	1559116
7680020000	1482552
7720020000	1104769
7760020000	1188844
7800020000	1325310
7840020000	1357519
7880020000	860735
7920020000	794918
7960020000	1545478
8000020000	1263046
8040020000	1356484
8080020000	1094133
8120020000	812932
8160020000	1467856
8200020000	1093483
8240020000	1142452
8280020000	1386070
8320020000	1186681
8360020000	1418508
8400020000	1568412
8440020000	849026
8480020000	1207199
8520020000	1509884
8560020000	1220504
8600020000	944548
8640020000	1301389
8680020000	1448889
8720020000	1176824
8760020000	1106860
8800020000	1558219
8840020000	1559236
8880020000	845822
8920020000	1382085
8960020000	1480015
9000020000	1441654
9040020000	1234288
9080020000	1366466
9120020000	1237989
9160020000	1186531
9200020000	1143987
9240020000	861674
9280020000	1443980
9320020000	1550604
9360020000	1420021
9400020000	1215702
9440020000	1371079
9480020000	1308113
9520020000	1314164
9560020000	1304561
9600020000	1089915
9640020000	1017733
9680020000	1421146
9720020000	944826
9760020000	896253
9800020000	1604870
9840020000	1427525
9880020000	1112538
9920020000	982132
9960020000	1512387
10000020000	1241341512
10040020000	1241327454
10080020000	1201327454
10120020000	1161327454
10160020000	1121327454
10200020000	1081327454
10240020000	1041327454
10280020000	1001327454
10320020000	961327454
10360020000	921327454
10400020000	881327454
10440020000	841327454
10480020000	801327454
10520020000	761327454
10560020000	721327454
10600020000	681327454
10640020000	641327454
10680020000	601327454
10720020000	561327454
10760020000	521327454
10800020000	481327454
10840020000	441327454
10880020000	401327454
10920020000	361327454
10960020000	321327454
11000020000	281327454
11040020000	241327454
11080020000	201327454
11120020000	161327454
11160020000	121327454
11200020000	81327454
11240020000	41327454
11280020000	4963473
11320020000	967577
11360020000	1495730
11400020000	1155299
11440020000	1022803
11480020000	1311767
11520020000	1418568
11560020000	1179002
11600020000	1582969
11640020000	1557175
11680020000	1333306
11720020000	1675029
11760020000	1452777
11800020000	1124376
11840020000	1095417
11880020000	906687
11920020000	1868223
11960020000	1208479
12000020000	999770
12040020000	1214711
12080020000	1283010
12120020000	1557210
12160020000	1347470
12200020000	1022525
12240020000	1498026
12280020000	929176
12320020000	1461264
12360020000	1486539
12400020000	1367673
12440020000	1422400
12480020000	1167710
12520020000	1239268
12560020000	1479051
12600020000	1306420
12640020000	1371330
12680020000	1274403
12720020000	986463
12760020000	1144230
12800020000	1464241
12840020000	1099310
12880020000	1486125
12920020000	1555717
12960020000	1294675
13000020000	1179879
13040020000	1308168
13080020000	1180087
13120020000	1386936
13160020000	1559088
13200020000	1405386
13240020000	1687104
13280020000	1233763
13320020000	1649448
13360020000	1039502
13400020000	1126400
13440020000	1482497
13480020000	1306198
13520020000	889691
13560020000	999250
13600020000	916323
13640020000	1124392
13680020000	1355762
13720020000	1628261
13760020000	973890
13800020000	1501921
13840020000	1409130
13880020000	1456168
13920020000	1453930
13960020000	1434524
14000020000	1566289
14040020000	1249616
14080020000	1607749
14120020000	1255088
14160020000	1210652
14200020000	928124
14240020000	905654
14280020000	1001272
14320020000	1606836
14360020000	1408316
14400020000	1512108
14440020000	1682037
14480020000	1518407
14520020000	1419101
14560020000	1572366
14600020000	1675225
14640020000	1051550
14680020000	1008966
14720020000	1600746
14760020000	1744749
14800020000	1352844
14840020000	1613268
14880020000	1240006
14920020000	1118837
14960020000	1345749
15000020000	1289408
15040020000	1506391
15080020000	1587782
15120020000	1591303
15160020000	943886
15200020000	1489868
15240020000	1114636
15280020000	786169
15320020000	1185525
15360020000	1050093
15400020000	1278501
15440020000	1036871
15480020000	1495677
15520020000	1026011
15560020000	1514700
15600020000	971943
15640020000	1744469
15680020000	1462398
15720020000	1528341
15760020000	1179070
15800020000	1088874
15840020000	1298580
15880020000	967867
15920020000	1057411
15960020000	1076850
16000020000	1502731
16040020000	989329
16080020000	1044968
16120020000	913013
16160020000	1752397
16200020000	1583978
16240020000	1596159
16280020000	1582153
16320020000	1042640
16360020000	995040
16400020000	1608899
16440020000	871891
16480020000	1452107
16520020000	1735437
16560020000	1467487
16600020000	1322578
16640020000	1078717
16680020000	1660674
16720020000	1641516
16760020000	901942
16800020000	1149922
16840020000	1516935
16880020000	1660783
16920020000	1503478
16960020000	1558860
17000020000	1057393
17040020000	962030
17080020000	1463747
17120020000	1235452
17160020000	1385372
17200020000	1097343
17240020000	1180758
17280020000	1335331
17320020000	952955
17360020000	1120239
17400020000	1029768
17440020000	938851
17480020000	1062547
17520020000	1590207
17560020000	1481545
17600020000	1514873
17640020000	1545509
17680020000	1527460
17720020000	1139800
17760020000	933802
17800020000	974738
17840020000	1186754
17880020000	1502076
17920020000	930224
17960020000	1588596
18000020000	1574396
18040020000	1098075
18080020000	967995
18120020000	1058969
18160020000	935934
18200020000	901987
18240020000	1136906
18280020000	842297
18320020000	1290907
18360020000	1531748
18400020000	1445349
18440020000	1197578
18480020000	1547010
18520020000	1644039
18560020000	1611801
18600020000	1034471
18640020000	1373586
18680020000	1086590
18720020000	1155040
18760020000	1326417
18800020000	934666
18840020000	1487803
18880020000	1686343
18920020000	1050817
18960020000	1260714
19000020000	2085043
19040020000	1008449
19080020000	1153769
19120020000	1258630
19160020000	1524155
19200020000	1610839
19240020000	1041462
19280020000	1125759
19320020000	1615295
19360020000	1051653
19400020000	1091377
19440020000	1271995
19480020000	1544312
19520020000	1095719
19560020000	1033735
19600020000	985060
19640020000	2238562
19680020000	1584332
19720020000	921267
19760020000	1197818
19800020000	1537722
19840020000	1273397
19880020000	1118422
19920020000	1059430
19960020000	895609
20000020000	1490812
20040020000	9405727
20080020000	14613549
20120020000	16161240
20160020000	19235483
20200020000	21491033
20240020000	2129416
20280020000	30441493
20320020000	36075617
20360020000	15674724
20400020000	37971583
20440020000	40557333
20480020000	1488978
20520020000	1152576
20560020000	2738505
20600020000	4109473
20640020000	2783394
20680020000	5156671
20720020000	7506462
20760020000	6436281
20800020000	9185611
20840020000	11954655
20880020000	10641096
20920020000	15526125
20960020000	26827788
21000020000	7332555
21040020000	30106150
21080020000	33071078
21120020000	12883718
21160020000	34905854
21200020000	36548219
21240020000	15941567
21280020000	38498605
21320020000	39399016
21360020000	2053066
21400020000	1087854
21440020000	2581448
21480020000	5209875
21520020000	3922623
21560020000	6522470
21600020000	9282422
21640020000	8113615
21680020000	10483371
21720020000	12523073
21760020000	11438079
21800020000	14429184
21840020000	16780653
21880020000	15662180
21920020000	18265933
21960020000	20611240
22000020000	1678190
22040020000	21989558
22080020000	24191941
22120020000	3702010
22160020000	26902729
22200020000	29178769
22240020000	8420127
22280020000	30587719
22320020000	33542409
22360020000	13155527
22400020000	36620662
22440020000	38934427
22480020000	17100850
22520020000	43312306
22560020000	3312306
22600020000	5955121
22640020000	4923135
22680020000	7720348
22720020000	10082188
22760020000	8863154
22800020000	11705105
22840020000	14602921
22880020000	13970914
22920020000	17189904
22960020000	19868197
23000020000	1373360
23040020000	21579678
23080020000	24773489
23120020000	4071106
23160020000	28248867
23200020000	31338115
23240020000	10544106
23280020000	33012331
23320020000	36269478
23360020000	15684190
23400020000	38090978
23440020000	40837259
23480020000	1766632
23520020000	1423183
23560020000	3160495
23600020000	8855575
23640020000	7762711
23680020000	10984608
23720020000	13958396
23760020000	13075284
23800020000	16582299
23840020000	20089842
23880020000	1535023
23920020000	22448933
23960020000	25819759
24000020000	5190466
24040020000	1112226
24080020000	1458843
24120020000	1039583
24160020000	1036468
24200020000	1239380
24240020000	1560956
24280020000	1598909
24320020000	837349
24360020000	1214853
24400020000	1345995
24440020000	1701896
24480020000	948144
24520020000	1141671
24560020000	1530841
24600020000	1438356
24640020000	1597182
24680020000	1550731
24720020000	1062680
24760020000	1436439
24800020000	1256345
24840020000	841525
24880020000	1128034
24920020000	1320178
24960020000	897367
25000020000	1334965
25040020000	1598689
25080020000	1502829
25120020000	923051
25160020000	1043875
25200020000	1306418
25240020000	1416483
25280020000	1559837
25320020000	1159270
25360020000	1126597
25400020000	1406209
25440020000	1404100
25480020000	959941
25520020000	1112987
25560020000	1493487
25600020000	1417007
25640020000	1448675
25680020000	932785
25720020000	1151747
25760020000	1387227
25800020000	1554839
25840020000	1567404
25880020000	944531
25920020000	1297771
25960020000	1214995
26000020000	1549473
26040020000	1660941
26080020000	1036744
26120020000	1062624
26160020000	1436616
26200020000	1624971
26240020000	1316304
26280020000	1456713
26320020000	1388548
26360020000	1173437
26400020000	1504054
26440020000	1579835
26480020000	1042478
26520020000	1161280
26560020000	1542214
26600020000	1625196
26640020000	1012762
26680020000	1366985
26720020000	941945
26760020000	1299184
26800020000	1232392
26840020000	987430
26880020000	1146335
26920020000	1571099
26960020000	928386
27000020000	1337599
27040020000	1549223
27080020000	851510
27120020000	930668
27160020000	1652014
27200020000	1426663
27240020000	1556732
27280020000	1423827
27320020000	1677706
27360020000	1629578
27400020000	1122238
27440020000	1166103
27480020000	918505
27520020000	1239713
27560020000	900529
27600020000	1139170
27640020000	1500418
27680020000	1215899
27720020000	1044609
27760020000	1366566
27800020000	1088311
27840020000	1549256
27880020000	880527
27920020000	1015351
27960020000	1302875
28000020000	1452354
28040020000	1624272
28080020000	1031718
28120020000	1620442
28160020000	930644
28200020000	1121727
28240020000	1250219
28280020000	1529907
28320020000	1029267
28360020000	917311
28400020000	893181
28440020000	1042750
28480020000	1321188
28520020000	1549691
28560020000	1107427
28600020000	1474152
28640020000	859517
28680020000	920398
28720020000	1482084
28760020000	891026
28800020000	1032831
28840020000	1497211
28880020000	1258675
28920020000	1583892
28960020000	948323
29000020000	1020382
29040020000	1650759
29080020000	1244634
29120020000	825158
29160020000	1059127
29200020000	1053084
29240020000	917014
29280020000	1323713
29320020000	858308
29360020000	1352911
29400020000	859513
29440020000	1106299
29480020000	1224476
29520020000	1469447
29560020000	1626358
29600020000	1047903
29640020000	1296891
29680020000	832060
29720020000	1227611
29760020000	795502
29800020000	1374041
29840020000	1349817
29880020000	1450598
29920020000	1071546
29960020000	1131367
30000020000	151979076
30040020000	117470009
30080020000	77470009
30120020000	37470009
30160020000	39629586
30200020000	41283681
30240020000	41027508
30280020000	2868440
30320020000	4301591
30360020000	6188946
30400020000	7362706
30440020000	9007316
30480020000	1534306
30520020000	990254
30560020000	1261351
30600020000	1137780
30640020000	1679962
30680020000	1433672
30720020000	1431808
30760020000	1417795
30800020000	1139367
30840020000	1426441
30880020000	1246570
30920020000	1467345
30960020000	1027061
31000020000	1315955
31040020000	1555219
31080020000	1023806
31120020000	1712282
31160020000	1349371
31200020000	1446830
31240020000	1372289
31280020000	1655247
31320020000	880421
31360020000	1180154
31400020000	1388904
31440020000	1027911
31480020000	1064522
31520020000	1273236
31560020000	1241935
31600020000	1448968
31640020000	1493536
31680020000	1567967
31720020000	1335493
31760020000	1792545
31800020000	1471246
31840020000	1528305
31880020000	1541542
31920020000	1726162
31960020000	1130365
32000020000	1722519
32040020000	1255668
32080020000	1343687
32120020000	1377786
32160020000	1038721
32200020000	1408033
32240020000	1258972
32280020000	997170
32320020000	983491
32360020000	1260022
32400020000	1715182
32440020000	1109561
32480020000	1724102
32520020000	1432232
32560020000	1037776
32600020000	1056296
32640020000	1168110
32680020000	1231906
32720020000	906806
32760020000	1632804
32800020000	1450468
32840020000	1348723
32880020000	1096400
32920020000	1565328
32960020000	1306966
33000020000	1233280
33040020000	917522
33080020000	1389909
33120020000	1309252
33160020000	1462882
33200020000	1204711
33240020000	1485044
33280020000	1122028
33320020000	1176317
33360020000	1454173
33400020000	1650987
33440020000	877595
33480020000	1793161
33520020000	1467321
33560020000	1169125
33600020000	946183
33640020000	806853
33680020000	1224835
33720020000	1709911
33760020000	1633636
33800020000	1664615
33840020000	1715814
33880020000	1543656
33920020000	1236672
33960020000	1411842
34000020000	1021951
34040020000	878040
34080020000	3950073
34120020000	1153764
34160020000	1674890
34200020000	948250
34240020000	1431993
34280020000	1261847
34320020000	1527697
34360020000	1089394
34400020000	1791111
34440020000	1530000
34480020000	1192110
34520020000	1177721
34560020000	1422019
34600020000	1645000
34640020000	1685391
34680020000	1202599
34720020000	1262491
34760020000	1037667
34800020000	1645767
34840020000	1227964
34880020000	1393039
34920020000	1368618
34960020000	1166713
35000020000	1531140
35040020000	1164261
35080020000	939159
35120020000	1407763
35160020000	1723956
35200020000	1625430
35240020000	1110776
35280020000	1177608
35320020000	1188583
35360020000	930099
35400020000	893806
35440020000	1419811
35480020000	1513182
35520020000	1503350
35560020000	1128239
35600020000	1373494
35640020000	1017543
35680020000	1605939
35720020000	1537884
35760020000	1749947
35800020000	1541629
35840020000	1500251
35880020000	950362
35920020000	1787471
35960020000	1319567
36000020000	1555515
36040020000	962017
36080020000	979739
36120020000	1675339
36160020000	1748762
36200020000	949623
36240020000	1406552
36280020000	1346980
36320020000	1401702
36360020000	894229
36400020000	1573925
36440020000	1005972
36480020000	1673938
36520020000	1607372
36560020000	1340020
36600020000	866089
36640020000	905466
36680020000	1348449
36720020000	1075181
36760020000	1644049
36800020000	1526298
36840020000	1674441
36880020000	1462404
36920020000	1226174
36960020000	1344213
37000020000	947684
37040020000	1227730
37080020000	1009740
37120020000	1226488
37160020000	921571
37200020000	1350740
37240020000	847487
37280020000	1262417
37320020000	1383732
37360020000	1429426
37400020000	1347031
37440020000	1436102
37480020000	1283130
37520020000	1268287
37560020000	1106431
37600020000	1158772
37640020000	1626666
37680020000	1748389
37720020000	1622347
37760020000	1348308
37800020000	1137457
37840020000	1028462
37880020000	1012113
37920020000	1703368
37960020000	1520881
38000020000	1043372
38040020000	1085342
38080020000	966767
38120020000	1268527
38160020000	837189
38200020000	940547
38240020000	1000214
38280020000	1533141
38320020000	1582882
38360020000	1500791
38400020000	1121942
38440020000	942780
38480020000	1755418
38520020000	1079965
38560020000	1091137
38600020000	1711104
38640020000	930123
38680020000	827052
38720020000	1395323
38760020000	1327804
38800020000	1233297
38840020000	1493642
38880020000	1544032
38920020000	1487978
38960020000	1357265
39000020000	1199769
39040020000	1262826
39080020000	966386
39120020000	1141990
39160020000	1262076
39200020000	1356922
39240020000	1574109
39280020000	1667032
39320020000	1244518
39360020000	1403377
39400020000	1596435
39440020000	964555
39480020000	918722
39520020000	1706015
39560020000	1392238
39600020000	1242147
39640020000	1265590
39680020000	1423661
39720020000	1135343
39760020000	1184668
39800020000	975268
39840020000	1248676
39880020000	987109
39920020000	1530009
39960020000	1293391
