16000	53531666
40016000	21000169
80016000	1382036
120016000	1245015
160016000	1189040
200016000	1107819
240016000	1386885
280016000	1225421
320016000	791417
360016000	1519403
400016000	952601
440016000	755230
480016000	1549696
520016000	1220195
560016000	416710
600016000	704604
640016000	495781
680016000	549103
720016000	552622
760016000	510437
800016000	673543
840016000	316139
880016000	443283
920016000	299190
960016000	362251
1000016000	556921
1040016000	585645
1080016000	339204
1120016000	499565
1160016000	349723
1200016000	259517
1240016000	538960
1280016000	388452
1320016000	425353
1360016000	578420
1400016000	653363
1440016000	396387
1480016000	434868
1520016000	480264
1560016000	458146
1600016000	339712
1640016000	592655
1680016000	317406
1720016000	339281
1760016000	525408
1800016000	503478
1840016000	481121
1880016000	512738
1920016000	338569
1960016000	507763
2000016000	429157
2040016000	573315
2080016000	443232
2120016000	726772
2160016000	408107
2200016000	311103
2240016000	416899
2280016000	545516
2320016000	542406
2360016000	552292
2400016000	454844
2440016000	246363
2480016000	499436
2520016000	486373
2560016000	494452
2600016000	394164
2640016000	589064
2680016000	553780
2720016000	325104
2760016000	366427
2800016000	488290
2840016000	551378
2880016000	250804
2920016000	463374
2960016000	421233
3000016000	384282
3040016000	448692
3080016000	302866
3120016000	341960
3160016000	529788
3200016000	564005
3240016000	361066
3280016000	271154
3320016000	485881
3360016000	552966
3400016000	394836
3440016000	415313
3480016000	299591
3520016000	662679
3560016000	497546
3600016000	396534
3640016000	339329
3680016000	355617
3720016000	562613
3760016000	421439
3800016000	398259
3840016000	345222
3880016000	348863
3920016000	413767
3960016000	462650
4000016000	356346
4040016000	408275
4080016000	381038
4120016000	505748
4160016000	537255
4200016000	3611908
4240016000	333188
4280016000	450752
4320016000	527390
4360016000	405418
4400016000	370547
4440016000	683722
4480016000	510111
4520016000	417764
4560016000	416758
4600016000	476546
4640016000	265754
4680016000	322157
4720016000	455234
4760016000	533121
4800016000	255315
4840016000	447055
4880016000	329976
4920016000	566746
4960016000	458896
5000016000	587642
5040016000	527175
5080016000	498282
5120016000	338415
5160016000	473894
5200016000	255499
5240016000	708706
5280016000	239659
5320016000	584472
5360016000	520422
5400016000	447769
5440016000	257934
5480016000	395536
5520016000	392002
5560016000	538051
5600016000	322634
5640016000	609329
5680016000	373307
5720016000	568528
5760016000	367290
5800016000	458387
5840016000	448365
5880016000	612164
5920016000	266414
5960016000	437286
6000016000	432350
6040016000	482356
6080016000	605242
6120016000	426109
6160016000	399911
6200016000	441739
6240016000	533581
6280016000	453318
6320016000	561106
6360016000	385059
6400016000	341734
6440016000	556210
6480016000	541761
6520016000	324909
6560016000	493684
6600016000	540983
6640016000	639974
6680016000	425972
6720016000	612526
6760016000	438862
6800016000	352006
6840016000	483904
6880016000	600778
6920016000	431508
6960016000	321044
7000016000	432828
7040016000	313467
7080016000	441026
7120016000	418748
7160016000	386783
7200016000	393018
7240016000	513774
7280016000	677411
7320016000	485464
7360016000	457558
7400016000	328937
7440016000	694518
7480016000	542589
7520016000	474087
7560016000	777655
7600016000	636024
7640016000	397577
7680016000	551572
7720016000	600830
7760016000	564014
7800016000	542053
7840016000	638228
7880016000	508576
7920016000	579922
7960016000	471702
8000016000	509057
8040016000	812596
8080016000	509998
8120016000	388624
8160016000	569682
8200016000	523834
8240016000	314587
8280016000	593700
8320016000	459001
8360016000	481965
8400016000	401408
8440016000	402008
8480016000	505667
8520016000	526465
8560016000	540894
8600016000	740292
8640016000	388437
8680016000	423988
8720016000	416806
8760016000	788375
8800016000	499692
8840016000	401128
8880016000	320948
8920016000	422087
8960016000	256156
9000016000	304560
9040016000	418881
9080016000	516413
9120016000	376251
9160016000	587223
9200016000	403671
9240016000	637557
9280016000	403669
9320016000	488545
9360016000	411967
9400016000	613312
9440016000	366614
9480016000	739968
9520016000	568287
9560016000	552409
9600016000	380628
9640016000	543473
9680016000	497448
9720016000	689316
9760016000	415584
9800016000	580782
9840016000	341013
9880016000	383444
9920016000	515803
9960016000	393068
10000016000	1343288
10040016000	412760
10080016000	641735
10120016000	433168
10160016000	623326
10200016000	502309
10240016000	699754
10280016000	647586
10320016000	642992
10360016000	511190
10400016000	341072
10440016000	485122
10480016000	366263
10520016000	504311
10560016000	660796
10600016000	798703
10640016000	597960
10680016000	377683
10720016000	543447
10760016000	421105
10800016000	250927
10840016000	417153
10880016000	274383
10920016000	691110
10960016000	655862
11000016000	537925
11040016000	485097
11080016000	522326
11120016000	459082
11160016000	728244
11200016000	488089
11240016000	504636
11280016000	638595
11320016000	612325
11360016000	588118
11400016000	565155
11440016000	724074
11480016000	280979
11520016000	541059
11560016000	471531
11600016000	554173
11640016000	598482
11680016000	674491
11720016000	277068
11760016000	593480
11800016000	476947
11840016000	390186
11880016000	424301
11920016000	404210
11960016000	566687
12000016000	397952
12040016000	402160
12080016000	553975
12120016000	738272
12160016000	627343
12200016000	652385
12240016000	591408
12280016000	569909
12320016000	403945
12360016000	329480
12400016000	268683
12440016000	386966
12480016000	264895
12520016000	250027
12560016000	420970
12600016000	281472
12640016000	480471
12680016000	495786
12720016000	522427
12760016000	400198
12800016000	704764
12840016000	411633
12880016000	543599
12920016000	409093
12960016000	598749
13000016000	763068
13040016000	757106
13080016000	429141
13120016000	425880
13160016000	351661
13200016000	429113
13240016000	672402
13280016000	298301
13320016000	505813
13360016000	280324
13400016000	325073
13440016000	447147
13480016000	413461
13520016000	407456
13560016000	547936
13600016000	377456
13640016000	402995
13680016000	401793
13720016000	502366
13760016000	589508
13800016000	538674
13840016000	517128
13880016000	320811
13920016000	352966
13960016000	479605
14000016000	500147
14040016000	623076
14080016000	621476
14120016000	617016
14160016000	658982
14200016000	353925
14240016000	577259
14280016000	405234
14320016000	282286
14360016000	471339
14400016000	387661
14440016000	506129
14480016000	321585
14520016000	497664
14560016000	524877
14600016000	474964
14640016000	668924
14680016000	1107477
14720016000	541528
14760016000	445567
14800016000	746132
14840016000	550869
14880016000	495048
14920016000	251234
14960016000	334741
15000016000	372789
15040016000	485255
15080016000	406982
15120016000	335998
15160016000	779337
15200016000	613114
15240016000	344866
15280016000	455807
15320016000	411668
15360016000	362055
15400016000	404448
15440016000	617811
15480016000	289539
15520016000	460304
15560016000	422143
15600016000	430586
15640016000	441495
15680016000	572727
15720016000	585496
15760016000	556586
15800016000	349035
15840016000	256348
15880016000	427671
15920016000	506949
15960016000	492582
16000016000	519458
16040016000	488732
16080016000	545840
16120016000	562369
16160016000	671110
16200016000	449260
16240016000	708903
16280016000	472998
16320016000	757702
16360016000	326565
16400016000	669818
16440016000	586948
16480016000	284334
16520016000	410700
16560016000	721637
16600016000	815292
16640016000	513085
16680016000	347567
16720016000	467995
16760016000	481134
16800016000	449218
16840016000	507351
16880016000	679415
16920016000	373416
16960016000	646749
17000016000	467099
17040016000	350963
17080016000	341156
17120016000	714050
17160016000	600624
17200016000	454380
17240016000	425899
17280016000	488719
17320016000	393941
17360016000	505938
17400016000	353967
17440016000	449557
17480016000	413408
17520016000	317444
17560016000	450263
17600016000	551054
17640016000	667074
17680016000	504729
17720016000	377913
17760016000	295017
17800016000	468651
17840016000	628049
17880016000	658963
17920016000	598277
17960016000	566077
18000016000	589446
18040016000	410981
18080016000	654911
18120016000	440022
18160016000	630198
18200016000	512705
18240016000	540998
18280016000	338940
18320016000	708150
18360016000	551940
18400016000	306355
18440016000	668939
18480016000	347002
18520016000	316272
18560016000	405380
18600016000	653892
18640016000	657983
18680016000	482195
18720016000	675468
18760016000	435435
18800016000	402741
18840016000	557746
18880016000	255208
18920016000	595878
18960016000	473373
19000016000	358291
19040016000	328981
19080016000	406817
19120016000	734394
19160016000	792590
19200016000	271699
19240016000	451508
19280016000	275566
19320016000	495219
19360016000	737540
19400016000	399093
19440016000	587774
19480016000	515631
19520016000	344719
19560016000	505926
19600016000	397503
19640016000	236541
19680016000	572608
19720016000	660733
19760016000	446436
19800016000	375376
19840016000	527620
19880016000	522607
19920016000	358120
19960016000	381790
20000016000	561249
20040016000	668817
20080016000	820519
20120016000	567502
20160016000	318117
20200016000	344301
20240016000	459150
20280016000	494044
20320016000	734972
20360016000	670254
20400016000	249016
20440016000	417940
20480016000	647287
20520016000	397562
20560016000	395846
20600016000	633080
20640016000	637555
20680016000	328591
20720016000	418219
20760016000	471294
20800016000	343192
20840016000	578440
20880016000	369579
20920016000	579788
20960016000	399724
21000016000	270033
21040016000	673400
21080016000	372808
21120016000	283874
21160016000	551284
21200016000	258344
21240016000	659659
21280016000	418410
21320016000	429065
21360016000	476804
21400016000	329147
21440016000	324002
21480016000	401366
21520016000	387297
21560016000	388379
21600016000	610940
21640016000	820418
21680016000	525150
21720016000	478307
21760016000	496208
21800016000	209985
21840016000	380938
21880016000	541044
21920016000	342951
21960016000	323484
22000016000	702149
22040016000	405692
22080016000	342109
22120016000	435266
22160016000	334222
22200016000	511058
22240016000	392905
22280016000	378105
22320016000	338003
22360016000	480661
22400016000	348569
22440016000	251685
22480016000	475974
22520016000	533602
22560016000	379257
22600016000	549465
22640016000	493067
22680016000	668266
22720016000	451164
22760016000	518013
22800016000	486853
22840016000	710191
22880016000	716493
22920016000	569587
22960016000	274123
23000016000	447109
23040016000	336596
23080016000	574825
23120016000	515938
23160016000	347231
23200016000	630364
23240016000	379539
23280016000	496643
23320016000	350672
23360016000	617056
23400016000	475657
23440016000	641262
23480016000	676499
23520016000	347031
23560016000	601694
23600016000	302393
23640016000	434690
23680016000	815634
23720016000	406412
23760016000	329992
23800016000	563128
23840016000	389279
23880016000	399858
23920016000	564028
23960016000	386942
24000016000	597667
24040016000	404647
24080016000	344272
24120016000	580225
24160016000	439207
24200016000	482202
24240016000	339837
24280016000	424648
24320016000	347315
24360016000	779895
24400016000	399610
24440016000	411513
24480016000	358527
24520016000	341626
24560016000	596124
24600016000	701360
24640016000	339003
24680016000	434576
24720016000	552311
24760016000	450469
24800016000	340339
24840016000	475528
24880016000	239932
24920016000	736487
24960016000	407906
25000016000	377818
25040016000	317992
25080016000	666445
25120016000	477164
25160016000	475750
25200016000	600839
25240016000	544215
25280016000	635305
25320016000	345695
25360016000	259677
25400016000	466133
25440016000	535147
25480016000	446971
25520016000	628154
25560016000	343899
25600016000	513331
25640016000	355319
25680016000	545649
25720016000	387358
25760016000	600822
25800016000	449510
25840016000	352133
25880016000	422611
25920016000	576537
25960016000	609390
26000016000	322656
26040016000	718296
26080016000	583555
26120016000	512196
26160016000	704924
26200016000	363991
26240016000	517613
26280016000	670049
26320016000	477493
26360016000	581198
26400016000	255287
26440016000	616506
26480016000	276562
26520016000	528350
26560016000	557901
26600016000	619346
26640016000	367624
26680016000	762913
26720016000	409812
26760016000	338631
26800016000	352342
26840016000	246306
26880016000	577152
26920016000	499506
26960016000	377764
27000016000	276598
27040016000	475066
27080016000	673213
27120016000	358052
27160016000	461543
27200016000	525061
27240016000	494077
27280016000	836391
27320016000	405901
27360016000	266242
27400016000	341069
27440016000	454736
27480016000	517157
27520016000	423646
27560016000	442352
27600016000	443214
27640016000	348772
27680016000	518430
27720016000	354392
27760016000	454788
27800016000	457205
27840016000	561638
27880016000	558378
27920016000	614857
27960016000	442660
28000016000	633623
28040016000	336523
28080016000	419353
28120016000	583582
28160016000	789390
28200016000	456011
28240016000	599235
28280016000	277874
28320016000	466897
28360016000	369311
28400016000	401472
28440016000	696093
28480016000	288423
28520016000	247336
28560016000	405333
28600016000	496800
28640016000	443134
28680016000	391449
28720016000	280346
28760016000	391518
28800016000	463842
28840016000	572413
28880016000	360957
28920016000	341055
28960016000	409284
29000016000	468552
29040016000	370619
29080016000	601430
29120016000	345387
29160016000	380038
29200016000	657052
29240016000	337196
29280016000	383106
29320016000	563101
29360016000	2304341
29400016000	647027
29440016000	604519
29480016000	534076
29520016000	281032
29560016000	422169
29600016000	277508
29640016000	465866
29680016000	339454
29720016000	538120
29760016000	801122
29800016000	346555
29840016000	366629
29880016000	582593
29920016000	333122
29960016000	357847
30000016000	480753
30040016000	271140
30080016000	409146
30120016000	508735
30160016000	407985
30200016000	640302
30240016000	390721
30280016000	244112
30320016000	667037
30360016000	544218
30400016000	513483
30440016000	323531
30480016000	298124
30520016000	471353
30560016000	595727
30600016000	409352
30640016000	580823
30680016000	505599
30720016000	438950
30760016000	635533
30800016000	421035
30840016000	473933
30880016000	559686
30920016000	587141
30960016000	323977
31000016000	336634
31040016000	618990
31080016000	648655
31120016000	635083
31160016000	432499
31200016000	444166
31240016000	332611
31280016000	629362
31320016000	318438
31360016000	468257
31400016000	567104
31440016000	370324
31480016000	346466
31520016000	796225
31560016000	364169
31600016000	332110
31640016000	466538
31680016000	423669
31720016000	543425
31760016000	267362
31800016000	428988
31840016000	502933
31880016000	469525
31920016000	362703
31960016000	558771
32000016000	487011
32040016000	669998
32080016000	739843
32120016000	476277
32160016000	455955
32200016000	459195
32240016000	297832
32280016000	516964
32320016000	525850
32360016000	535243
32400016000	525818
32440016000	359649
32480016000	381208
32520016000	882233
32560016000	514625
32600016000	348856
32640016000	621508
32680016000	546264
32720016000	548795
32760016000	470921
32800016000	643759
32840016000	416633
32880016000	858022
32920016000	379442
32960016000	389089
33000016000	663177
33040016000	600652
33080016000	435831
33120016000	416804
33160016000	418622
33200016000	403263
33240016000	794558
33280016000	327859
33320016000	635030
33360016000	411006
33400016000	350768
33440016000	525565
33480016000	644338
33520016000	348961
33560016000	3640853
33600016000	488529
33640016000	433713
33680016000	276822
33720016000	322375
33760016000	639752
33800016000	490847
33840016000	349885
33880016000	515845
33920016000	687754
33960016000	708064
34000016000	357221
34040016000	422890
34080016000	815391
34120016000	469328
34160016000	680308
34200016000	531712
34240016000	346032
34280016000	441141
34320016000	734501
34360016000	339567
34400016000	410397
34440016000	570990
34480016000	579185
34520016000	338850
34560016000	461323
34600016000	346130
34640016000	257561
34680016000	458357
34720016000	323947
34760016000	355109
34800016000	702335
34840016000	466307
34880016000	264624
34920016000	393620
34960016000	674355
35000016000	586411
35040016000	318538
35080016000	593508
35120016000	712123
35160016000	498786
35200016000	769645
35240016000	488340
35280016000	598013
35320016000	765228
35360016000	467850
35400016000	338861
35440016000	548300
35480016000	401929
35520016000	864759
35560016000	338745
35600016000	477757
35640016000	579963
35680016000	504709
35720016000	361800
35760016000	527345
35800016000	601745
35840016000	757994
35880016000	368920
35920016000	436188
35960016000	316228
36000016000	580464
36040016000	724027
36080016000	535913
36120016000	450452
36160016000	423405
36200016000	863564
36240016000	451849
36280016000	589746
36320016000	565813
36360016000	511623
36400016000	673567
36440016000	590347
36480016000	425944
36520016000	663747
36560016000	555767
36600016000	515494
36640016000	365373
36680016000	450002
36720016000	397653
36760016000	491869
36800016000	321303
36840016000	597893
36880016000	363574
36920016000	439475
36960016000	435379
37000016000	255655
37040016000	384181
37080016000	448951
37120016000	763742
37160016000	562119
37200016000	339622
37240016000	435905
37280016000	383459
37320016000	558548
37360016000	505286
37400016000	480532
37440016000	505843
37480016000	530184
37520016000	603164
37560016000	401356
37600016000	409073
37640016000	323861
37680016000	386431
37720016000	649816
37760016000	612178
37800016000	506144
37840016000	353326
37880016000	620180
37920016000	462329
37960016000	682892
38000016000	446371
38040016000	568769
38080016000	427845
38120016000	504165
38160016000	662355
38200016000	497248
38240016000	261568
38280016000	562237
38320016000	552961
38360016000	527904
38400016000	396319
38440016000	392877
38480016000	446472
38520016000	690848
38560016000	588378
38600016000	567986
38640016000	390926
38680016000	528462
38720016000	672461
38760016000	605569
38800016000	694658
38840016000	593732
38880016000	632543
38920016000	557232
38960016000	314356
39000016000	403969
39040016000	462038
39080016000	366302
39120016000	616763
39160016000	274664
39200016000	523863
39240016000	559814
39280016000	338583
39320016000	511209
39360016000	378791
39400016000	664181
39440016000	720383
39480016000	444844
39520016000	885831
39560016000	319596
39600016000	516732
39640016000	497253
39680016000	570401
39720016000	662421
39760016000	476368
39800016000	668434
39840016000	395007
39880016000	466651
39920016000	515395
39960016000	541816
