2000	1054439
30002000	333780
60002000	270312
90002000	274941
120002000	218864
150002000	421515
180002000	267513
210002000	215351
240002000	323003
270002000	257381
300002000	253763
330002000	299432
360002000	358033
390002000	317644
420002000	235002
450002000	374321
480002000	322620
510002000	362688
540002000	191656
570002000	292526
600002000	262990
630002000	192073
660002000	371157
690002000	149967
720002000	350806
750002000	185766
780002000	163769
810002000	319111
840002000	94241
870002000	242533
900002000	317544
930002000	243011
960002000	329989
990002000	272194
1020002000	335074
1050002000	2897772
1080002000	269218
1110002000	349109
1140002000	334012
1170002000	248145
1200002000	214338
1230002000	199837
1260002000	319142
1290002000	120762
1320002000	266373
1350002000	102296
1380002000	412932
1410002000	350241
1440002000	317075
1470002000	278823
1500002000	406245
1530002000	434339
1560002000	329316
1590002000	330457
1620002000	330111
1650002000	126835
1680002000	221137
1710002000	216285
1740002000	237702
1770002000	236930
1800002000	194914
1830002000	326011
1860002000	267678
1890002000	271956
1920002000	267140
1950002000	145802
1980002000	294328
2010002000	381012
2040002000	330901
2070002000	353153
2100002000	1322092
2130002000	256970
2160002000	128821
2190002000	259310
2220002000	386706
2250002000	288359
2280002000	198257
2310002000	238589
2340002000	245584
2370002000	215381
2400002000	315499
2430002000	271306
2460002000	350826
2490002000	293232
2520002000	239840
2550002000	397817
2580002000	223365
2610002000	406441
2640002000	209871
2670002000	427537
2700002000	302093
2730002000	226626
2760002000	500077
2790002000	116534
2820002000	391213
2850002000	261317
2880002000	141014
2910002000	335161
2940002000	287844
2970002000	215330
3000002000	296743
3030002000	86528
3060002000	406724
3090002000	331072
3120002000	303599
3150002000	1470059
3180002000	130068
3210002000	194857
3240002000	310711
3270002000	307225
3300002000	217468
3330002000	275759
3360002000	280407
3390002000	209101
3420002000	261660
3450002000	212611
3480002000	187024
3510002000	222922
3540002000	377926
3570002000	144388
3600002000	295838
3630002000	214856
3660002000	294582
3690002000	319077
3720002000	374404
3750002000	211224
3780002000	387631
3810002000	259456
3840002000	399161
3870002000	331250
3900002000	318509
3930002000	255046
3960002000	398700
3990002000	267163
4020002000	309730
4050002000	405718
4080002000	3025946
4110002000	596593
4140002000	401539
4170002000	338302
4200002000	754824
4230002000	408179
4260002000	424565
4290002000	366790
4320002000	248363
4350002000	285588
4380002000	269114
4410002000	120752
4440002000	252693
4470002000	184526
4500002000	255210
4530002000	191386
4560002000	336422
4590002000	196723
4620002000	233933
4650002000	347199
4680002000	232524
4710002000	197457
4740002000	263069
4770002000	234290
4800002000	246635
4830002000	354160
4860002000	212537
4890002000	167736
4920002000	364752
4950002000	234069
4980002000	385308
5010002000	159222
5040002000	366945
5070002000	227731
5100002000	395920
5130002000	289237
5160002000	292788
5190002000	161488
5220002000	280288
5250002000	306707
5280002000	341812
5310002000	150837
5340002000	282121
5370002000	279619
5400002000	345793
5430002000	412905
5460002000	242327
5490002000	345175
5520002000	174516
5550002000	380847
5580002000	342994
5610002000	364480
5640002000	263643
5670002000	433917
5700002000	353294
5730002000	364656
5760002000	416663
5790002000	250466
5820002000	244859
5850002000	365273
5880002000	203410
5910002000	399957
5940002000	265293
5970002000	136084
6000002000	115127
6030002000	1507813
6060002000	190469
6090002000	243501
6120002000	339583
6150002000	229153
6180002000	140148
6210002000	181283
6240002000	83038
6270002000	243033
6300002000	111497
6330002000	367917
6360002000	273067
6390002000	191803
6420002000	290238
6450002000	261423
6480002000	360582
6510002000	81954
6540002000	366364
6570002000	157825
6600002000	119712
6630002000	227216
6660002000	284318
6690002000	295693
6720002000	328534
6750002000	369031
6780002000	331648
6810002000	298777
6840002000	97415
6870002000	160045
6900002000	389537
6930002000	228494
6960002000	254187
6990002000	401605
7020002000	221242
7050002000	90390
7080002000	908766
7110002000	279434
7140002000	269779
7170002000	210111
7200002000	234303
7230002000	204520
7260002000	240341
7290002000	250498
7320002000	253250
7350002000	358706
7380002000	297879
7410002000	324253
7440002000	185697
7470002000	266632
7500002000	381007
7530002000	249423
7560002000	349156
7590002000	209598
7620002000	143419
7650002000	357133
7680002000	286697
7710002000	253039
7740002000	151189
7770002000	362161
7800002000	346263
7830002000	246373
7860002000	319228
7890002000	287478
7920002000	83286
7950002000	279541
7980002000	331409
8010002000	272307
8040002000	392441
8070002000	191169
8100002000	349712
8130002000	374600
8160002000	255057
8190002000	349414
8220002000	245548
8250002000	181536
8280002000	207338
8310002000	302231
8340002000	237109
8370002000	294881
8400002000	248098
8430002000	219309
8460002000	87209
8490002000	238652
8520002000	363397
8550002000	271978
8580002000	142870
8610002000	317220
8640002000	386620
8670002000	105630
8700002000	410983
8730002000	239710
8760002000	240718
8790002000	232584
8820002000	366319
8850002000	257726
8880002000	258336
8910002000	232187
8940002000	149163
8970002000	293717
9000002000	328035
9030002000	191848
9060002000	391784
9090002000	291068
9120002000	247461
9150002000	212405
9180002000	370025
9210002000	282440
9240002000	331471
9270002000	340502
9300002000	209240
9330002000	233220
9360002000	204054
9390002000	271201
9420002000	253340
9450002000	381420
9480002000	365591
9510002000	333458
9540002000	182064
9570002000	323954
9600002000	205297
9630002000	252268
9660002000	201522
9690002000	260044
9720002000	264360
9750002000	253409
9780002000	210892
9810002000	310847
9840002000	207498
9870002000	384027
9900002000	108787
9930002000	272053
9960002000	249901
9990002000	147897
10020002000	3278075218
10050002000	3248075218
10080002000	3218075218
10110002000	3188075218
10140002000	3158075218
10170002000	3128075218
10200002000	3098075218
10230002000	3068075218
10260002000	3038075218
10290002000	3008075218
10320002000	2978075218
10350002000	2948075218
10380002000	2918075218
10410002000	2888075218
10440002000	2858075218
10470002000	2828075218
10500002000	2798075218
10530002000	2768075218
10560002000	2738075218
10590002000	2708075218
10620002000	2678075218
10650002000	2648075218
10680002000	2618075218
10710002000	2588075218
10740002000	2558075218
10770002000	2528075218
10800002000	2498075218
10830002000	2468075218
10860002000	2438075218
10890002000	2408075218
10920002000	2378075218
10950002000	2348075218
10980002000	2318075218
11010002000	2288075218
11040002000	2258075218
11070002000	2228075218
11100002000	2198075218
11130002000	2168075218
11160002000	2138075218
11190002000	2108075218
11220002000	2078075218
11250002000	2048075218
11280002000	2018075218
11310002000	1988075218
11340002000	1958075218
11370002000	1928075218
11400002000	1898075218
11430002000	1868075218
11460002000	1838075218
11490002000	1808075218
11520002000	1778075218
11550002000	1748075218
11580002000	1718075218
11610002000	1688075218
11640002000	1658075218
11670002000	1628075218
11700002000	1598075218
11730002000	1568075218
11760002000	1538075218
11790002000	1508075218
11820002000	1478075218
11850002000	1448075218
11880002000	1418075218
11910002000	1388075218
11940002000	1358075218
11970002000	1328075218
12000002000	1298075218
12030002000	1268075218
12060002000	1238075218
12090002000	1208075218
12120002000	1178075218
12150002000	1148075218
12180002000	1118075218
12210002000	1088075218
12240002000	1058075218
12270002000	1028075218
12300002000	998075218
12330002000	968075218
12360002000	938075218
12390002000	908075218
12420002000	878075218
12450002000	848075218
12480002000	818075218
12510002000	788075218
12540002000	758075218
12570002000	979581549
12600002000	949581549
12630002000	919581549
12660002000	889581549
12690002000	859581549
12720002000	829581549
12750002000	799581549
12780002000	769581549
12810002000	739581549
12840002000	709581549
12870002000	679581549
12900002000	649581549
12930002000	619581549
12960002000	589581549
12990002000	559581549
13020002000	529581549
13050002000	499581549
13080002000	469581549
13110002000	439581549
13140002000	409581549
13170002000	379581549
13200002000	349581549
13230002000	319581549
13260002000	289581549
13290002000	259581549
13320002000	312055949
13350002000	282055949
13380002000	252055949
13410002000	222055949
13440002000	192055949
13470002000	162055949
13500002000	132055949
13530002000	102055949
13560002000	98927595
13590002000	68927595
13620002000	38927595
13650002000	19831895
13680002000	155278
13710002000	196741
13740002000	239365
13770002000	172546
13800002000	185851
13830002000	197229
13860002000	220652
13890002000	170988
13920002000	227323
13950002000	182195
13980002000	230306
14010002000	88671
14040002000	164979
14070002000	82800
14100002000	181936
14130002000	171966
14160002000	208417
14190002000	116498
14220002000	87355
14250002000	95742
14280002000	208493
14310002000	137529
14340002000	217664
14370002000	179422
14400002000	132267
14430002000	189047
14460002000	201772
14490002000	204773
14520002000	234183
14550002000	96730
14580002000	140951
14610002000	104104
14640002000	135650
14670002000	231264
14700002000	92943
14730002000	112908
14760002000	185090
14790002000	241547
14820002000	106331
14850002000	192893
14880002000	122159
14910002000	217549
14940002000	142644
14970002000	162710
15000002000	176263
15030002000	174888
15060002000	97566
15090002000	118749
15120002000	143093
15150002000	137990
15180002000	141110
15210002000	213006
15240002000	87974
15270002000	117721
15300002000	89765
15330002000	147752
15360002000	209320
15390002000	137538
15420002000	155877
15450002000	216401
15480002000	245367
15510002000	230778
15540002000	175893
15570002000	120249
15600002000	137371
15630002000	148248
15660002000	171132
15690002000	167882
15720002000	208853
15750002000	230450
15780002000	110418
15810002000	99808
15840002000	229548
15870002000	172852
15900002000	116275
15930002000	133008
15960002000	218105
15990002000	237686
16020002000	191704
16050002000	170765
16080002000	196475
16110002000	206531
16140002000	218877
16170002000	155316
16200002000	94623
16230002000	217760
16260002000	230737
16290002000	157916
16320002000	109107
16350002000	258605
16380002000	234553
16410002000	220037
16440002000	195691
16470002000	235458
16500002000	174600
16530002000	181432
16560002000	203095
16590002000	141394
16620002000	173865
16650002000	190135
16680002000	156622
16710002000	174503
16740002000	200957
16770002000	242885
16800002000	207327
16830002000	159074
16860002000	239190
16890002000	192448
16920002000	217838
16950002000	226445
16980002000	208930
17010002000	99694
17040002000	1202509
17070002000	213422
17100002000	231427
17130002000	86395
17160002000	157485
17190002000	192651
17220002000	95132
17250002000	109578
17280002000	244139
17310002000	88927
17340002000	134513
17370002000	237447
17400002000	240009
17430002000	142368
17460002000	95049
17490002000	177867
17520002000	197176
17550002000	186133
17580002000	223372
17610002000	211233
17640002000	227942
17670002000	114120
17700002000	232922
17730002000	192008
17760002000	179596
17790002000	149766
17820002000	204209
17850002000	82282
17880002000	226800
17910002000	213240
17940002000	239157
17970002000	118865
18000002000	171185
18030002000	175247
18060002000	200966
18090002000	250957
18120002000	137305
18150002000	148899
18180002000	101032
18210002000	154762
18240002000	234812
18270002000	213185
18300002000	99342
18330002000	217736
18360002000	103873
18390002000	214662
18420002000	121545
18450002000	158960
18480002000	162250
18510002000	126630
18540002000	242690
18570002000	225377
18600002000	132301
18630002000	172428
18660002000	198007
18690002000	177458
18720002000	166957
18750002000	210135
18780002000	199596
18810002000	225465
18840002000	196048
18870002000	145249
18900002000	159792
18930002000	178007
18960002000	209212
18990002000	96331
19020002000	220722
19050002000	172172
19080002000	162211
19110002000	141774
19140002000	178329
19170002000	115801
19200002000	237679
19230002000	133857
19260002000	139116
19290002000	117110
19320002000	113477
19350002000	211820
19380002000	174344
19410002000	106091
19440002000	167692
19470002000	181571
19500002000	180637
19530002000	88435
19560002000	138822
19590002000	232866
19620002000	163260
19650002000	139357
19680002000	221016
19710002000	158732
19740002000	97657
19770002000	199827
19800002000	230352
19830002000	219708
19860002000	186161
19890002000	114966
19920002000	101364
19950002000	128759
19980002000	235222
20010002000	7567333
20040002000	7898508
20070002000	6419353
20100002000	3245515
20130002000	9371715
20160002000	4564480
20190002000	4191864
20220002000	1526446
20250002000	8025966
20280002000	4088497
20310002000	1216881
20340002000	9464532
20370002000	6547140
20400002000	4029494
20430002000	1762275
20460002000	2308188
20490002000	2044842
20520002000	1738510
20550002000	1643583
20580002000	1378472
20610002000	2653765
20640002000	3738156
20670002000	3267607
20700002000	4877942
20730002000	7036533
20760002000	8935817
20790002000	8971752
20820002000	9832553
20850002000	10282531
20880002000	10691688
20910002000	12006186
20940002000	9539024
20970002000	1540463
21000002000	4608194
21030002000	6850439
21060002000	7725807
21090002000	3613449
21120002000	9195220
21150002000	9875952
21180002000	2922513
21210002000	4030858
21240002000	7557442
21270002000	11610481
21300002000	1750739
21330002000	3950209
21360002000	5676906
21390002000	10000475
21420002000	9978012
21450002000	3750626
21480002000	6340368
21510002000	10816954
21540002000	6178080
21570002000	11262053
21600002000	3256511
21630002000	5993836
21660002000	11974136
21690002000	3654196
21720002000	6763158
21750002000	12758797
21780002000	6410082
21810002000	11888865
21840002000	2580580
21870002000	7338558
21900002000	11019379
21930002000	6056618
21960002000	11064431
21990002000	10935825
22020002000	9509633
22050002000	4470738
22080002000	11147355
22110002000	5206429
22140002000	293531
22170002000	257097
22200002000	256240
22230002000	448166
22260002000	239389
22290002000	342723
22320002000	433821
22350002000	280426
22380002000	364826
22410002000	376719
22440002000	208379
22470002000	226588
22500002000	257923
22530002000	245758
22560002000	266575
22590002000	241825
22620002000	270061
22650002000	389395
22680002000	200796
22710002000	284952
22740002000	224307
22770002000	365190
22800002000	216492
22830002000	233968
22860002000	232578
22890002000	298471
22920002000	369889
22950002000	220702
22980002000	223772
23010002000	240372
23040002000	338829
23070002000	2361924
23100002000	222250
23130002000	391221
23160002000	405330
23190002000	200020
23220002000	334913
23250002000	403742
23280002000	305285
23310002000	312531
23340002000	346735
23370002000	178548
23400002000	222940
23430002000	279572
23460002000	167166
23490002000	400409
23520002000	125985
23550002000	398315
23580002000	430862
23610002000	119435
23640002000	242496
23670002000	214730
23700002000	330678
23730002000	274560
23760002000	250314
23790002000	392681
23820002000	355583
23850002000	213058
23880002000	172731
23910002000	254802
23940002000	307648
23970002000	347152
24000002000	332181
24030002000	277686
24060002000	212486
24090002000	404189
24120002000	1971906
24150002000	264497
24180002000	235730
24210002000	309839
24240002000	180121
24270002000	395429
24300002000	276232
24330002000	216725
24360002000	256537
24390002000	404861
24420002000	311164
24450002000	186367
24480002000	309265
24510002000	237339
24540002000	307014
24570002000	245698
24600002000	404127
24630002000	252662
24660002000	277151
24690002000	257970
24720002000	159237
24750002000	130264
24780002000	358293
24810002000	276504
24840002000	137830
24870002000	228425
24900002000	221750
24930002000	370830
24960002000	194074
24990002000	315622
25020002000	110381
25050002000	240759
25080002000	258014
25110002000	251403
25140002000	214702
25170002000	1421826
25200002000	177653
25230002000	315617
25260002000	233033
25290002000	99105
25320002000	375698
25350002000	250641
25380002000	272036
25410002000	411357
25440002000	177368
25470002000	261227
25500002000	142960
25530002000	301738
25560002000	194415
25590002000	266317
25620002000	199589
25650002000	350334
25680002000	362129
25710002000	173299
25740002000	143982
25770002000	193691
25800002000	271485
25830002000	169281
25860002000	339097
25890002000	264634
25920002000	339574
25950002000	232196
25980002000	300464
26010002000	270517
26040002000	201366
26070002000	266975
26100002000	137584
26130002000	256329
26160002000	214317
26190002000	372427
26220002000	558539
26250002000	283512
26280002000	364402
26310002000	90611
26340002000	199618
26370002000	101009
26400002000	309898
26430002000	382591
26460002000	367421
26490002000	402796
26520002000	331899
26550002000	295541
26580002000	357189
26610002000	220960
26640002000	306359
26670002000	246522
26700002000	319926
26730002000	285448
26760002000	315105
26790002000	385597
26820002000	387213
26850002000	270681
26880002000	220496
26910002000	305044
26940002000	326799
26970002000	269080
27000002000	343589
27030002000	216610
27060002000	301297
27090002000	434422
27120002000	430154
27150002000	207865
27180002000	293580
27210002000	363912
27240002000	101369
27270002000	465146
27300002000	393045
27330002000	198907
27360002000	291630
27390002000	207489
27420002000	432512
27450002000	210441
27480002000	325037
27510002000	226851
27540002000	427853
27570002000	223860
27600002000	286994
27630002000	389488
27660002000	230913
27690002000	270047
27720002000	323798
27750002000	343146
27780002000	408905
27810002000	354619
27840002000	405197
27870002000	409658
27900002000	103235
27930002000	221554
27960002000	243566
27990002000	366608
28020002000	416569
28050002000	1633414
28080002000	130294
28110002000	298980
28140002000	336710
28170002000	82776
28200002000	328429
28230002000	323463
28260002000	407819
28290002000	169363
28320002000	393780
28350002000	235058
28380002000	173248
28410002000	226600
28440002000	314477
28470002000	198774
28500002000	336865
28530002000	403316
28560002000	415953
28590002000	208697
28620002000	334003
28650002000	320234
28680002000	353832
28710002000	385685
28740002000	265856
28770002000	381262
28800002000	220506
28830002000	369547
28860002000	288360
28890002000	240425
28920002000	196848
28950002000	318255
28980002000	254892
29010002000	215699
29040002000	364591
29070002000	375529
29100002000	803368
29130002000	256172
29160002000	322693
29190002000	287197
29220002000	250093
29250002000	280401
29280002000	321869
29310002000	249329
29340002000	324148
29370002000	248299
29400002000	143284
29430002000	263542
29460002000	287620
29490002000	202780
29520002000	390616
29550002000	293754
29580002000	324445
29610002000	309213
29640002000	389742
29670002000	261310
29700002000	251478
29730002000	364732
29760002000	434040
29790002000	399123
29820002000	176425
29850002000	256506
29880002000	249991
29910002000	391604
29940002000	356531
29970002000	264030
